1671457260169,0,3406,2,0.003,-3.685,2.220,255,0,0,0,0
1671457260169,0,3406,3,0.003,0.000,2.220,255,0,0,0,0
1671457260169,0,3406,4,9.390,0.000,2.220,255,0,0,0,0
1671457260169,0,3406,6,4.398,-3.692,0.000,1,0.000,2,0.000,3,0.000,4,0.000,255,0,0,0,0
1671457260169,0,3406,1,9.390,-3.685,2.220,255,0,0,0,0
1671457260217,48,3454,6,4.398,-3.692,0.000,1,0.000,2,0.000,3,0.000,4,0.000,255,0,0,0,0
1671457260233,16,3470,6,4.400,-3.696,0.000,1,0.000,2,0.000,3,0.000,4,0.000,255,0,0,0,0
1671457260263,30,3500,6,4.400,-3.696,0.000,1,0.000,2,0.000,3,0.000,4,0.000,255,0,0,0,0
1671457260264,1,3501,6,4.400,-3.696,0.000,1,0.000,2,0.000,3,0.000,4,0.000,255,0,0,0,0
1671457260293,29,3530,6,4.400,-3.696,0.000,1,0.000,2,0.000,3,0.000,4,0.000,255,0,0,0,0
T2022_12_19__134100_334,user,1,C:\Users\vd_sa\Documents\KuLeuven\Master\thesis\Navigation\marvelmind_SW_2022_11_19\01_Common_Indoor_positioning_SW\Dashboard\windows\dashboard\maps\map_2022_12_19__1341_autosave.ini
1671457260399,106,3636,6,4.400,-3.696,0.000,1,0.000,2,0.000,3,0.000,4,0.000,255,0,0,0,0
1671457260435,36,3672,6,4.400,-3.696,0.000,1,0.000,2,0.000,3,0.000,4,0.000,255,0,0,0,0
1671457260481,46,3718,6,4.400,-3.696,0.000,1,0.000,2,0.000,3,0.000,4,0.000,255,0,0,0,0
1671457260512,31,3749,6,4.400,-3.696,0.000,1,0.000,2,0.000,3,0.000,4,0.000,255,0,0,0,0
1671457260512,0,3749,6,4.400,-3.696,0.000,1,0.000,2,0.000,3,0.000,4,0.000,255,0,0,0,0
1671457260546,34,3783,6,4.304,-3.688,0.000,1,0.000,2,0.000,3,0.000,4,0.000,255,0,0,0,0
1671457260655,109,3892,6,4.304,-3.688,0.000,1,0.000,2,0.000,3,0.000,4,0.000,255,0,0,0,0
1671457260801,146,4038,6,4.304,-3.688,0.000,1,0.000,2,0.000,3,0.000,4,0.000,255,0,0,0,0
1671457260847,46,4084,6,4.371,-3.692,0.000,1,4.891,2,4.094,3,5.509,4,5.998,255,0,0,0,0
1671457260893,46,4130,6,4.371,-3.692,0.000,1,4.891,2,4.094,3,5.509,4,5.998,255,0,0,0,0
1671457260893,0,4130,6,4.371,-3.692,0.000,1,4.891,2,4.094,3,5.509,4,5.998,255,0,0,0,0
T2022_12_19__134101_382,user,1,C:\Users\vd_sa\Documents\KuLeuven\Master\thesis\Navigation\marvelmind_SW_2022_11_19\01_Common_Indoor_positioning_SW\Dashboard\windows\dashboard\maps\map_2022_12_19__1341_autosave.ini
1671457261382,489,4619,6,4.299,-3.681,0.000,1,4.891,2,4.094,3,5.509,4,5.998,255,0,0,0,0
1671457261412,30,4649,6,4.346,-3.686,0.000,1,4.891,2,4.094,3,5.509,4,5.998,255,0,0,0,0
1671457261427,15,4664,6,4.346,-3.686,0.000,1,4.891,2,4.094,3,5.509,4,5.998,255,0,0,0,0
1671457261464,37,4701,6,4.395,-3.679,0.000,1,4.891,2,4.094,3,5.509,4,5.998,255,0,0,0,0
1671457261586,122,4823,6,4.395,-3.679,0.000,1,4.891,2,4.094,3,5.509,4,5.998,255,0,0,0,0
1671457261586,0,4823,6,4.331,-3.513,0.000,1,4.891,2,4.094,3,5.509,4,5.998,255,0,0,0,0
1671457261910,324,5147,6,4.331,-3.513,0.000,1,4.891,2,4.094,3,5.509,4,5.998,255,0,0,0,0
1671457262500,590,5737,6,4.331,-3.513,0.000,1,4.891,2,4.094,3,5.509,4,5.998,255,0,0,0,0
1671457262637,137,5874,6,4.331,-3.513,0.000,1,4.886,2,4.099,3,5.506,4,5.998,255,0,0,0,0
1671457262802,165,6039,6,4.331,-3.513,0.000,1,4.886,2,4.099,3,5.506,4,5.998,255,0,0,0,0
1671457262802,0,6039,6,4.331,-3.513,0.000,1,4.886,2,4.099,3,5.506,4,5.998,255,0,0,0,0
1671457262833,31,6070,6,4.331,-3.513,0.000,1,4.886,2,4.099,3,5.506,4,5.998,255,0,0,0,0
1671457262909,76,6146,6,4.331,-3.513,0.000,1,4.886,2,4.099,3,5.506,4,5.998,255,0,0,0,0
1671457262939,30,6176,6,4.331,-3.513,0.000,1,4.886,2,4.099,3,5.506,4,5.998,255,0,0,0,0
1671457263282,343,6519,6,4.331,-3.513,0.000,1,4.886,2,4.099,3,5.506,4,5.998,255,0,0,0,0
1671457263326,44,6563,6,4.331,-3.513,0.000,1,4.886,2,4.099,3,5.506,4,5.998,255,0,0,0,0
1671457263326,0,6563,6,4.331,-3.513,0.000,1,4.886,2,4.099,3,5.506,4,5.998,255,0,0,0,0
1671457263349,23,6586,6,4.331,-3.513,0.000,1,4.886,2,4.099,3,5.506,4,5.998,255,0,0,0,0
1671457263602,253,6839,6,4.331,-3.513,0.000,1,4.886,2,4.099,3,5.506,4,5.998,255,0,0,0,0
1671457263656,54,6893,6,4.331,-3.513,0.000,1,4.886,2,4.099,3,5.506,4,5.998,255,0,0,0,0
1671457263683,27,6920,6,4.331,-3.513,0.000,1,4.886,2,4.099,3,5.506,4,5.998,255,0,0,0,0
1671457263714,31,6951,6,4.331,-3.513,0.000,1,4.886,2,4.099,3,5.506,4,5.998,255,0,0,0,0
1671457263714,0,6951,6,4.331,-3.513,0.000,1,4.886,2,4.099,3,5.506,4,5.998,255,0,0,0,0
1671457263729,15,6966,6,4.331,-3.513,0.000,1,4.886,2,4.099,3,5.506,4,5.998,255,0,0,0,0
1671457263790,61,7027,6,4.331,-3.513,0.000,1,4.886,2,4.099,3,5.506,4,5.998,255,0,0,0,0
1671457263819,29,7056,6,4.331,-3.513,0.000,1,4.886,2,4.099,3,5.506,4,5.998,255,0,0,0,0
1671457263858,39,7095,6,4.331,-3.513,0.000,1,4.886,2,4.099,3,5.506,4,5.998,255,0,0,0,0
1671457263912,54,7149,6,4.331,-3.513,0.000,1,4.886,2,4.099,3,5.506,4,5.998,255,0,0,0,0
1671457263912,0,7149,6,4.331,-3.513,0.000,1,4.886,2,4.099,3,5.506,4,5.998,255,0,0,0,0
1671457263958,46,7195,6,4.331,-3.513,0.000,1,4.886,2,4.099,3,5.506,4,5.998,255,0,0,0,0
1671457263989,31,7226,6,4.331,-3.513,0.000,1,4.886,2,4.099,3,5.506,4,5.998,255,0,0,0,0
1671457264019,30,7256,6,4.331,-3.513,0.000,1,4.886,2,4.099,3,5.506,4,5.998,255,0,0,0,0
1671457264048,29,7285,6,4.331,-3.513,0.000,1,4.886,2,4.099,3,5.506,4,5.998,255,0,0,0,0
1671457264093,45,7330,6,4.331,-3.513,0.000,1,4.886,2,4.099,3,5.506,4,5.998,255,0,0,0,0
1671457264093,0,7330,6,4.331,-3.513,0.000,1,4.886,2,4.099,3,5.506,4,5.998,255,0,0,0,0
1671457264126,33,7363,6,4.331,-3.513,0.000,1,4.886,2,4.099,3,5.506,4,5.998,255,0,0,0,0
1671457264217,91,7454,6,4.331,-3.513,0.000,1,4.886,2,4.099,3,5.506,4,5.998,255,0,0,0,0
1671457264248,31,7485,6,4.331,-3.513,0.000,1,4.886,2,4.099,3,5.506,4,5.998,255,0,0,0,0
1671457264278,30,7515,6,4.331,-3.513,0.000,1,4.886,2,4.099,3,5.506,4,5.998,255,0,0,0,0
1671457264278,0,7515,6,4.331,-3.513,0.000,1,4.886,2,4.099,3,5.506,4,5.998,255,0,0,0,0
1671457264339,61,7576,6,4.330,-3.510,0.000,1,4.886,2,4.099,3,5.506,4,5.998,255,0,0,0,0
1671457264370,31,7607,6,4.327,-3.504,0.000,1,4.886,2,4.099,3,5.506,4,5.998,255,0,0,0,0
1671457264386,16,7623,6,4.327,-3.503,0.000,1,4.886,2,4.099,3,5.506,4,5.998,255,0,0,0,0
1671457264417,31,7654,6,4.327,-3.503,0.000,1,4.886,2,4.099,3,5.506,4,5.998,255,0,0,0,0
1671457264477,60,7714,6,4.326,-3.501,0.000,1,4.886,2,4.099,3,5.506,4,5.998,255,0,0,0,0
1671457264477,0,7714,6,4.325,-3.497,0.000,1,4.886,2,4.099,3,5.506,4,5.998,255,0,0,0,0
1671457264528,51,7765,6,4.321,-3.488,0.000,1,4.886,2,4.099,3,5.506,4,5.998,255,0,0,0,0
1671457264553,25,7790,6,4.321,-3.487,0.000,1,4.886,2,4.099,3,5.506,4,5.998,255,0,0,0,0
1671457264585,32,7822,6,4.321,-3.487,0.000,1,4.886,2,4.099,3,5.506,4,5.998,255,0,0,0,0
1671457264638,53,7875,6,4.321,-3.487,0.000,1,4.886,2,4.099,3,5.506,4,5.998,255,0,0,0,0
1671457264661,23,7898,6,4.320,-3.486,0.000,1,4.886,2,4.099,3,5.506,4,5.998,255,0,0,0,0
1671457264661,0,7898,6,4.320,-3.486,0.000,1,4.886,2,4.099,3,5.506,4,5.998,255,0,0,0,0
1671457264691,30,7928,6,4.320,-3.486,0.000,1,4.886,2,4.099,3,5.506,4,5.998,255,0,0,0,0
1671457264744,53,7981,6,4.320,-3.485,0.000,1,4.886,2,4.099,3,5.506,4,5.998,255,0,0,0,0
1671457264768,24,8005,6,4.320,-3.485,0.000,1,4.886,2,4.099,3,5.506,4,5.998,255,0,0,0,0
1671457264813,45,8050,6,4.320,-3.485,0.000,1,4.886,2,4.099,3,5.506,4,5.998,255,0,0,0,0
1671457264828,15,8065,6,4.320,-3.485,0.000,1,4.886,2,4.099,3,5.506,4,5.998,255,0,0,0,0
1671457264828,0,8065,6,4.320,-3.485,0.000,1,4.886,2,4.099,3,5.506,4,5.998,255,0,0,0,0
1671457264888,60,8125,6,4.320,-3.485,0.000,1,4.886,2,4.099,3,5.506,4,5.998,255,0,0,0,0
1671457264934,46,8171,6,4.320,-3.485,0.000,1,4.886,2,4.099,3,5.506,4,5.998,255,0,0,0,0
1671457264967,33,8204,6,4.320,-3.485,0.000,1,4.886,2,4.099,3,5.506,4,5.998,255,0,0,0,0
1671457265024,57,8261,6,4.320,-3.485,0.000,1,4.886,2,4.099,3,5.506,4,5.998,255,0,0,0,0
1671457265040,16,8277,6,4.320,-3.485,0.000,1,4.886,2,4.099,3,5.506,4,5.998,255,0,0,0,0
1671457265040,0,8277,6,4.320,-3.485,0.000,1,4.886,2,4.099,3,5.506,4,5.998,255,0,0,0,0
1671457265074,34,8311,6,4.320,-3.485,0.000,1,4.886,2,4.099,3,5.506,4,5.998,255,0,0,0,0
1671457265132,58,8369,6,4.320,-3.485,0.000,1,4.886,2,4.099,3,5.506,4,5.998,255,0,0,0,0
1671457265181,49,8418,6,4.320,-3.485,0.000,1,4.886,2,4.099,3,5.506,4,5.998,255,0,0,0,0
1671457265207,26,8444,6,4.320,-3.485,0.000,1,4.883,2,4.099,3,5.934,4,5.998,255,0,0,0,0
1671457265238,31,8475,6,4.320,-3.485,0.000,1,4.883,2,4.099,3,5.934,4,5.998,255,0,0,0,0
1671457265238,0,8475,6,4.320,-3.485,0.000,1,4.883,2,4.099,3,5.934,4,5.998,255,0,0,0,0
1671457265291,53,8528,6,4.320,-3.485,0.000,1,4.883,2,4.099,3,5.934,4,5.998,255,0,0,0,0
1671457265318,27,8555,6,4.320,-3.485,0.000,1,4.883,2,4.099,3,5.934,4,5.998,255,0,0,0,0
1671457265359,41,8596,6,4.320,-3.485,0.000,1,4.883,2,4.097,3,5.937,4,5.998,255,0,0,0,0
1671457265424,65,8661,6,4.320,-3.485,0.000,1,4.883,2,4.097,3,5.937,4,5.998,255,0,0,0,0
1671457265455,31,8692,6,4.320,-3.485,0.000,1,4.886,2,4.094,3,5.937,4,5.998,255,0,0,0,0
1671457265455,0,8692,6,4.320,-3.485,0.000,1,4.886,2,4.094,3,5.937,4,5.998,255,0,0,0,0
1671457265485,30,8722,6,4.320,-3.485,0.000,1,4.886,2,4.094,3,5.931,4,5.998,255,0,0,0,0
1671457265531,46,8768,6,4.320,-3.485,0.000,1,4.886,2,4.094,3,5.931,4,5.998,255,0,0,0,0
1671457265608,77,8845,6,4.320,-3.485,0.000,1,4.886,2,4.094,3,5.931,4,5.998,255,0,0,0,0
1671457265670,62,8907,6,4.320,-3.485,0.000,1,4.880,2,4.099,3,5.937,4,5.995,255,0,0,0,0
1671457265701,31,8938,6,4.320,-3.485,0.000,1,4.880,2,4.099,3,5.937,4,5.995,255,0,0,0,0
1671457265702,1,8939,6,4.320,-3.485,0.000,1,4.880,2,4.099,3,5.937,4,5.995,255,0,0,0,0
1671457265777,75,9014,6,4.320,-3.485,0.000,1,4.891,2,4.099,3,5.937,4,5.998,255,0,0,0,0
1671457265798,21,9035,6,4.320,-3.485,0.000,1,4.891,2,4.099,3,5.937,4,5.998,255,0,0,0,0
1671457265838,40,9075,6,4.320,-3.485,0.000,1,4.883,2,4.094,3,5.940,4,5.998,255,0,0,0,0
1671457265899,61,9136,6,4.320,-3.485,0.000,1,4.883,2,4.094,3,5.940,4,5.998,255,0,0,0,0
1671457265914,15,9151,6,4.320,-3.485,0.000,1,4.883,2,4.094,3,5.940,4,5.998,255,0,0,0,0
1671457265914,0,9151,6,4.320,-3.485,0.000,1,4.883,2,4.094,3,5.940,4,5.998,255,0,0,0,0
1671457265958,44,9195,6,4.320,-3.485,0.000,1,4.883,2,4.094,3,5.940,4,5.998,255,0,0,0,0
1671457266018,60,9255,6,4.320,-3.485,0.000,1,4.875,2,4.083,3,5.953,4,6.014,255,0,0,0,0
1671457266036,18,9273,6,4.320,-3.476,0.000,1,4.875,2,4.083,3,5.953,4,6.014,255,0,0,0,0
1671457266111,75,9348,6,4.321,-3.463,0.000,1,4.875,2,4.083,3,5.953,4,6.014,255,0,0,0,0
1671457266142,31,9379,6,4.321,-3.460,0.000,1,4.883,2,4.094,3,5.937,4,5.995,255,0,0,0,0
1671457266142,0,9379,6,4.321,-3.462,0.000,1,4.883,2,4.094,3,5.937,4,5.995,255,0,0,0,0
1671457266171,29,9408,6,4.319,-3.522,0.000,1,4.883,2,4.094,3,5.937,4,5.995,255,0,0,0,0
1671457266249,78,9486,6,4.319,-3.522,0.000,1,4.883,2,4.094,3,5.937,4,5.995,255,0,0,0,0
1671457266310,61,9547,6,4.319,-3.522,0.000,1,4.880,2,4.091,3,5.931,4,5.995,255,0,0,0,0
1671457266341,31,9578,6,4.319,-3.522,0.000,1,4.894,2,4.091,3,5.934,4,5.995,255,0,0,0,0
1671457266402,61,9639,6,4.319,-3.522,0.000,1,4.894,2,4.091,3,5.934,4,5.995,255,0,0,0,0
1671457266402,0,9639,6,4.319,-3.522,0.000,1,4.894,2,4.091,3,5.934,4,5.995,255,0,0,0,0
1671457266432,30,9669,6,4.319,-3.522,0.000,1,4.894,2,4.091,3,5.934,4,5.995,255,0,0,0,0
1671457266462,30,9699,6,4.319,-3.522,0.000,1,4.894,2,4.091,3,5.931,4,5.995,255,0,0,0,0
1671457266522,60,9759,6,4.319,-3.522,0.000,1,4.894,2,4.091,3,5.931,4,5.995,255,0,0,0,0
1671457266554,32,9791,6,4.319,-3.522,0.000,1,4.894,2,4.091,3,5.931,4,5.995,255,0,0,0,0
1671457266569,15,9806,6,4.319,-3.522,0.000,1,4.891,2,4.091,3,5.931,4,5.995,255,0,0,0,0
1671457266569,0,9806,6,4.319,-3.522,0.000,1,4.891,2,4.091,3,5.931,4,5.995,255,0,0,0,0
1671457266614,45,9851,6,4.319,-3.522,0.000,1,4.891,2,4.091,3,5.931,4,5.995,255,0,0,0,0
1671457266670,56,9907,6,4.319,-3.522,0.000,1,4.891,2,4.091,3,5.931,4,5.995,255,0,0,0,0
1671457266716,46,9953,6,4.319,-3.522,0.000,1,4.886,2,4.091,3,5.923,4,5.995,255,0,0,0,0
1671457266736,20,9973,6,4.319,-3.522,0.000,1,4.886,2,4.091,3,5.503,4,5.995,255,0,0,0,0
1671457266767,31,10004,6,4.319,-3.522,0.000,1,4.886,2,4.091,3,5.503,4,5.995,255,0,0,0,0
1671457266767,0,10004,6,4.319,-3.522,0.000,1,4.886,2,4.091,3,5.503,4,5.995,255,0,0,0,0
1671457266812,45,10049,6,4.319,-3.522,0.000,1,4.886,2,4.091,3,5.503,4,5.995,255,0,0,0,0
1671457266843,31,10080,6,4.319,-3.522,0.000,1,4.891,2,4.099,3,5.926,4,5.995,255,0,0,0,0
1671457266904,61,10141,6,4.319,-3.522,0.000,1,4.891,2,4.099,3,5.926,4,5.995,255,0,0,0,0
1671457266934,30,10171,6,4.391,-3.670,0.000,1,4.891,2,4.099,3,5.926,4,5.995,255,0,0,0,0
1671457266995,61,10232,6,4.391,-3.670,0.000,1,4.894,2,4.099,3,5.931,4,5.995,255,0,0,0,0
1671457266995,0,10232,6,4.391,-3.670,0.000,1,4.894,2,4.099,3,5.931,4,5.995,255,0,0,0,0
1671457267010,15,10247,6,4.391,-3.670,0.000,1,4.894,2,4.099,3,5.931,4,5.995,255,0,0,0,0
1671457267072,62,10309,6,4.391,-3.670,0.000,1,4.894,2,4.099,3,5.931,4,5.995,255,0,0,0,0
1671457267112,40,10349,6,4.391,-3.670,0.000,1,4.883,2,4.099,3,5.929,4,5.995,255,0,0,0,0
1671457267134,22,10371,6,4.391,-3.670,0.000,1,4.883,2,4.099,3,5.929,4,5.995,255,0,0,0,0
1671457267196,62,10433,6,4.391,-3.670,0.000,1,4.883,2,4.099,3,5.929,4,5.995,255,0,0,0,0
1671457267196,0,10433,6,4.391,-3.670,0.000,1,4.883,2,4.099,3,5.929,4,5.995,255,0,0,0,0
1671457267242,46,10479,6,4.391,-3.670,0.000,1,4.886,2,4.105,3,5.929,4,5.998,255,0,0,0,0
1671457267272,30,10509,6,4.391,-3.670,0.000,1,4.886,2,4.105,3,5.929,4,5.998,255,0,0,0,0
1671457267302,30,10539,6,4.391,-3.670,0.000,1,4.886,2,4.105,3,5.929,4,5.998,255,0,0,0,0
1671457267333,31,10570,6,4.391,-3.670,0.000,1,4.886,2,4.105,3,5.929,4,5.998,255,0,0,0,0
1671457267372,39,10609,6,4.391,-3.670,0.000,1,4.886,2,4.113,3,5.934,4,5.995,255,0,0,0,0
1671457267372,0,10609,6,4.391,-3.670,0.000,1,4.886,2,4.113,3,5.934,4,5.995,255,0,0,0,0
1671457267394,22,10631,6,4.391,-3.670,0.000,1,4.886,2,4.113,3,5.934,4,5.995,255,0,0,0,0
1671457267424,30,10661,6,4.391,-3.670,0.000,1,4.886,2,4.113,3,5.934,4,5.995,255,0,0,0,0
1671457267501,77,10738,6,4.391,-3.670,0.000,1,4.886,2,4.113,3,5.934,4,5.995,255,0,0,0,0
1671457267531,30,10768,6,4.391,-3.670,0.000,1,4.894,2,4.108,3,5.934,4,5.998,255,0,0,0,0
1671457267593,62,10830,6,4.391,-3.670,0.000,1,4.894,2,4.108,3,5.934,4,5.998,255,0,0,0,0
1671457267593,0,10830,6,4.335,-3.504,0.000,1,4.894,2,4.108,3,5.934,4,5.998,255,0,0,0,0
1671457267623,30,10860,6,4.335,-3.504,0.000,1,4.894,2,4.108,3,5.934,4,5.998,255,0,0,0,0
1671457267654,31,10891,6,4.335,-3.504,0.000,1,4.894,2,4.108,3,5.934,4,5.998,255,0,0,0,0
1671457267669,15,10906,6,4.335,-3.504,0.000,1,4.894,2,4.108,3,5.934,4,5.998,255,0,0,0,0
1671457267701,32,10938,6,4.335,-3.504,0.000,1,4.894,2,4.108,3,5.934,4,5.998,255,0,0,0,0
1671457267769,68,11006,6,4.335,-3.504,0.000,1,4.894,2,4.108,3,5.934,4,5.998,255,0,0,0,0
1671457267769,0,11006,6,4.335,-3.504,0.000,1,4.894,2,4.108,3,5.934,4,5.998,255,0,0,0,0
1671457267809,40,11046,6,4.335,-3.504,0.000,1,4.883,2,4.113,3,5.934,4,5.995,255,0,0,0,0
1671457267839,30,11076,6,4.335,-3.504,0.000,1,4.886,2,4.108,3,5.937,4,5.995,255,0,0,0,0
1671457267885,46,11122,6,4.335,-3.504,0.000,1,4.886,2,4.108,3,5.937,4,5.995,255,0,0,0,0
1671457267918,33,11155,6,4.335,-3.504,0.000,1,4.886,2,4.108,3,5.937,4,5.995,255,0,0,0,0
1671457267991,73,11228,6,4.335,-3.504,0.000,1,4.886,2,4.108,3,5.937,4,5.995,255,0,0,0,0
1671457267991,0,11228,6,4.335,-3.504,0.000,1,4.886,2,4.108,3,5.937,4,5.995,255,0,0,0,0
1671457268053,62,11290,6,4.335,-3.504,0.000,1,4.894,2,4.108,3,5.937,4,5.995,255,0,0,0,0
1671457268083,30,11320,6,4.335,-3.504,0.000,1,4.894,2,4.102,3,5.937,4,5.995,255,0,0,0,0
1671457268114,31,11351,6,4.335,-3.504,0.000,1,4.894,2,4.102,3,5.934,4,5.998,255,0,0,0,0
1671457268176,62,11413,6,4.335,-3.504,0.000,1,4.894,2,4.102,3,5.934,4,5.998,255,0,0,0,0
1671457268205,29,11442,6,4.335,-3.504,0.000,1,4.894,2,4.102,3,5.934,4,5.998,255,0,0,0,0
1671457268205,0,11442,6,4.335,-3.504,0.000,1,4.894,2,4.102,3,5.934,4,5.998,255,0,0,0,0
1671457268220,15,11457,6,4.335,-3.504,0.000,1,4.886,2,4.102,3,5.931,4,5.998,255,0,0,0,0
1671457268282,62,11519,6,4.335,-3.504,0.000,1,4.886,2,4.102,3,5.931,4,5.998,255,0,0,0,0
1671457268312,30,11549,6,4.335,-3.504,0.000,1,4.886,2,4.102,3,5.931,4,5.998,255,0,0,0,0
1671457268327,15,11564,6,4.335,-3.504,0.000,1,4.894,2,4.083,3,5.503,4,5.998,255,0,0,0,0
1671457268372,45,11609,6,4.335,-3.504,0.000,1,4.894,2,4.083,3,5.503,4,5.998,255,0,0,0,0
1671457268372,0,11609,6,4.335,-3.504,0.000,1,4.894,2,4.083,3,5.503,4,5.998,255,0,0,0,0
1671457268434,62,11671,6,4.335,-3.504,0.000,1,4.894,2,4.083,3,5.503,4,5.998,255,0,0,0,0
1671457268496,62,11733,6,4.335,-3.504,0.000,1,4.883,2,4.113,3,5.509,4,5.998,255,0,0,0,0
1671457268527,31,11764,6,4.335,-3.504,0.000,1,4.883,2,4.113,3,5.509,4,5.995,255,0,0,0,0
1671457268575,48,11812,6,4.335,-3.504,0.000,1,4.883,2,4.113,3,5.509,4,5.995,255,0,0,0,0
1671457268619,44,11856,6,4.335,-3.504,0.000,1,4.886,2,4.113,3,5.503,4,5.995,255,0,0,0,0
1671457268619,0,11856,6,4.322,-3.481,0.000,1,4.886,2,4.113,3,5.503,4,5.995,255,0,0,0,0
1671457268642,23,11879,6,4.322,-3.481,0.000,1,4.886,2,4.113,3,5.503,4,5.995,255,0,0,0,0
1671457268682,40,11919,6,4.327,-3.452,0.000,1,4.886,2,4.113,3,5.503,4,5.995,255,0,0,0,0
1671457268711,29,11948,6,4.327,-3.452,0.000,1,4.867,2,4.108,3,5.503,4,5.995,255,0,0,0,0
1671457268740,29,11977,6,4.327,-3.452,0.000,1,4.867,2,4.108,3,5.503,4,5.995,255,0,0,0,0
1671457268771,31,12008,6,4.327,-3.452,0.000,1,4.867,2,4.108,3,5.503,4,5.995,255,0,0,0,0
1671457268771,0,12008,6,4.338,-3.572,0.000,1,4.867,2,4.108,3,5.503,4,5.995,255,0,0,0,0
1671457268801,30,12038,6,4.338,-3.572,0.000,1,4.867,2,4.108,3,5.503,4,5.995,255,0,0,0,0
1671457268892,91,12129,6,4.338,-3.572,0.000,1,4.867,2,4.108,3,5.503,4,5.995,255,0,0,0,0
1671457268924,32,12161,6,4.338,-3.572,0.000,1,4.867,2,4.108,3,5.503,4,5.995,255,0,0,0,0
1671457269012,88,12249,6,4.392,-3.658,0.000,1,4.886,2,4.102,3,5.506,4,5.998,255,0,0,0,0
1671457269062,50,12299,6,4.392,-3.658,0.000,1,4.886,2,4.094,3,5.500,4,5.998,255,0,0,0,0
1671457269062,0,12299,6,4.392,-3.658,0.000,1,4.886,2,4.094,3,5.500,4,5.998,255,0,0,0,0
1671457269093,31,12330,6,4.316,-3.467,0.000,1,4.894,2,4.091,3,5.503,4,5.998,255,0,0,0,0
1671457269154,61,12391,6,4.316,-3.467,0.000,1,4.894,2,4.091,3,5.503,4,5.998,255,0,0,0,0
1671457269184,30,12421,6,4.316,-3.467,0.000,1,4.894,2,4.091,3,5.503,4,5.998,255,0,0,0,0
1671457269200,16,12437,6,4.373,-3.622,0.000,1,4.894,2,4.091,3,5.503,4,5.998,255,0,0,0,0
1671457269277,77,12514,6,4.373,-3.622,0.000,1,4.894,2,4.091,3,5.503,4,5.998,255,0,0,0,0
1671457269277,0,12514,6,4.373,-3.622,0.000,1,4.894,2,4.091,3,5.503,4,5.998,255,0,0,0,0
1671457269308,31,12545,6,4.399,-3.676,0.000,1,4.894,2,4.091,3,5.509,4,5.995,255,0,0,0,0
1671457269341,33,12578,6,4.399,-3.676,0.000,1,4.858,2,4.097,3,5.509,4,5.995,255,0,0,0,0
1671457269399,58,12636,6,4.399,-3.676,0.000,1,4.858,2,4.097,3,5.509,4,5.995,255,0,0,0,0
1671457269414,15,12651,6,4.357,-3.683,0.000,1,4.858,2,4.097,3,5.509,4,5.995,255,0,0,0,0
1671457269450,36,12687,6,4.357,-3.683,0.000,1,4.858,2,4.097,3,5.509,4,5.995,255,0,0,0,0
1671457269450,0,12687,6,4.357,-3.683,0.000,1,4.858,2,4.097,3,5.509,4,5.995,255,0,0,0,0
1671457269514,64,12751,6,4.357,-3.683,0.000,1,4.858,2,4.097,3,5.509,4,5.995,255,0,0,0,0
1671457269556,42,12793,6,4.404,-3.683,0.000,1,4.886,2,4.097,3,5.503,4,5.995,255,0,0,0,0
1671457269582,26,12819,6,4.404,-3.683,0.000,1,4.886,2,4.097,3,5.503,4,5.995,255,0,0,0,0
1671457269624,42,12861,6,4.404,-3.683,0.000,1,4.886,2,4.097,3,5.509,4,5.995,255,0,0,0,0
1671457269658,34,12895,6,4.404,-3.683,0.000,1,4.886,2,4.097,3,5.509,4,5.995,255,0,0,0,0
1671457269659,1,12896,6,4.366,-3.679,0.000,1,4.886,2,4.097,3,5.509,4,5.995,255,0,0,0,0
1671457269689,30,12926,6,4.366,-3.679,0.000,1,4.886,2,4.097,3,5.509,4,5.995,255,0,0,0,0
1671457269720,31,12957,6,4.366,-3.679,0.000,1,4.891,2,4.091,3,5.509,4,5.995,255,0,0,0,0
1671457269781,61,13018,6,4.366,-3.679,0.000,1,4.891,2,4.091,3,5.509,4,5.995,255,0,0,0,0
1671457269827,46,13064,6,4.403,-3.698,0.000,1,4.891,2,4.091,3,5.509,4,5.995,255,0,0,0,0
1671457269902,75,13139,6,4.403,-3.698,0.000,1,4.891,2,4.091,3,5.509,4,5.995,255,0,0,0,0
1671457269902,0,13139,6,4.403,-3.698,0.000,1,4.891,2,4.091,3,5.509,4,5.995,255,0,0,0,0
1671457269934,32,13171,6,4.403,-3.698,0.000,1,4.891,2,4.091,3,5.509,4,5.995,255,0,0,0,0
1671457269963,29,13200,6,4.324,-3.495,0.000,1,4.891,2,4.091,3,5.509,4,5.995,255,0,0,0,0
1671457270025,62,13262,6,4.324,-3.495,0.000,1,4.891,2,4.091,3,5.509,4,5.995,255,0,0,0,0
1671457270055,30,13292,6,4.400,-3.672,0.000,1,4.891,2,4.097,3,5.509,4,5.995,255,0,0,0,0
1671457270116,61,13353,6,4.400,-3.672,0.000,1,4.886,2,4.097,3,5.509,4,5.995,255,0,0,0,0
1671457270116,0,13353,6,4.400,-3.672,0.000,1,4.886,2,4.097,3,5.509,4,5.995,255,0,0,0,0
1671457270147,31,13384,6,4.400,-3.672,0.000,1,4.886,2,4.097,3,5.509,4,5.995,255,0,0,0,0
1671457270172,25,13409,2,0.003,-3.685,2.220,255,0,0,0,0
1671457270172,0,13409,3,0.003,0.000,2.220,255,0,0,0,0
1671457270172,0,13409,4,9.390,0.000,2.220,255,0,0,0,0
1671457270172,0,13409,6,4.360,-3.679,0.000,1,4.886,2,4.097,3,5.509,4,5.995,255,0,0,0,0
1671457270172,0,13409,1,9.390,-3.685,2.220,255,0,0,0,0
1671457270211,39,13448,6,4.360,-3.679,0.000,1,4.886,2,4.097,3,5.509,4,5.995,255,0,0,0,0
1671457270253,42,13490,6,4.360,-3.679,0.000,1,4.883,2,4.097,3,5.509,4,5.995,255,0,0,0,0
1671457270280,27,13517,6,4.360,-3.679,0.000,1,4.883,2,4.097,3,5.509,4,5.995,255,0,0,0,0
1671457270280,0,13517,6,4.384,-3.681,0.000,1,4.883,2,4.097,3,5.509,4,5.995,255,0,0,0,0
1671457270298,18,13535,6,4.384,-3.681,0.000,1,4.883,2,4.097,3,5.509,4,5.995,255,0,0,0,0
1671457270374,76,13611,6,4.384,-3.681,0.000,1,4.883,2,4.097,3,5.509,4,5.995,255,0,0,0,0
1671457270406,32,13643,6,4.384,-3.681,0.000,1,4.894,2,4.094,3,5.514,4,5.992,255,0,0,0,0
1671457270464,58,13701,6,4.384,-3.681,0.000,1,4.894,2,4.094,3,5.514,4,5.992,255,0,0,0,0
1671457270494,30,13731,6,4.384,-3.681,0.000,1,4.891,2,4.088,3,5.506,4,5.995,255,0,0,0,0
1671457270494,0,13731,6,4.384,-3.681,0.000,1,4.891,2,4.088,3,5.506,4,5.995,255,0,0,0,0
1671457270509,15,13746,6,4.384,-3.681,0.000,1,4.891,2,4.088,3,5.506,4,5.995,255,0,0,0,0
1671457270546,37,13783,6,4.399,-3.690,0.000,1,4.891,2,4.088,3,5.506,4,5.995,255,0,0,0,0
1671457270616,70,13853,6,4.399,-3.690,0.000,1,4.891,2,4.088,3,5.506,4,5.995,255,0,0,0,0
1671457270677,61,13914,6,4.399,-3.690,0.000,1,4.891,2,4.091,3,5.506,4,5.995,255,0,0,0,0
1671457270708,31,13945,6,4.399,-3.690,0.000,1,4.891,2,4.091,3,5.506,4,5.995,255,0,0,0,0
1671457270708,0,13945,6,4.378,-3.688,0.000,1,4.891,2,4.091,3,5.506,4,5.995,255,0,0,0,0
1671457270785,77,14022,6,4.378,-3.688,0.000,1,4.886,2,4.094,3,5.509,4,5.995,255,0,0,0,0
1671457270816,31,14053,6,4.378,-3.688,0.000,1,4.886,2,4.094,3,5.509,4,5.995,255,0,0,0,0
1671457270875,59,14112,6,4.317,-3.684,0.000,1,4.886,2,4.091,3,5.509,4,5.995,255,0,0,0,0
1671457270936,61,14173,6,4.317,-3.684,0.000,1,4.886,2,4.091,3,5.509,4,5.995,255,0,0,0,0
1671457270953,17,14190,6,4.317,-3.684,0.000,1,4.886,2,4.091,3,5.514,4,5.995,255,0,0,0,0
1671457270954,1,14191,6,4.317,-3.626,0.000,1,4.886,2,4.091,3,5.514,4,5.995,255,0,0,0,0
1671457271029,75,14266,6,4.317,-3.626,0.000,1,4.886,2,4.091,3,5.514,4,5.995,255,0,0,0,0
1671457271059,30,14296,6,4.317,-3.626,0.000,1,4.886,2,4.091,3,5.514,4,5.995,255,0,0,0,0
1671457271097,38,14334,6,4.319,-3.489,0.000,1,4.886,2,4.085,3,5.514,4,5.995,255,0,0,0,0
1671457271151,54,14388,6,4.319,-3.489,0.000,1,4.886,2,4.085,3,5.514,4,5.995,255,0,0,0,0
1671457271201,50,14438,6,4.319,-3.489,0.000,1,4.886,2,4.085,3,5.503,4,5.995,255,0,0,0,0
1671457271201,0,14438,6,4.335,-3.585,0.000,1,4.886,2,4.085,3,5.503,4,5.995,255,0,0,0,0
1671457271243,42,14480,6,4.335,-3.585,0.000,1,4.883,2,4.091,3,5.506,4,5.995,255,0,0,0,0
1671457271268,25,14505,6,4.335,-3.585,0.000,1,4.883,2,4.091,3,5.506,4,5.995,255,0,0,0,0
1671457271319,51,14556,6,4.317,-3.679,0.000,1,4.883,2,4.091,3,5.506,4,5.995,255,0,0,0,0
1671457271366,47,14603,6,4.317,-3.679,0.000,1,4.886,2,4.091,3,5.506,4,5.995,255,0,0,0,0
1671457271381,15,14618,6,4.317,-3.679,0.000,1,4.886,2,4.091,3,6.003,4,5.995,255,0,0,0,0
1671457271381,0,14618,6,4.317,-3.679,0.000,1,4.886,2,4.091,3,6.003,4,5.995,255,0,0,0,0
1671457271443,62,14680,6,4.317,-3.686,0.000,1,4.886,2,4.091,3,6.003,4,5.995,255,0,0,0,0
1671457271474,31,14711,6,4.317,-3.686,0.000,1,4.886,2,4.094,3,5.503,4,5.995,255,0,0,0,0
1671457271505,31,14742,6,4.317,-3.686,0.000,1,4.886,2,4.094,3,5.503,4,5.995,255,0,0,0,0
1671457271566,61,14803,6,4.317,-3.686,0.000,1,4.886,2,4.094,3,5.503,4,5.995,255,0,0,0,0
1671457271593,27,14830,6,4.317,-3.686,0.000,1,4.883,2,4.094,3,5.500,4,5.995,255,0,0,0,0
1671457271593,0,14830,6,4.317,-3.686,0.000,1,4.883,2,4.094,3,5.500,4,5.995,255,0,0,0,0
1671457271636,43,14873,6,4.317,-3.686,0.000,1,4.883,2,4.094,3,5.500,4,5.995,255,0,0,0,0
1671457271658,22,14895,6,4.317,-3.686,0.000,1,4.883,2,4.094,3,5.500,4,5.995,255,0,0,0,0
1671457271718,60,14955,6,4.386,-3.677,0.000,1,4.883,2,4.094,3,5.500,4,5.995,255,0,0,0,0
1671457271779,61,15016,6,4.386,-3.677,0.000,1,4.883,2,4.094,3,5.506,4,5.995,255,0,0,0,0
1671457271811,32,15048,6,4.386,-3.677,0.000,1,4.883,2,4.094,3,5.506,4,5.995,255,0,0,0,0
1671457271811,0,15048,6,4.386,-3.677,0.000,1,4.883,2,4.094,3,5.506,4,5.995,255,0,0,0,0
1671457271901,90,15138,6,4.396,-3.679,0.000,1,4.878,2,4.094,3,5.506,4,5.995,255,0,0,0,0
1671457271932,31,15169,6,4.396,-3.679,0.000,1,4.878,2,4.094,3,5.506,4,5.995,255,0,0,0,0
1671457272008,76,15245,6,4.325,-3.494,0.000,1,4.883,2,4.094,3,5.506,4,5.995,255,0,0,0,0
1671457272031,23,15268,6,4.325,-3.494,0.000,1,4.883,2,4.094,3,5.506,4,5.995,255,0,0,0,0
1671457272039,8,15276,6,4.325,-3.494,0.000,1,4.883,2,4.094,3,5.506,4,5.995,255,0,0,0,0
1671457272039,0,15276,6,4.344,-3.542,0.000,1,4.883,2,4.094,3,5.506,4,5.995,255,0,0,0,0
1671457272116,77,15353,6,4.344,-3.542,0.000,1,4.883,2,4.094,3,5.506,4,5.995,255,0,0,0,0
1671457272142,26,15379,6,4.344,-3.542,0.000,1,4.886,2,4.094,3,5.500,4,5.995,255,0,0,0,0
1671457272162,20,15399,6,4.342,-3.538,0.000,1,4.886,2,4.094,3,5.500,4,5.995,255,0,0,0,0
1671457272241,79,15478,6,4.342,-3.538,0.000,1,4.886,2,4.094,3,5.500,4,5.995,255,0,0,0,0
1671457272291,50,15528,6,4.342,-3.538,0.000,1,4.878,2,4.099,3,5.498,4,5.995,255,0,0,0,0
1671457272291,0,15528,6,4.342,-3.538,0.000,1,4.878,2,4.099,3,5.498,4,5.995,255,0,0,0,0
1671457272318,27,15555,6,4.397,-3.658,0.000,1,4.878,2,4.099,3,5.498,4,5.995,255,0,0,0,0
1671457272347,29,15584,6,4.397,-3.658,0.000,1,4.883,2,4.094,3,5.500,4,5.995,255,0,0,0,0
1671457272408,61,15645,6,4.397,-3.658,0.000,1,4.883,2,4.094,3,5.500,4,5.995,255,0,0,0,0
1671457272438,30,15675,6,4.357,-3.664,0.000,1,4.883,2,4.094,3,5.500,4,5.995,255,0,0,0,0
1671457272466,28,15703,6,4.357,-3.664,0.000,1,4.883,2,4.094,3,5.998,4,5.995,255,0,0,0,0
1671457272466,0,15703,6,4.357,-3.664,0.000,1,4.883,2,4.094,3,5.998,4,5.995,255,0,0,0,0
1671457272511,45,15748,6,4.357,-3.664,0.000,1,4.883,2,4.094,3,5.998,4,5.995,255,0,0,0,0
1671457272562,51,15799,6,4.389,-3.672,0.000,1,4.883,2,4.094,3,5.998,4,5.995,255,0,0,0,0
1671457272593,31,15830,6,4.389,-3.672,0.000,1,4.883,2,4.088,3,5.998,4,5.995,255,0,0,0,0
1671457272623,30,15860,6,4.389,-3.672,0.000,1,4.883,2,4.088,3,6.014,4,5.995,255,0,0,0,0
1671457272685,62,15922,6,4.389,-3.672,0.000,1,4.883,2,4.088,3,6.014,4,5.995,255,0,0,0,0
1671457272685,0,15922,6,4.389,-3.672,0.000,1,4.883,2,4.088,3,6.014,4,5.995,255,0,0,0,0
1671457272701,16,15938,6,4.389,-3.672,0.000,1,4.883,2,4.091,3,6.014,4,5.995,255,0,0,0,0
1671457272746,45,15983,6,4.389,-3.672,0.000,1,4.883,2,4.091,3,6.014,4,5.995,255,0,0,0,0
1671457272807,61,16044,6,4.389,-3.672,0.000,1,4.883,2,4.091,3,6.014,4,5.995,255,0,0,0,0
1671457272899,92,16136,6,4.389,-3.672,0.000,1,4.886,2,4.091,3,5.495,4,5.995,255,0,0,0,0
1671457272914,15,16151,6,4.389,-3.672,0.000,1,4.886,2,4.091,3,5.495,4,5.995,255,0,0,0,0
1671457272914,0,16151,6,4.389,-3.672,0.000,1,4.886,2,4.091,3,5.495,4,5.995,255,0,0,0,0
1671457273006,92,16243,6,4.389,-3.672,0.000,1,4.886,2,4.094,3,6.006,4,5.995,255,0,0,0,0
1671457273059,53,16296,6,4.333,-3.543,0.000,1,4.883,2,4.094,3,5.481,4,5.995,255,0,0,0,0
1671457273083,24,16320,6,4.319,-3.485,0.000,1,4.883,2,4.094,3,5.481,4,5.995,255,0,0,0,0
1671457273127,44,16364,6,4.319,-3.485,0.000,1,4.883,2,4.091,3,5.998,4,5.995,255,0,0,0,0
1671457273144,17,16381,6,4.319,-3.485,0.000,1,4.883,2,4.091,3,5.998,4,5.995,255,0,0,0,0
1671457273144,0,16381,6,4.319,-3.485,0.000,1,4.883,2,4.091,3,5.998,4,5.995,255,0,0,0,0
1671457273205,61,16442,6,4.319,-3.480,0.000,1,4.883,2,4.091,3,5.998,4,5.995,255,0,0,0,0
1671457273251,46,16488,6,4.319,-3.480,0.000,1,4.880,2,4.091,3,5.514,4,5.995,255,0,0,0,0
1671457273296,45,16533,6,4.319,-3.480,0.000,1,4.880,2,4.091,3,5.514,4,5.995,255,0,0,0,0
1671457273374,78,16611,6,4.319,-3.480,0.000,1,4.880,2,4.091,3,5.514,4,5.995,255,0,0,0,0
1671457273437,63,16674,6,4.319,-3.480,0.000,1,4.880,2,4.094,3,5.514,4,5.995,255,0,0,0,0
1671457273437,0,16674,6,4.319,-3.480,0.000,1,4.880,2,4.094,3,5.514,4,5.995,255,0,0,0,0
1671457273466,29,16703,6,4.319,-3.480,0.000,1,4.869,2,4.091,3,5.514,4,5.995,255,0,0,0,0
1671457273529,63,16766,6,4.398,-3.686,0.000,1,4.869,2,4.091,3,5.951,4,5.995,255,0,0,0,0
1671457273560,31,16797,6,4.398,-3.686,0.000,1,4.869,2,4.091,3,5.951,4,5.995,255,0,0,0,0
1671457273576,16,16813,6,4.401,-3.691,0.000,1,4.883,2,4.097,3,5.951,4,5.995,255,0,0,0,0
1671457273651,75,16888,6,4.401,-3.691,0.000,1,4.883,2,4.097,3,5.951,4,5.995,255,0,0,0,0
1671457273651,0,16888,6,4.401,-3.691,0.000,1,4.883,2,4.097,3,5.951,4,5.995,255,0,0,0,0
1671457273674,23,16911,6,4.401,-3.691,0.000,1,4.883,2,4.097,3,5.484,4,5.995,255,0,0,0,0
1671457273681,7,16918,6,4.401,-3.691,0.000,1,4.883,2,4.097,3,5.484,4,5.995,255,0,0,0,0
1671457273756,75,16993,6,4.401,-3.691,0.000,1,4.883,2,4.097,3,5.484,4,5.995,255,0,0,0,0
1671457273783,27,17020,6,4.387,-3.652,0.000,1,4.883,2,4.094,3,5.923,4,5.995,255,0,0,0,0
1671457273802,19,17039,6,4.387,-3.652,0.000,1,4.883,2,4.094,3,5.923,4,5.995,255,0,0,0,0
1671457273802,0,17039,6,4.387,-3.652,0.000,1,4.883,2,4.094,3,5.923,4,5.995,255,0,0,0,0
1671457273832,30,17069,6,4.387,-3.652,0.000,1,4.883,2,4.094,3,5.923,4,5.995,255,0,0,0,0
1671457273894,62,17131,6,4.387,-3.652,0.000,1,4.883,2,4.094,3,5.923,4,5.995,255,0,0,0,0
1671457273955,61,17192,6,4.387,-3.652,0.000,1,4.883,2,4.094,3,5.923,4,5.995,255,0,0,0,0
1671457273998,43,17235,6,4.387,-3.652,0.000,1,4.883,2,4.091,3,5.509,4,5.995,255,0,0,0,0
1671457274045,47,17282,6,4.387,-3.652,0.000,1,4.883,2,4.091,3,5.509,4,5.995,255,0,0,0,0
1671457274046,1,17283,6,4.387,-3.652,0.000,1,4.883,2,4.091,3,5.509,4,5.995,255,0,0,0,0
1671457274075,29,17312,6,4.387,-3.652,0.000,1,4.883,2,4.091,3,5.509,4,5.995,255,0,0,0,0
1671457274120,45,17357,6,4.387,-3.652,0.000,1,4.883,2,4.091,3,5.498,4,5.995,255,0,0,0,0
1671457274181,61,17418,6,4.387,-3.652,0.000,1,4.883,2,4.091,3,5.498,4,5.995,255,0,0,0,0
1671457274211,30,17448,6,4.396,-3.681,0.000,1,4.883,2,4.091,3,5.498,4,5.995,255,0,0,0,0
1671457274265,54,17502,6,4.396,-3.681,0.000,1,4.883,2,4.088,3,5.509,4,5.995,255,0,0,0,0
1671457274265,0,17502,6,4.396,-3.681,0.000,1,4.883,2,4.088,3,5.509,4,5.995,255,0,0,0,0
1671457274319,54,17556,6,4.396,-3.681,0.000,1,4.883,2,4.088,3,5.509,4,5.995,255,0,0,0,0
1671457274350,31,17587,6,4.407,-3.670,0.000,1,4.883,2,4.091,3,5.506,4,5.995,255,0,0,0,0
1671457274410,60,17647,6,4.407,-3.670,0.000,1,4.883,2,4.091,3,5.506,4,5.995,255,0,0,0,0
1671457274435,25,17672,6,4.407,-3.670,0.000,1,4.883,2,4.091,3,5.506,4,5.995,255,0,0,0,0
1671457274477,42,17714,6,4.407,-3.670,0.000,1,4.867,2,4.091,3,5.506,4,5.995,255,0,0,0,0
1671457274477,0,17714,6,4.353,-3.680,0.000,1,4.867,2,4.091,3,5.506,4,5.995,255,0,0,0,0
1671457274501,24,17738,6,4.353,-3.680,0.000,1,4.867,2,4.091,3,5.500,4,5.995,255,0,0,0,0
1671457274531,30,17768,6,4.321,-3.684,0.000,1,4.867,2,4.091,3,5.500,4,5.995,255,0,0,0,0
1671457274593,62,17830,6,4.321,-3.684,0.000,1,4.867,2,4.091,3,5.500,4,5.995,255,0,0,0,0
1671457274623,30,17860,6,4.321,-3.684,0.000,1,4.872,2,4.091,3,5.500,4,5.995,255,0,0,0,0
1671457274654,31,17891,6,4.321,-3.684,0.000,1,4.872,2,4.091,3,5.500,4,5.995,255,0,0,0,0
1671457274654,0,17891,6,4.321,-3.684,0.000,1,4.872,2,4.091,3,5.500,4,5.995,255,0,0,0,0
1671457274669,15,17906,6,4.343,-3.628,0.000,1,4.872,2,4.091,3,5.500,4,5.995,255,0,0,0,0
1671457274745,76,17982,6,4.343,-3.628,0.000,1,4.872,2,4.091,3,5.500,4,5.995,255,0,0,0,0
1671457274768,23,18005,6,4.343,-3.628,0.000,1,4.886,2,4.091,3,5.506,4,5.995,255,0,0,0,0
1671457274776,8,18013,6,4.364,-3.664,0.000,1,4.886,2,4.091,3,5.506,4,5.995,255,0,0,0,0
1671457274837,61,18074,6,4.364,-3.664,0.000,1,4.886,2,4.091,3,5.506,4,5.995,255,0,0,0,0
1671457274837,0,18074,6,4.364,-3.664,0.000,1,4.886,2,4.091,3,5.506,4,5.995,255,0,0,0,0
1671457274883,46,18120,6,4.364,-3.664,0.000,1,4.894,2,4.088,3,5.511,4,5.995,255,0,0,0,0
1671457274916,33,18153,6,4.311,-3.682,0.000,1,4.894,2,4.088,3,5.511,4,5.995,255,0,0,0,0
1671457274945,29,18182,6,4.311,-3.682,0.000,1,4.894,2,4.088,3,5.511,4,5.995,255,0,0,0,0
1671457274976,31,18213,6,4.311,-3.682,0.000,1,4.894,2,4.088,3,5.511,4,5.995,255,0,0,0,0
1671457275038,62,18275,6,4.311,-3.682,0.000,1,4.869,2,4.091,3,5.506,4,5.995,255,0,0,0,0
1671457275038,0,18275,6,4.349,-3.688,0.000,1,4.869,2,4.091,3,5.506,4,5.995,255,0,0,0,0
1671457275068,30,18305,6,4.349,-3.688,0.000,1,4.869,2,4.091,3,5.506,4,5.995,255,0,0,0,0
1671457275093,25,18330,6,4.349,-3.688,0.000,1,4.886,2,4.085,3,5.511,4,5.995,255,0,0,0,0
1671457275160,67,18397,6,4.349,-3.688,0.000,1,4.886,2,4.085,3,5.511,4,5.995,255,0,0,0,0
1671457275190,30,18427,6,4.329,-3.688,0.000,1,4.886,2,4.085,3,5.511,4,5.995,255,0,0,0,0
1671457275250,60,18487,6,4.329,-3.688,0.000,1,4.883,2,4.091,3,5.511,4,5.995,255,0,0,0,0
1671457275250,0,18487,6,4.329,-3.688,0.000,1,4.883,2,4.091,3,5.511,4,5.995,255,0,0,0,0
1671457275280,30,18517,6,4.329,-3.688,0.000,1,4.883,2,4.091,3,5.511,4,5.995,255,0,0,0,0
1671457275310,30,18547,6,4.301,-3.699,0.000,1,4.883,2,4.091,3,5.511,4,5.995,255,0,0,0,0
1671457275327,17,18564,6,4.301,-3.699,0.000,1,4.872,2,4.094,3,5.511,4,5.995,255,0,0,0,0
1671457275404,77,18641,6,4.301,-3.699,0.000,1,4.872,2,4.094,3,5.511,4,5.995,255,0,0,0,0
1671457275424,20,18661,6,4.301,-3.699,0.000,1,4.872,2,4.094,3,5.509,4,5.995,255,0,0,0,0
1671457275424,0,18661,6,4.360,-3.693,0.000,1,4.872,2,4.094,3,5.509,4,5.995,255,0,0,0,0
1671457275435,11,18672,6,4.360,-3.693,0.000,1,4.872,2,4.094,3,5.509,4,5.995,255,0,0,0,0
1671457275510,75,18747,6,4.360,-3.693,0.000,1,4.872,2,4.094,3,5.509,4,5.995,255,0,0,0,0
1671457275534,24,18771,6,4.391,-3.687,0.000,1,4.875,2,4.094,3,5.506,4,5.995,255,0,0,0,0
1671457275575,41,18812,6,4.391,-3.687,0.000,1,4.875,2,4.094,3,5.506,4,5.995,255,0,0,0,0
1671457275603,28,18840,6,4.391,-3.687,0.000,1,4.883,2,4.094,3,5.514,4,5.995,255,0,0,0,0
1671457275603,0,18840,6,4.391,-3.687,0.000,1,4.883,2,4.094,3,5.514,4,5.995,255,0,0,0,0
1671457275632,29,18869,6,4.391,-3.687,0.000,1,4.883,2,4.094,3,5.514,4,5.995,255,0,0,0,0
1671457275687,55,18924,6,4.399,-3.681,0.000,1,4.883,2,4.094,3,5.514,4,5.995,255,0,0,0,0
1671457275707,20,18944,6,4.399,-3.681,0.000,1,4.883,2,4.094,3,5.514,4,5.995,255,0,0,0,0
1671457275748,41,18985,6,4.399,-3.681,0.000,1,4.872,2,4.094,3,5.506,4,5.992,255,0,0,0,0
1671457275767,19,19004,6,4.399,-3.681,0.000,1,4.872,2,4.094,3,5.506,4,5.992,255,0,0,0,0
1671457275767,0,19004,6,4.399,-3.681,0.000,1,4.872,2,4.094,3,5.506,4,5.992,255,0,0,0,0
1671457275828,61,19065,6,4.325,-3.706,0.000,1,4.872,2,4.094,3,5.506,4,5.992,255,0,0,0,0
1671457275904,76,19141,6,4.325,-3.706,0.000,1,4.883,2,4.091,3,5.509,4,5.995,255,0,0,0,0
1671457275934,30,19171,6,4.325,-3.706,0.000,1,4.883,2,4.091,3,5.509,4,5.995,255,0,0,0,0
1671457275964,30,19201,6,4.323,-3.513,0.000,1,4.883,2,4.091,3,5.509,4,5.995,255,0,0,0,0
1671457276016,52,19253,6,4.323,-3.513,0.000,1,4.883,2,4.094,3,5.511,4,5.995,255,0,0,0,0
1671457276016,0,19253,6,4.323,-3.513,0.000,1,4.883,2,4.094,3,5.511,4,5.995,255,0,0,0,0
1671457276038,22,19275,6,4.375,-3.632,0.000,1,4.883,2,4.094,3,5.511,4,5.995,255,0,0,0,0
1671457276085,47,19322,6,4.375,-3.632,0.000,1,4.883,2,4.094,3,5.511,4,5.995,255,0,0,0,0
1671457276145,60,19382,6,4.375,-3.632,0.000,1,4.883,2,4.094,3,5.514,4,5.992,255,0,0,0,0
1671457276175,30,19412,6,4.375,-3.632,0.000,1,4.883,2,4.094,3,5.514,4,5.992,255,0,0,0,0
1671457276250,75,19487,6,4.375,-3.632,0.000,1,4.883,2,4.094,3,5.514,4,5.992,255,0,0,0,0
1671457276250,0,19487,6,4.358,-3.664,0.000,1,4.883,2,4.094,3,5.514,4,5.992,255,0,0,0,0
1671457276281,31,19518,6,4.358,-3.664,0.000,1,4.869,2,4.099,3,5.506,4,5.995,255,0,0,0,0
1671457276312,31,19549,6,4.322,-3.719,0.000,1,4.869,2,4.099,3,5.506,4,5.995,255,0,0,0,0
1671457276373,61,19610,6,4.322,-3.719,0.000,1,4.880,2,4.094,3,5.506,4,5.995,255,0,0,0,0
1671457276403,30,19640,6,4.322,-3.719,0.000,1,4.880,2,4.094,3,5.492,4,5.995,255,0,0,0,0
1671457276418,15,19655,6,4.322,-3.719,0.000,1,4.880,2,4.094,3,5.492,4,5.995,255,0,0,0,0
1671457276418,0,19655,6,4.324,-3.585,0.000,1,4.880,2,4.094,3,5.492,4,5.995,255,0,0,0,0
1671457276511,93,19748,6,4.324,-3.585,0.000,1,4.880,2,4.094,3,5.492,4,5.995,255,0,0,0,0
1671457276527,16,19764,6,4.324,-3.585,0.000,1,4.883,2,4.102,3,5.506,4,5.995,255,0,0,0,0
1671457276587,60,19824,6,4.317,-3.481,0.000,1,4.883,2,4.102,3,5.506,4,5.995,255,0,0,0,0
1671457276626,39,19863,6,4.317,-3.481,0.000,1,4.883,2,4.102,3,5.506,4,5.995,255,0,0,0,0
1671457276668,42,19905,6,4.317,-3.481,0.000,1,4.883,2,4.102,3,5.506,4,5.995,255,0,0,0,0
1671457276668,0,19905,6,4.317,-3.481,0.000,1,4.883,2,4.102,3,5.506,4,5.995,255,0,0,0,0
1671457276692,24,19929,6,4.364,-3.591,0.000,1,4.883,2,4.102,3,5.506,4,5.995,255,0,0,0,0
1671457276724,32,19961,6,4.364,-3.591,0.000,1,4.883,2,4.102,3,5.506,4,5.995,255,0,0,0,0
1671457276785,61,20022,6,4.364,-3.591,0.000,1,4.883,2,4.102,3,5.503,4,5.995,255,0,0,0,0
1671457276816,31,20053,6,4.364,-3.591,0.000,1,4.883,2,4.102,3,5.503,4,5.995,255,0,0,0,0
1671457276884,68,20121,6,4.364,-3.591,0.000,1,4.883,2,4.108,3,5.500,4,5.995,255,0,0,0,0
1671457276884,0,20121,6,4.364,-3.591,0.000,1,4.883,2,4.108,3,5.500,4,5.995,255,0,0,0,0
1671457276909,25,20146,6,4.364,-3.591,0.000,1,4.883,2,4.108,3,5.500,4,5.995,255,0,0,0,0
1671457276939,30,20176,6,4.332,-3.650,0.000,1,4.883,2,4.108,3,5.500,4,5.995,255,0,0,0,0
1671457276971,32,20208,6,4.332,-3.650,0.000,1,4.883,2,4.108,3,5.500,4,5.992,255,0,0,0,0
1671457277030,59,20267,6,4.332,-3.650,0.000,1,4.883,2,4.108,3,5.500,4,5.992,255,0,0,0,0
1671457277060,30,20297,6,4.332,-3.650,0.000,1,4.883,2,4.110,3,5.500,4,5.992,255,0,0,0,0
1671457277060,0,20297,6,4.350,-3.653,0.000,1,4.883,2,4.110,3,5.500,4,5.992,255,0,0,0,0
1671457277077,17,20314,6,4.350,-3.653,0.000,1,4.883,2,4.110,3,5.500,4,5.992,255,0,0,0,0
1671457277108,31,20345,6,4.350,-3.653,0.000,1,4.883,2,4.110,3,5.500,4,5.992,255,0,0,0,0
1671457277168,60,20405,6,4.392,-3.655,0.000,1,4.883,2,4.110,3,5.500,4,5.992,255,0,0,0,0
1671457277215,47,20452,6,4.392,-3.655,0.000,1,4.886,2,4.108,3,5.500,4,5.995,255,0,0,0,0
1671457277260,45,20497,6,4.392,-3.655,0.000,1,4.883,2,4.110,3,5.500,4,6.009,255,0,0,0,0
1671457277260,0,20497,6,4.392,-3.655,0.000,1,4.883,2,4.110,3,5.500,4,6.009,255,0,0,0,0
1671457277281,21,20518,6,4.392,-3.655,0.000,1,4.883,2,4.110,3,5.500,4,6.009,255,0,0,0,0
1671457277325,44,20562,6,4.405,-3.657,0.000,1,4.883,2,4.110,3,5.500,4,6.009,255,0,0,0,0
1671457277351,26,20588,6,4.405,-3.657,0.000,1,4.869,2,4.094,3,5.500,4,6.009,255,0,0,0,0
1671457277382,31,20619,6,4.405,-3.657,0.000,1,4.869,2,4.094,3,5.500,4,5.992,255,0,0,0,0
1671457277431,49,20668,6,4.405,-3.657,0.000,1,4.869,2,4.094,3,5.500,4,5.992,255,0,0,0,0
1671457277432,1,20669,6,4.372,-3.659,0.000,1,4.869,2,4.094,3,5.500,4,5.992,255,0,0,0,0
1671457277458,26,20695,6,4.372,-3.659,0.000,1,4.869,2,4.094,3,5.500,4,5.992,255,0,0,0,0
1671457277501,43,20738,6,4.372,-3.659,0.000,1,4.883,2,4.119,3,5.503,4,5.995,255,0,0,0,0
1671457277518,17,20755,6,4.372,-3.659,0.000,1,4.883,2,4.119,3,5.503,4,5.995,255,0,0,0,0
1671457277580,62,20817,6,4.394,-3.674,0.000,1,4.883,2,4.119,3,5.503,4,5.995,255,0,0,0,0
1671457277626,46,20863,6,4.394,-3.674,0.000,1,4.886,2,4.121,3,5.500,4,5.995,255,0,0,0,0
1671457277626,0,20863,6,4.394,-3.674,0.000,1,4.886,2,4.121,3,5.500,4,5.995,255,0,0,0,0
1671457277658,32,20895,6,4.394,-3.674,0.000,1,4.886,2,4.121,3,5.500,4,5.995,255,0,0,0,0
1671457277718,60,20955,6,4.396,-3.654,0.000,1,4.886,2,4.121,3,5.500,4,5.995,255,0,0,0,0
1671457277781,63,21018,6,4.396,-3.654,0.000,1,4.883,2,4.121,3,5.484,4,5.995,255,0,0,0,0
1671457277811,30,21048,6,4.396,-3.654,0.000,1,4.883,2,4.121,3,5.484,4,5.995,255,0,0,0,0
1671457277841,30,21078,6,4.396,-3.654,0.000,1,4.883,2,4.121,3,5.484,4,5.995,255,0,0,0,0
1671457277841,0,21078,6,4.370,-3.638,0.000,1,4.883,2,4.121,3,5.484,4,5.995,255,0,0,0,0
1671457277902,61,21139,6,4.370,-3.638,0.000,1,4.869,2,4.121,3,5.498,4,5.995,255,0,0,0,0
1671457277949,47,21186,6,4.325,-3.616,0.000,1,4.869,2,4.121,3,5.498,4,5.995,255,0,0,0,0
1671457277980,31,21217,6,4.325,-3.616,0.000,1,4.869,2,4.121,3,5.498,4,5.995,255,0,0,0,0
1671457278042,62,21279,6,4.325,-3.616,0.000,1,4.880,2,4.116,3,5.498,4,5.992,255,0,0,0,0
1671457278057,15,21294,6,4.325,-3.616,0.000,1,4.880,2,4.116,3,5.498,4,5.992,255,0,0,0,0
1671457278057,0,21294,6,4.344,-3.584,0.000,1,4.880,2,4.116,3,5.498,4,5.992,255,0,0,0,0
1671457278134,77,21371,6,4.344,-3.584,0.000,1,4.880,2,4.116,3,5.498,4,5.992,255,0,0,0,0
1671457278157,23,21394,6,4.344,-3.584,0.000,1,4.883,2,4.113,3,5.500,4,5.992,255,0,0,0,0
1671457278165,8,21402,6,4.334,-3.544,0.000,1,4.883,2,4.113,3,5.500,4,5.992,255,0,0,0,0
1671457278198,33,21435,6,4.334,-3.544,0.000,1,4.883,2,4.113,3,5.500,4,5.992,255,0,0,0,0
1671457278257,59,21494,6,4.334,-3.544,0.000,1,4.883,2,4.113,3,5.500,4,5.992,255,0,0,0,0
1671457278257,0,21494,6,4.334,-3.544,0.000,1,4.883,2,4.113,3,5.500,4,5.992,255,0,0,0,0
1671457278306,49,21543,6,4.328,-3.643,0.000,1,4.883,2,4.105,3,5.500,4,5.995,255,0,0,0,0
1671457278334,28,21571,6,4.328,-3.643,0.000,1,4.883,2,4.105,3,5.500,4,5.995,255,0,0,0,0
1671457278379,45,21616,6,4.328,-3.643,0.000,1,4.883,2,4.105,3,5.500,4,5.995,255,0,0,0,0
1671457278441,62,21678,6,4.328,-3.643,0.000,1,4.883,2,4.105,3,5.500,4,5.995,255,0,0,0,0
1671457278471,30,21708,6,4.328,-3.643,0.000,1,4.880,2,4.099,3,5.500,4,5.995,255,0,0,0,0
1671457278471,0,21708,6,4.369,-3.654,0.000,1,4.880,2,4.099,3,5.500,4,5.995,255,0,0,0,0
1671457278532,61,21769,6,4.369,-3.654,0.000,1,4.880,2,4.099,3,5.500,4,5.995,255,0,0,0,0
1671457278564,32,21801,6,4.369,-3.654,0.000,1,4.880,2,4.099,3,5.500,4,5.995,255,0,0,0,0
1671457278593,29,21830,6,4.369,-3.654,0.000,1,4.880,2,4.099,3,5.500,4,5.995,255,0,0,0,0
1671457278611,18,21848,6,4.369,-3.654,0.000,1,4.869,2,4.099,3,5.500,4,5.992,255,0,0,0,0
1671457278673,62,21910,6,4.369,-3.654,0.000,1,4.869,2,4.099,3,5.500,4,5.992,255,0,0,0,0
1671457278673,0,21910,6,4.375,-3.631,0.000,1,4.869,2,4.099,3,5.500,4,5.992,255,0,0,0,0
1671457278719,46,21956,6,4.375,-3.631,0.000,1,4.869,2,4.099,3,5.500,4,5.992,255,0,0,0,0
1671457278765,46,22002,6,4.375,-3.631,0.000,1,4.883,2,4.099,3,5.486,4,5.995,255,0,0,0,0
1671457278826,61,22063,6,4.375,-3.631,0.000,1,4.883,2,4.099,3,5.486,4,5.995,255,0,0,0,0
1671457278889,63,22126,6,4.326,-3.490,0.000,1,4.883,2,4.099,3,5.498,4,5.995,255,0,0,0,0
1671457278936,47,22173,6,4.326,-3.490,0.000,1,4.883,2,4.099,3,5.498,4,5.995,255,0,0,0,0
1671457278936,0,22173,6,4.326,-3.490,0.000,1,4.883,2,4.099,3,5.498,4,5.995,255,0,0,0,0
1671457279012,76,22249,6,4.326,-3.490,0.000,1,4.883,2,4.099,3,5.498,4,5.995,255,0,0,0,0
1671457279031,19,22268,6,4.365,-3.590,0.000,1,4.883,2,4.099,3,5.498,4,5.992,255,0,0,0,0
1671457279041,10,22278,6,4.365,-3.590,0.000,1,4.883,2,4.099,3,5.498,4,5.992,255,0,0,0,0
1671457279104,63,22341,6,4.395,-3.669,0.000,1,4.883,2,4.099,3,5.498,4,5.992,255,0,0,0,0
1671457279135,31,22372,6,4.395,-3.669,0.000,1,4.886,2,4.099,3,5.500,4,5.995,255,0,0,0,0
1671457279135,0,22372,6,4.395,-3.669,0.000,1,4.886,2,4.099,3,5.500,4,5.995,255,0,0,0,0
1671457279149,14,22386,6,4.354,-3.562,0.000,1,4.886,2,4.099,3,5.500,4,5.995,255,0,0,0,0
1671457279210,61,22447,6,4.354,-3.562,0.000,1,4.886,2,4.099,3,5.500,4,5.995,255,0,0,0,0
1671457279252,42,22489,6,4.354,-3.562,0.000,1,4.886,2,4.099,3,5.500,4,5.995,255,0,0,0,0
1671457279271,19,22508,6,4.354,-3.562,0.000,1,4.886,2,4.099,3,5.500,4,5.995,255,0,0,0,0
1671457279302,31,22539,6,4.354,-3.562,0.000,1,4.886,2,4.099,3,5.500,4,5.995,255,0,0,0,0
1671457279302,0,22539,6,4.356,-3.568,0.000,1,4.886,2,4.099,3,5.500,4,5.995,255,0,0,0,0
1671457279378,76,22615,6,4.356,-3.568,0.000,1,4.886,2,4.099,3,5.500,4,5.995,255,0,0,0,0
1671457279441,63,22678,6,4.356,-3.568,0.000,1,4.883,2,4.099,3,5.500,4,5.995,255,0,0,0,0
1671457279467,26,22704,6,4.316,-3.468,0.000,1,4.880,2,4.099,3,5.500,4,5.995,255,0,0,0,0
1671457279517,50,22754,6,4.316,-3.468,0.000,1,4.880,2,4.099,3,5.503,4,5.995,255,0,0,0,0
1671457279548,31,22785,6,4.316,-3.468,0.000,1,4.880,2,4.099,3,5.503,4,5.995,255,0,0,0,0
1671457279548,0,22785,6,4.316,-3.468,0.000,1,4.880,2,4.099,3,5.503,4,5.995,255,0,0,0,0
1671457279579,31,22816,6,4.372,-3.611,0.000,1,4.880,2,4.099,3,5.503,4,5.995,255,0,0,0,0
1671457279641,62,22878,6,4.372,-3.611,0.000,1,4.883,2,4.102,3,5.503,4,5.995,255,0,0,0,0
1671457279671,30,22908,6,4.372,-3.611,0.000,1,4.883,2,4.102,3,5.503,4,5.995,255,0,0,0,0
1671457279703,32,22940,6,4.395,-3.670,0.000,1,4.883,2,4.102,3,5.503,4,5.995,255,0,0,0,0
1671457279765,62,23002,6,4.395,-3.670,0.000,1,4.883,2,4.102,3,5.503,4,5.995,255,0,0,0,0
1671457279765,0,23002,6,4.395,-3.670,0.000,1,4.883,2,4.102,3,5.503,4,5.995,255,0,0,0,0
1671457279795,30,23032,6,4.395,-3.670,0.000,1,4.880,2,4.085,3,5.500,4,6.003,255,0,0,0,0
1671457279812,17,23049,6,4.384,-3.643,0.000,1,4.880,2,4.085,3,5.500,4,6.003,255,0,0,0,0
1671457279919,107,23156,6,4.384,-3.643,0.000,1,4.880,2,4.085,3,5.500,4,6.003,255,0,0,0,0
1671457279950,31,23187,6,4.384,-3.643,0.000,1,4.880,2,4.085,3,5.500,4,6.003,255,0,0,0,0
1671457280011,61,23248,6,4.384,-3.643,0.000,1,4.880,2,4.105,3,5.503,4,5.992,255,0,0,0,0
1671457280011,0,23248,6,4.353,-3.636,0.000,1,4.880,2,4.105,3,5.503,4,5.992,255,0,0,0,0
1671457280057,46,23294,6,4.353,-3.636,0.000,1,4.880,2,4.105,3,5.503,4,5.995,255,0,0,0,0
1671457280087,30,23324,6,4.315,-3.666,0.000,1,4.880,2,4.105,3,5.503,4,5.995,255,0,0,0,0
1671457280133,46,23370,6,4.315,-3.666,0.000,1,4.880,2,4.110,3,5.500,4,5.995,255,0,0,0,0
1671457280168,35,23405,6,4.315,-3.666,0.000,1,4.880,2,4.110,3,5.500,4,5.995,255,0,0,0,0
1671457280225,57,23462,6,4.315,-3.666,0.000,1,4.880,2,4.110,3,5.500,4,5.995,255,0,0,0,0
1671457280225,0,23462,1,9.390,-3.685,2.220,255,0,0,0,0
1671457280225,0,23462,2,0.003,-3.685,2.220,255,0,0,0,0
1671457280225,0,23462,3,0.003,0.000,2.220,255,0,0,0,0
1671457280225,0,23462,4,9.390,0.000,2.220,255,0,0,0,0
1671457280225,0,23462,6,4.343,-3.609,0.000,1,4.880,2,4.110,3,5.500,4,5.995,255,0,0,0,0
1671457280257,32,23494,6,4.343,-3.609,0.000,1,4.880,2,4.110,3,5.500,4,5.995,255,0,0,0,0
1671457280319,62,23556,6,4.343,-3.609,0.000,1,4.880,2,4.110,3,5.500,4,5.995,255,0,0,0,0
1671457280344,25,23581,6,4.319,-3.475,0.000,1,4.883,2,4.113,3,5.500,4,5.995,255,0,0,0,0
1671457280350,6,23587,6,4.319,-3.475,0.000,1,4.883,2,4.113,3,5.492,4,5.995,255,0,0,0,0
1671457280386,36,23623,6,4.319,-3.475,0.000,1,4.883,2,4.113,3,5.492,4,5.995,255,0,0,0,0
1671457280386,0,23623,6,4.319,-3.475,0.000,1,4.883,2,4.113,3,5.492,4,5.995,255,0,0,0,0
1671457280444,58,23681,6,4.388,-3.639,0.000,1,4.883,2,4.113,3,5.492,4,5.995,255,0,0,0,0
1671457280506,62,23743,6,4.388,-3.639,0.000,1,4.880,2,4.110,3,5.492,4,5.995,255,0,0,0,0
1671457280537,31,23774,6,4.388,-3.639,0.000,1,4.880,2,4.110,3,5.503,4,5.995,255,0,0,0,0
1671457280560,23,23797,6,4.388,-3.639,0.000,1,4.880,2,4.110,3,5.503,4,5.995,255,0,0,0,0
1671457280606,46,23843,6,4.388,-3.639,0.000,1,4.872,2,4.108,3,5.503,4,5.995,255,0,0,0,0
1671457280606,0,23843,6,4.364,-3.647,0.000,1,4.872,2,4.108,3,5.503,4,5.995,255,0,0,0,0
1671457280629,23,23866,6,4.364,-3.647,0.000,1,4.872,2,4.108,3,5.500,4,5.992,255,0,0,0,0
1671457280659,30,23896,6,4.332,-3.658,0.000,1,4.872,2,4.108,3,5.500,4,5.992,255,0,0,0,0
1671457280713,54,23950,6,4.332,-3.658,0.000,1,4.872,2,4.108,3,5.500,4,5.992,255,0,0,0,0
1671457280738,25,23975,6,4.332,-3.658,0.000,1,4.880,2,4.099,3,5.500,4,5.995,255,0,0,0,0
1671457280769,31,24006,6,4.332,-3.658,0.000,1,4.880,2,4.099,3,5.500,4,5.995,255,0,0,0,0
1671457280769,0,24006,6,4.332,-3.658,0.000,1,4.880,2,4.099,3,5.500,4,5.995,255,0,0,0,0
1671457280799,30,24036,6,4.388,-3.655,0.000,1,4.880,2,4.099,3,5.500,4,5.995,255,0,0,0,0
1671457280906,107,24143,6,4.388,-3.655,0.000,1,4.880,2,4.099,3,5.500,4,5.995,255,0,0,0,0
1671457280937,31,24174,6,4.388,-3.655,0.000,1,4.880,2,4.099,3,5.500,4,5.995,255,0,0,0,0
1671457280969,32,24206,6,4.394,-3.666,0.000,1,4.847,2,4.105,3,5.498,4,5.995,255,0,0,0,0
1671457281046,77,24283,6,4.394,-3.666,0.000,1,4.847,2,4.105,3,5.498,4,5.995,255,0,0,0,0
1671457281046,0,24283,6,4.394,-3.666,0.000,1,4.847,2,4.105,3,5.498,4,5.995,255,0,0,0,0
1671457281078,32,24315,6,4.342,-3.658,0.000,1,4.880,2,4.102,3,5.498,4,5.992,255,0,0,0,0
1671457281108,30,24345,6,4.342,-3.658,0.000,1,4.880,2,4.105,3,5.500,4,5.992,255,0,0,0,0
1671457281170,62,24407,6,4.342,-3.658,0.000,1,4.880,2,4.105,3,5.500,4,5.995,255,0,0,0,0
1671457281201,31,24438,6,4.397,-3.660,0.000,1,4.880,2,4.105,3,5.500,4,5.995,255,0,0,0,0
1671457281232,31,24469,6,4.397,-3.660,0.000,1,4.880,2,4.105,3,5.498,4,5.995,255,0,0,0,0
1671457281232,0,24469,6,4.397,-3.660,0.000,1,4.880,2,4.105,3,5.498,4,5.995,255,0,0,0,0
1671457281263,31,24500,6,4.397,-3.660,0.000,1,4.880,2,4.105,3,5.498,4,5.995,255,0,0,0,0
1671457281324,61,24561,6,4.334,-3.661,0.000,1,4.880,2,4.105,3,5.498,4,5.995,255,0,0,0,0
1671457281339,15,24576,6,4.334,-3.661,0.000,1,4.880,2,4.102,3,5.500,4,5.995,255,0,0,0,0
1671457281416,77,24653,6,4.334,-3.661,0.000,1,4.880,2,4.102,3,5.500,4,5.995,255,0,0,0,0
1671457281446,30,24683,6,4.334,-3.661,0.000,1,4.880,2,4.102,3,5.500,4,5.995,255,0,0,0,0
1671457281446,0,24683,6,4.334,-3.661,0.000,1,4.880,2,4.102,3,5.500,4,5.995,255,0,0,0,0
1671457281478,32,24715,6,4.389,-3.658,0.000,1,4.880,2,4.108,3,5.500,4,5.995,255,0,0,0,0
1671457281507,29,24744,6,4.389,-3.658,0.000,1,4.880,2,4.108,3,5.500,4,5.995,255,0,0,0,0
1671457281552,45,24789,6,4.394,-3.663,0.000,1,4.880,2,4.108,3,5.500,4,5.995,255,0,0,0,0
1671457281629,77,24866,6,4.394,-3.663,0.000,1,4.880,2,4.108,3,5.500,4,5.995,255,0,0,0,0
1671457281655,26,24892,6,4.394,-3.663,0.000,1,4.880,2,4.105,3,5.500,4,5.995,255,0,0,0,0
1671457281655,0,24892,6,4.394,-3.663,0.000,1,4.880,2,4.105,3,5.500,4,5.995,255,0,0,0,0
1671457281702,47,24939,6,4.394,-3.663,0.000,1,4.880,2,4.105,3,5.500,4,5.995,255,0,0,0,0
1671457281722,20,24959,6,4.356,-3.661,0.000,1,4.880,2,4.105,3,5.500,4,5.995,255,0,0,0,0
1671457281767,45,25004,6,4.356,-3.661,0.000,1,4.878,2,4.105,3,5.500,4,5.992,255,0,0,0,0
1671457281814,47,25051,6,4.327,-3.661,0.000,1,4.878,2,4.105,3,5.500,4,5.992,255,0,0,0,0
1671457281890,76,25127,6,4.327,-3.661,0.000,1,4.878,2,4.113,3,5.500,4,5.992,255,0,0,0,0
1671457281890,0,25127,6,4.327,-3.661,0.000,1,4.878,2,4.113,3,5.500,4,5.992,255,0,0,0,0
1671457281922,32,25159,6,4.327,-3.661,0.000,1,4.878,2,4.113,3,5.500,4,5.992,255,0,0,0,0
1671457281954,32,25191,6,4.327,-3.661,0.000,1,4.878,2,4.113,3,5.500,4,5.992,255,0,0,0,0
1671457282015,61,25252,6,4.316,-3.663,0.000,1,4.880,2,4.110,3,5.498,4,5.992,255,0,0,0,0
1671457282046,31,25283,6,4.316,-3.663,0.000,1,4.880,2,4.110,3,5.498,4,5.989,255,0,0,0,0
1671457282077,31,25314,6,4.316,-3.663,0.000,1,4.880,2,4.110,3,5.498,4,5.989,255,0,0,0,0
1671457282077,0,25314,6,4.338,-3.610,0.000,1,4.880,2,4.110,3,5.498,4,5.989,255,0,0,0,0
1671457282108,31,25345,6,4.338,-3.610,0.000,1,4.880,2,4.113,3,5.987,4,5.989,255,0,0,0,0
1671457282169,61,25406,6,4.338,-3.610,0.000,1,4.880,2,4.113,3,5.987,4,5.992,255,0,0,0,0
1671457282201,32,25438,6,4.329,-3.488,0.000,1,4.880,2,4.113,3,5.987,4,5.992,255,0,0,0,0
1671457282263,62,25500,6,4.329,-3.488,0.000,1,4.872,2,4.088,3,5.956,4,5.992,255,0,0,0,0
1671457282293,30,25530,6,4.329,-3.488,0.000,1,4.872,2,4.088,3,5.956,4,5.995,255,0,0,0,0
1671457282293,0,25530,6,4.329,-3.488,0.000,1,4.872,2,4.088,3,5.956,4,5.995,255,0,0,0,0
1671457282314,21,25551,6,4.329,-3.488,0.000,1,4.872,2,4.088,3,5.956,4,5.995,255,0,0,0,0
1671457282324,10,25561,6,4.329,-3.488,0.000,1,4.883,2,4.105,3,5.956,4,5.995,255,0,0,0,0
1671457282386,62,25623,6,4.329,-3.488,0.000,1,4.883,2,4.105,3,5.956,4,5.995,255,0,0,0,0
1671457282418,32,25655,6,4.329,-3.488,0.000,1,4.883,2,4.105,3,5.481,4,5.995,255,0,0,0,0
1671457282433,15,25670,6,4.329,-3.488,0.000,1,4.883,2,4.105,3,5.481,4,5.995,255,0,0,0,0
1671457282433,0,25670,6,4.329,-3.488,0.000,1,4.883,2,4.105,3,5.481,4,5.995,255,0,0,0,0
1671457282510,77,25747,6,4.329,-3.488,0.000,1,4.883,2,4.105,3,5.481,4,5.995,255,0,0,0,0
1671457282532,22,25769,6,4.329,-3.488,0.000,1,4.878,2,4.108,3,5.475,4,5.995,255,0,0,0,0
1671457282541,9,25778,6,4.326,-3.586,0.000,1,4.878,2,4.108,3,5.475,4,5.995,255,0,0,0,0
1671457282572,31,25809,6,4.326,-3.586,0.000,1,4.878,2,4.108,3,5.475,4,5.995,255,0,0,0,0
1671457282633,61,25870,6,4.326,-3.586,0.000,1,4.878,2,4.108,3,5.475,4,5.995,255,0,0,0,0
1671457282633,0,25870,6,4.326,-3.586,0.000,1,4.878,2,4.108,3,5.475,4,5.995,255,0,0,0,0
1671457282681,48,25918,6,4.329,-3.499,0.000,1,4.878,2,4.099,3,5.470,4,5.992,255,0,0,0,0
1671457282709,28,25946,6,4.329,-3.499,0.000,1,4.878,2,4.099,3,5.470,4,5.992,255,0,0,0,0
1671457282740,31,25977,6,4.329,-3.499,0.000,1,4.858,2,4.094,3,5.481,4,5.995,255,0,0,0,0
1671457282791,51,26028,6,4.329,-3.499,0.000,1,4.858,2,4.094,3,5.481,4,5.995,255,0,0,0,0
1671457282815,24,26052,6,4.329,-3.499,0.000,1,4.858,2,4.094,3,5.481,4,5.995,255,0,0,0,0
1671457282815,0,26052,6,4.345,-3.543,0.000,1,4.858,2,4.094,3,5.481,4,5.995,255,0,0,0,0
1671457282901,86,26138,6,4.345,-3.543,0.000,1,4.858,2,4.094,3,5.481,4,5.995,255,0,0,0,0
1671457282923,22,26160,6,4.345,-3.543,0.000,1,4.858,2,4.094,3,5.481,4,5.995,255,0,0,0,0
1671457282985,62,26222,6,4.379,-3.635,0.000,1,4.880,2,4.094,3,5.484,4,5.995,255,0,0,0,0
1671457283016,31,26253,6,4.379,-3.635,0.000,1,4.880,2,4.094,3,5.484,4,5.995,255,0,0,0,0
1671457283076,60,26313,6,4.379,-3.635,0.000,1,4.880,2,4.097,3,5.484,4,5.995,255,0,0,0,0
1671457283076,0,26313,6,4.379,-3.635,0.000,1,4.880,2,4.097,3,5.484,4,5.995,255,0,0,0,0
1671457283095,19,26332,6,4.365,-3.641,0.000,1,4.883,2,4.091,3,5.475,4,5.995,255,0,0,0,0
1671457283171,76,26408,6,4.365,-3.641,0.000,1,4.883,2,4.091,3,5.475,4,5.995,255,0,0,0,0
1671457283203,32,26440,6,4.365,-3.641,0.000,1,4.883,2,4.091,3,5.475,4,5.995,255,0,0,0,0
1671457283263,60,26500,6,4.327,-3.645,0.000,1,4.880,2,4.094,3,5.951,4,5.995,255,0,0,0,0
1671457283293,30,26530,6,4.327,-3.645,0.000,1,4.880,2,4.094,3,5.951,4,5.992,255,0,0,0,0
1671457283293,0,26530,6,4.327,-3.645,0.000,1,4.880,2,4.094,3,5.951,4,5.992,255,0,0,0,0
1671457283338,45,26575,6,4.372,-3.639,0.000,1,4.880,2,4.094,3,5.951,4,5.992,255,0,0,0,0
1671457283383,45,26620,6,4.372,-3.639,0.000,1,4.878,2,4.094,3,5.951,4,5.995,255,0,0,0,0
1671457283408,25,26645,6,4.372,-3.639,0.000,1,4.878,2,4.094,3,5.951,4,5.995,255,0,0,0,0
1671457283414,6,26651,6,4.372,-3.639,0.000,1,4.878,2,4.094,3,5.951,4,5.995,255,0,0,0,0
1671457283476,62,26713,6,4.372,-3.639,0.000,1,4.878,2,4.094,3,5.951,4,5.995,255,0,0,0,0
1671457283476,0,26713,6,4.372,-3.639,0.000,1,4.878,2,4.094,3,5.951,4,5.995,255,0,0,0,0
1671457283506,30,26743,6,4.372,-3.639,0.000,1,4.872,2,4.094,3,5.956,4,5.992,255,0,0,0,0
1671457283522,16,26759,6,4.372,-3.639,0.000,1,4.872,2,4.094,3,5.956,4,5.992,255,0,0,0,0
1671457283585,63,26822,6,4.372,-3.639,0.000,1,4.872,2,4.094,3,5.956,4,5.992,255,0,0,0,0
1671457283616,31,26853,6,4.372,-3.639,0.000,1,4.883,2,4.094,3,5.967,4,5.995,255,0,0,0,0
1671457283632,16,26869,6,4.372,-3.639,0.000,1,4.883,2,4.094,3,5.967,4,5.995,255,0,0,0,0
1671457283632,0,26869,6,4.372,-3.639,0.000,1,4.883,2,4.094,3,5.967,4,5.995,255,0,0,0,0
1671457283667,35,26904,6,4.334,-3.520,0.000,1,4.883,2,4.094,3,5.967,4,5.995,255,0,0,0,0
1671457283723,56,26960,6,4.334,-3.520,0.000,1,4.883,2,4.094,3,5.967,4,5.995,255,0,0,0,0
1671457283785,62,27022,6,4.334,-3.520,0.000,1,4.880,2,4.091,3,5.981,4,5.995,255,0,0,0,0
1671457283816,31,27053,6,4.334,-3.520,0.000,1,4.880,2,4.091,3,5.981,4,5.995,255,0,0,0,0
1671457283886,70,27123,6,4.334,-3.520,0.000,1,4.880,2,4.091,3,5.981,4,5.995,255,0,0,0,0
1671457283886,0,27123,6,4.327,-3.501,0.000,1,4.880,2,4.091,3,5.981,4,5.995,255,0,0,0,0
1671457283907,21,27144,6,4.327,-3.501,0.000,1,4.880,2,4.091,3,5.981,4,5.995,255,0,0,0,0
1671457283968,61,27205,6,4.320,-3.488,0.000,1,4.883,2,4.094,3,5.989,4,5.995,255,0,0,0,0
1671457284046,78,27283,6,4.320,-3.488,0.000,1,4.883,2,4.097,3,5.981,4,5.995,255,0,0,0,0
1671457284077,31,27314,6,4.320,-3.488,0.000,1,4.883,2,4.097,3,5.981,4,5.995,255,0,0,0,0
1671457284107,30,27344,6,4.320,-3.488,0.000,1,4.883,2,4.097,3,5.981,4,5.995,255,0,0,0,0
1671457284107,0,27344,6,4.320,-3.488,0.000,1,4.883,2,4.097,3,5.981,4,5.995,255,0,0,0,0
1671457284168,61,27405,6,4.320,-3.488,0.000,1,4.850,2,4.074,3,6.003,4,5.989,255,0,0,0,0
1671457284184,16,27421,6,4.320,-3.488,0.000,1,4.850,2,4.074,3,6.003,4,5.989,255,0,0,0,0
1671457284262,78,27499,6,4.320,-3.488,0.000,1,4.850,2,4.074,3,6.003,4,5.989,255,0,0,0,0
1671457284292,30,27529,6,4.320,-3.488,0.000,1,4.880,2,4.094,3,5.984,4,5.992,255,0,0,0,0
1671457284353,61,27590,6,4.320,-3.488,0.000,1,4.880,2,4.094,3,5.984,4,5.992,255,0,0,0,0
1671457284353,0,27590,6,4.320,-3.488,0.000,1,4.880,2,4.094,3,5.984,4,5.992,255,0,0,0,0
1671457284385,32,27622,6,4.320,-3.488,0.000,1,4.883,2,4.097,3,5.981,4,5.995,255,0,0,0,0
1671457284433,48,27670,6,4.320,-3.488,0.000,1,4.883,2,4.097,3,5.981,4,5.995,255,0,0,0,0
1671457284463,30,27700,6,4.321,-3.483,0.000,1,4.883,2,4.097,3,5.981,4,5.995,255,0,0,0,0
1671457284509,46,27746,6,4.321,-3.483,0.000,1,4.883,2,4.094,3,5.995,4,5.995,255,0,0,0,0
1671457284542,33,27779,6,4.321,-3.483,0.000,1,4.883,2,4.094,3,5.995,4,5.995,255,0,0,0,0
1671457284542,0,27779,6,4.321,-3.483,0.000,1,4.883,2,4.094,3,5.995,4,5.995,255,0,0,0,0
1671457284601,59,27838,6,4.321,-3.483,0.000,1,4.883,2,4.094,3,5.995,4,5.995,255,0,0,0,0
1671457284649,48,27886,6,4.321,-3.483,0.000,1,4.872,2,4.091,3,5.984,4,5.992,255,0,0,0,0
1671457284708,59,27945,6,4.321,-3.483,0.000,1,4.872,2,4.091,3,5.984,4,5.992,255,0,0,0,0
1671457284723,15,27960,6,4.320,-3.482,0.000,1,4.880,2,4.099,3,5.981,4,5.995,255,0,0,0,0
1671457284761,38,27998,6,4.320,-3.482,0.000,1,4.880,2,4.099,3,5.981,4,5.995,255,0,0,0,0
1671457284761,0,27998,6,4.320,-3.482,0.000,1,4.880,2,4.099,3,5.981,4,5.995,255,0,0,0,0
1671457284815,54,28052,6,4.320,-3.482,0.000,1,4.880,2,4.099,3,5.981,4,5.995,255,0,0,0,0
1671457284890,75,28127,6,4.320,-3.482,0.000,1,4.880,2,4.099,3,5.981,4,5.995,255,0,0,0,0
1671457284952,62,28189,6,4.320,-3.482,0.000,1,4.880,2,4.099,3,5.981,4,5.995,255,0,0,0,0
1671457285013,61,28250,6,4.320,-3.482,0.000,1,4.889,2,4.097,3,6.000,4,5.992,255,0,0,0,0
1671457285045,32,28282,6,4.320,-3.482,0.000,1,4.889,2,4.097,3,6.014,4,5.992,255,0,0,0,0
1671457285045,0,28282,6,4.320,-3.482,0.000,1,4.889,2,4.097,3,6.014,4,5.992,255,0,0,0,0
1671457285091,46,28328,6,4.320,-3.482,0.000,1,4.889,2,4.097,3,6.014,4,5.992,255,0,0,0,0
1671457285137,46,28374,6,4.320,-3.482,0.000,1,4.880,2,4.097,3,6.006,4,5.992,255,0,0,0,0
1671457285156,19,28393,6,4.320,-3.482,0.000,1,4.880,2,4.097,3,6.006,4,5.992,255,0,0,0,0
1671457285168,12,28405,6,4.320,-3.482,0.000,1,4.880,2,4.097,3,6.006,4,5.992,255,0,0,0,0
1671457285230,62,28467,6,4.320,-3.482,0.000,1,4.880,2,4.097,3,6.006,4,5.992,255,0,0,0,0
1671457285230,0,28467,6,4.320,-3.482,0.000,1,4.880,2,4.097,3,6.006,4,5.992,255,0,0,0,0
1671457285260,30,28497,6,4.320,-3.482,0.000,1,4.883,2,4.097,3,6.006,4,5.995,255,0,0,0,0
1671457285276,16,28513,6,4.320,-3.482,0.000,1,4.883,2,4.097,3,6.006,4,5.995,255,0,0,0,0
1671457285338,62,28575,6,4.320,-3.482,0.000,1,4.883,2,4.097,3,6.006,4,5.995,255,0,0,0,0
1671457285384,46,28621,6,4.320,-3.482,0.000,1,4.883,2,4.097,3,5.995,4,5.995,255,0,0,0,0
1671457285445,61,28682,6,4.320,-3.482,0.000,1,4.883,2,4.097,3,5.995,4,5.995,255,0,0,0,0
1671457285445,0,28682,6,4.320,-3.482,0.000,1,4.883,2,4.097,3,5.995,4,5.995,255,0,0,0,0
1671457285475,30,28712,6,4.320,-3.482,0.000,1,4.883,2,4.097,3,5.995,4,5.995,255,0,0,0,0
1671457285537,62,28774,6,4.320,-3.482,0.000,1,4.875,2,4.099,3,6.009,4,5.992,255,0,0,0,0
1671457285568,31,28805,6,4.320,-3.482,0.000,1,4.875,2,4.099,3,6.009,4,5.992,255,0,0,0,0
1671457285593,25,28830,6,4.320,-3.482,0.000,1,4.875,2,4.099,3,6.009,4,5.992,255,0,0,0,0
1671457285599,6,28836,6,4.320,-3.482,0.000,1,4.886,2,4.099,3,6.000,4,5.995,255,0,0,0,0
1671457285599,0,28836,6,4.320,-3.482,0.000,1,4.886,2,4.099,3,6.000,4,5.995,255,0,0,0,0
1671457285661,62,28898,6,4.320,-3.482,0.000,1,4.886,2,4.099,3,6.000,4,5.995,255,0,0,0,0
1671457285691,30,28928,6,4.320,-3.482,0.000,1,4.886,2,4.099,3,6.000,4,5.995,255,0,0,0,0
1671457285722,31,28959,6,4.320,-3.482,0.000,1,4.886,2,4.099,3,6.000,4,5.995,255,0,0,0,0
1671457285799,77,29036,6,4.320,-3.482,0.000,1,4.886,2,4.099,3,6.000,4,5.995,255,0,0,0,0
1671457285829,30,29066,6,4.320,-3.482,0.000,1,4.878,2,4.110,3,6.003,4,5.992,255,0,0,0,0
1671457285829,0,29066,6,4.320,-3.479,0.000,1,4.878,2,4.110,3,6.003,4,5.992,255,0,0,0,0
1671457285891,62,29128,6,4.320,-3.479,0.000,1,4.878,2,4.110,3,6.003,4,5.992,255,0,0,0,0
1671457285921,30,29158,6,4.320,-3.479,0.000,1,4.878,2,4.110,3,6.003,4,5.992,255,0,0,0,0
1671457285983,62,29220,6,4.320,-3.479,0.000,1,4.878,2,4.110,3,6.003,4,5.992,255,0,0,0,0
1671457286014,31,29251,6,4.320,-3.479,0.000,1,4.875,2,4.116,3,6.009,4,5.992,255,0,0,0,0
1671457286046,32,29283,6,4.320,-3.479,0.000,1,4.875,2,4.116,3,6.009,4,5.992,255,0,0,0,0
1671457286046,0,29283,6,4.320,-3.479,0.000,1,4.875,2,4.116,3,6.009,4,5.992,255,0,0,0,0
1671457286107,61,29344,6,4.329,-3.489,0.000,1,4.875,2,4.116,3,6.009,4,5.992,255,0,0,0,0
1671457286138,31,29375,6,4.329,-3.489,0.000,1,4.883,2,4.113,3,6.006,4,5.995,255,0,0,0,0
1671457286184,46,29421,6,4.329,-3.489,0.000,1,4.883,2,4.113,3,6.006,4,5.995,255,0,0,0,0
1671457286215,31,29452,6,4.329,-3.489,0.000,1,4.883,2,4.113,3,6.006,4,5.995,255,0,0,0,0
1671457286261,46,29498,6,4.329,-3.489,0.000,1,4.880,2,4.124,3,6.014,4,5.992,255,0,0,0,0
1671457286261,0,29498,6,4.329,-3.489,0.000,1,4.880,2,4.124,3,6.014,4,5.992,255,0,0,0,0
1671457286294,33,29531,6,4.329,-3.489,0.000,1,4.880,2,4.124,3,6.014,4,5.992,255,0,0,0,0
1671457286353,59,29590,6,4.329,-3.489,0.000,1,4.880,2,4.124,3,6.014,4,5.992,255,0,0,0,0
1671457286403,50,29640,6,4.329,-3.489,0.000,1,4.891,2,4.108,3,6.040,4,5.998,255,0,0,0,0
1671457286462,59,29699,6,4.329,-3.489,0.000,1,4.891,2,4.108,3,6.040,4,5.998,255,0,0,0,0
1671457286513,51,29750,6,4.329,-3.489,0.000,1,4.880,2,4.121,3,6.032,4,5.992,255,0,0,0,0
1671457286513,0,29750,6,4.329,-3.489,0.000,1,4.880,2,4.121,3,6.032,4,5.992,255,0,0,0,0
1671457286538,25,29775,6,4.329,-3.489,0.000,1,4.880,2,4.121,3,6.032,4,5.992,255,0,0,0,0
1671457286569,31,29806,6,4.329,-3.489,0.000,1,4.880,2,4.121,3,6.032,4,5.992,255,0,0,0,0
1671457286632,63,29869,6,4.323,-3.479,0.000,1,4.880,2,4.121,3,6.032,4,5.992,255,0,0,0,0
1671457286661,29,29898,6,4.323,-3.479,0.000,1,4.875,2,4.108,3,6.043,4,5.995,255,0,0,0,0
1671457286686,25,29923,6,4.323,-3.479,0.000,1,4.875,2,4.108,3,6.043,4,5.995,255,0,0,0,0
1671457286686,0,29923,6,4.323,-3.479,0.000,1,4.875,2,4.108,3,6.043,4,5.995,255,0,0,0,0
1671457286692,6,29929,6,4.323,-3.479,0.000,1,4.875,2,4.108,3,6.043,4,5.995,255,0,0,0,0
1671457286767,75,30004,6,4.323,-3.479,0.000,1,4.875,2,4.108,3,6.043,4,5.995,255,0,0,0,0
1671457286798,31,30035,6,4.323,-3.479,0.000,1,4.880,2,4.116,3,6.048,4,5.995,255,0,0,0,0
1671457286813,15,30050,6,4.323,-3.479,0.000,1,4.880,2,4.116,3,6.048,4,5.995,255,0,0,0,0
1671457286891,78,30128,6,4.323,-3.479,0.000,1,4.880,2,4.116,3,6.048,4,5.995,255,0,0,0,0
1671457286891,0,30128,6,4.323,-3.479,0.000,1,4.880,2,4.116,3,6.048,4,5.995,255,0,0,0,0
1671457286951,60,30188,6,4.323,-3.479,0.000,1,4.880,2,4.116,3,6.048,4,5.995,255,0,0,0,0
1671457286982,31,30219,6,4.323,-3.479,0.000,1,4.880,2,4.116,3,6.048,4,5.995,255,0,0,0,0
1671457287012,30,30249,6,4.323,-3.479,0.000,1,4.880,2,4.108,3,6.046,4,5.995,255,0,0,0,0
1671457287028,16,30265,6,4.323,-3.479,0.000,1,4.880,2,4.108,3,6.046,4,5.995,255,0,0,0,0
1671457287088,60,30325,6,4.323,-3.479,0.000,1,4.880,2,4.108,3,6.046,4,5.995,255,0,0,0,0
1671457287088,0,30325,6,4.385,-3.622,0.000,1,4.880,2,4.108,3,6.046,4,5.995,255,0,0,0,0
1671457287120,32,30357,6,4.385,-3.622,0.000,1,4.886,2,4.110,3,6.043,4,5.995,255,0,0,0,0
1671457287173,53,30410,6,4.385,-3.622,0.000,1,4.886,2,4.110,3,6.043,4,5.995,255,0,0,0,0
1671457287196,23,30433,6,4.385,-3.622,0.000,1,4.886,2,4.110,3,6.043,4,5.995,255,0,0,0,0
1671457287227,31,30464,6,4.385,-3.622,0.000,1,4.886,2,4.110,3,6.043,4,5.995,255,0,0,0,0
1671457287303,76,30540,6,4.385,-3.622,0.000,1,4.878,2,4.113,3,6.040,4,5.995,255,0,0,0,0
1671457287303,0,30540,6,4.385,-3.622,0.000,1,4.878,2,4.113,3,6.040,4,5.995,255,0,0,0,0
1671457287332,29,30569,6,4.385,-3.622,0.000,1,4.878,2,4.113,3,6.040,4,5.995,255,0,0,0,0
1671457287362,30,30599,6,4.385,-3.622,0.000,1,4.883,2,4.094,3,6.051,4,5.995,255,0,0,0,0
1671457287439,77,30676,6,4.385,-3.622,0.000,1,4.883,2,4.094,3,6.051,4,5.995,255,0,0,0,0
1671457287470,31,30707,6,4.385,-3.622,0.000,1,4.883,2,4.094,3,6.051,4,5.995,255,0,0,0,0
1671457287545,75,30782,6,4.385,-3.622,0.000,1,4.883,2,4.094,3,6.051,4,5.995,255,0,0,0,0
1671457287545,0,30782,6,4.385,-3.622,0.000,1,4.883,2,4.094,3,6.051,4,5.995,255,0,0,0,0
1671457287576,31,30813,6,4.385,-3.622,0.000,1,4.880,2,4.097,3,5.481,4,5.992,255,0,0,0,0
1671457287637,61,30874,6,4.385,-3.622,0.000,1,4.875,2,4.099,3,5.481,4,5.992,255,0,0,0,0
1671457287668,31,30905,6,4.385,-3.622,0.000,1,4.875,2,4.099,3,5.500,4,5.995,255,0,0,0,0
1671457287716,48,30953,6,4.342,-3.530,0.000,1,4.875,2,4.099,3,5.500,4,5.995,255,0,0,0,0
1671457287744,28,30981,6,4.342,-3.530,0.000,1,4.880,2,4.108,3,5.503,4,5.995,255,0,0,0,0
1671457287744,0,30981,6,4.342,-3.530,0.000,1,4.880,2,4.108,3,5.503,4,5.995,255,0,0,0,0
1671457287774,30,31011,6,4.342,-3.530,0.000,1,4.880,2,4.108,3,5.503,4,5.995,255,0,0,0,0
1671457287789,15,31026,6,4.376,-3.619,0.000,1,4.880,2,4.108,3,5.503,4,5.995,255,0,0,0,0
1671457287889,100,31126,6,4.376,-3.619,0.000,1,4.880,2,4.108,3,5.503,4,5.995,255,0,0,0,0
1671457287909,20,31146,6,4.376,-3.619,0.000,1,4.880,2,4.108,3,5.503,4,5.995,255,0,0,0,0
1671457287946,37,31183,6,4.376,-3.619,0.000,1,4.880,2,4.108,3,5.503,4,5.995,255,0,0,0,0
1671457287946,0,31183,6,4.376,-3.619,0.000,1,4.880,2,4.108,3,5.503,4,5.995,255,0,0,0,0
1671457288016,70,31253,6,4.400,-3.673,0.000,1,4.883,2,4.099,3,5.509,4,5.995,255,0,0,0,0
1671457288046,30,31283,6,4.400,-3.673,0.000,1,4.880,2,4.099,3,5.503,4,5.995,255,0,0,0,0
1671457288108,62,31345,6,4.322,-3.480,0.000,1,4.880,2,4.099,3,5.503,4,5.995,255,0,0,0,0
1671457288138,30,31375,6,4.322,-3.480,0.000,1,4.872,2,4.094,3,5.503,4,5.992,255,0,0,0,0
1671457288200,62,31437,6,4.322,-3.480,0.000,1,4.872,2,4.094,3,5.503,4,5.992,255,0,0,0,0
1671457288200,0,31437,6,4.322,-3.480,0.000,1,4.872,2,4.094,3,5.503,4,5.992,255,0,0,0,0
1671457288366,166,31603,6,4.387,-3.647,0.000,1,4.872,2,4.094,3,5.503,4,5.992,255,0,0,0,0
1671457288397,31,31634,6,4.387,-3.647,0.000,1,4.867,2,4.110,3,5.509,4,5.995,255,0,0,0,0
1671457288427,30,31664,6,4.387,-3.647,0.000,1,4.867,2,4.110,3,5.509,4,5.995,255,0,0,0,0
1671457288457,30,31694,6,4.392,-3.658,0.000,1,4.867,2,4.110,3,5.509,4,5.995,255,0,0,0,0
1671457288457,0,31694,6,4.392,-3.658,0.000,1,4.867,2,4.110,3,5.509,4,5.995,255,0,0,0,0
1671457288518,61,31755,6,4.396,-3.665,0.000,1,4.867,2,4.110,3,5.509,4,5.995,255,0,0,0,0
1671457288548,30,31785,6,4.396,-3.665,0.000,1,4.880,2,4.110,3,6.048,4,5.995,255,0,0,0,0
1671457288564,16,31801,6,4.399,-3.667,0.000,1,4.880,2,4.110,3,6.048,4,5.995,255,0,0,0,0
1671457288640,76,31877,6,4.399,-3.667,0.000,1,4.880,2,4.110,3,6.048,4,5.995,255,0,0,0,0
1671457288670,30,31907,6,4.399,-3.667,0.000,1,4.880,2,4.110,3,6.048,4,5.995,255,0,0,0,0
1671457288670,0,31907,6,4.399,-3.667,0.000,1,4.880,2,4.110,3,6.048,4,5.995,255,0,0,0,0
1671457288732,62,31969,6,4.399,-3.667,0.000,1,4.880,2,4.110,3,6.048,4,5.995,255,0,0,0,0
1671457288768,36,32005,6,4.399,-3.667,0.000,1,4.880,2,4.116,3,6.037,4,5.995,255,0,0,0,0
1671457288806,38,32043,6,4.399,-3.667,0.000,1,4.880,2,4.116,3,6.037,4,5.995,255,0,0,0,0
1671457288836,30,32073,6,4.399,-3.667,0.000,1,4.880,2,4.116,3,6.037,4,5.995,255,0,0,0,0
1671457288898,62,32135,6,4.399,-3.667,0.000,1,4.886,2,4.119,3,6.026,4,5.995,255,0,0,0,0
1671457288898,0,32135,6,4.399,-3.667,0.000,1,4.886,2,4.119,3,6.026,4,5.995,255,0,0,0,0
1671457288928,30,32165,6,4.399,-3.667,0.000,1,4.886,2,4.119,3,6.026,4,5.995,255,0,0,0,0
1671457288959,31,32196,6,4.399,-3.667,0.000,1,4.886,2,4.119,3,6.026,4,5.995,255,0,0,0,0
1671457289028,69,32265,6,4.399,-3.667,0.000,1,4.883,2,4.110,3,6.024,4,5.995,255,0,0,0,0
1671457289051,23,32288,6,4.399,-3.667,0.000,1,4.883,2,4.110,3,6.024,4,5.995,255,0,0,0,0
1671457289082,31,32319,6,4.399,-3.667,0.000,1,4.883,2,4.110,3,6.024,4,5.995,255,0,0,0,0
1671457289082,0,32319,6,4.399,-3.667,0.000,1,4.883,2,4.110,3,6.024,4,5.995,255,0,0,0,0
1671457289114,32,32351,6,4.399,-3.667,0.000,1,4.883,2,4.116,3,6.024,4,5.995,255,0,0,0,0
1671457289176,62,32413,6,4.399,-3.667,0.000,1,4.883,2,4.116,3,6.024,4,5.995,255,0,0,0,0
1671457289201,25,32438,6,4.332,-3.496,0.000,1,4.883,2,4.116,3,6.024,4,5.995,255,0,0,0,0
1671457289222,21,32459,6,4.332,-3.496,0.000,1,4.875,2,4.119,3,6.024,4,5.995,255,0,0,0,0
1671457289299,77,32536,6,4.332,-3.496,0.000,1,4.875,2,4.119,3,6.024,4,5.995,255,0,0,0,0
1671457289299,0,32536,6,4.332,-3.496,0.000,1,4.875,2,4.119,3,6.024,4,5.995,255,0,0,0,0
1671457289354,55,32591,6,4.332,-3.496,0.000,1,4.875,2,4.119,3,6.024,4,5.995,255,0,0,0,0
1671457289392,38,32629,6,4.332,-3.496,0.000,1,4.880,2,4.105,3,6.032,4,5.995,255,0,0,0,0
1671457289438,46,32675,6,4.332,-3.496,0.000,1,4.880,2,4.105,3,6.032,4,5.995,255,0,0,0,0
1671457289514,76,32751,6,4.332,-3.496,0.000,1,4.880,2,4.105,3,6.032,4,5.995,255,0,0,0,0
1671457289545,31,32782,6,4.332,-3.496,0.000,1,4.872,2,4.108,3,6.011,4,5.995,255,0,0,0,0
1671457289545,0,32782,6,4.332,-3.496,0.000,1,4.872,2,4.108,3,6.011,4,5.995,255,0,0,0,0
1671457289576,31,32813,6,4.332,-3.496,0.000,1,4.872,2,4.108,3,6.011,4,5.995,255,0,0,0,0
1671457289652,76,32889,6,4.332,-3.496,0.000,1,4.872,2,4.108,3,6.011,4,5.995,255,0,0,0,0
1671457289682,30,32919,6,4.332,-3.496,0.000,1,4.867,2,4.083,3,6.046,4,5.995,255,0,0,0,0
1671457289744,62,32981,6,4.332,-3.496,0.000,1,4.867,2,4.083,3,6.046,4,5.995,255,0,0,0,0
1671457289805,61,33042,6,4.332,-3.496,0.000,1,4.872,2,4.113,3,5.503,4,5.995,255,0,0,0,0
1671457289805,0,33042,6,4.332,-3.496,0.000,1,4.872,2,4.113,3,5.503,4,5.995,255,0,0,0,0
1671457289836,31,33073,6,4.332,-3.496,0.000,1,4.872,2,4.113,3,5.503,4,5.995,255,0,0,0,0
1671457289901,65,33138,6,4.494,-3.586,0.000,1,4.880,2,4.110,3,5.503,4,5.995,255,0,0,0,0
1671457289930,29,33167,6,4.494,-3.586,0.000,1,4.880,2,4.110,3,5.503,4,5.995,255,0,0,0,0
1671457289975,45,33212,6,4.405,-3.653,0.000,1,4.880,2,4.110,3,5.503,4,5.995,255,0,0,0,0
1671457290021,46,33258,6,4.405,-3.653,0.000,1,4.880,2,4.110,3,5.503,4,5.995,255,0,0,0,0
1671457290021,0,33258,6,4.405,-3.653,0.000,1,4.880,2,4.110,3,5.503,4,5.995,255,0,0,0,0
1671457290084,63,33321,6,4.405,-3.653,0.000,1,4.869,2,4.108,3,5.503,4,5.995,255,0,0,0,0
1671457290098,14,33335,6,4.371,-3.657,0.000,1,4.867,2,4.113,3,5.506,4,5.995,255,0,0,0,0
1671457290174,76,33411,6,4.371,-3.657,0.000,1,4.867,2,4.113,3,5.506,4,5.995,255,0,0,0,0
1671457290205,31,33442,6,4.371,-3.657,0.000,1,4.867,2,4.113,3,5.506,4,6.009,255,0,0,0,0
1671457290280,75,33517,6,4.371,-3.657,0.000,1,4.867,2,4.113,3,5.506,4,6.009,255,0,0,0,0
1671457290280,0,33517,1,9.390,-3.685,2.220,255,0,0,0,0
1671457290280,0,33517,2,0.003,-3.685,2.220,255,0,0,0,0
1671457290281,1,33518,3,0.003,0.000,2.220,255,0,0,0,0
1671457290282,1,33519,4,9.390,0.000,2.220,255,0,0,0,0
1671457290282,0,33519,6,4.359,-3.659,0.000,1,4.867,2,4.113,3,5.506,4,6.009,255,0,0,0,0
1671457290312,30,33549,6,4.359,-3.659,0.000,1,4.867,2,4.110,3,5.511,4,5.995,255,0,0,0,0
1671457290343,31,33580,6,4.329,-3.658,0.000,1,4.867,2,4.110,3,5.511,4,5.995,255,0,0,0,0
1671457290405,62,33642,6,4.329,-3.658,0.000,1,4.867,2,4.110,3,5.511,4,5.995,255,0,0,0,0
1671457290451,46,33688,6,4.329,-3.658,0.000,1,4.883,2,4.113,3,5.509,4,5.995,255,0,0,0,0
1671457290482,31,33719,6,4.329,-3.658,0.000,1,4.883,2,4.113,3,5.509,4,5.995,255,0,0,0,0
1671457290482,0,33719,6,4.339,-3.663,0.000,1,4.883,2,4.113,3,5.509,4,5.995,255,0,0,0,0
1671457290513,31,33750,6,4.339,-3.663,0.000,1,4.869,2,4.113,3,5.514,4,5.995,255,0,0,0,0
1671457290560,47,33797,6,4.330,-3.664,0.000,1,4.869,2,4.113,3,5.514,4,5.995,255,0,0,0,0
1671457290591,31,33828,6,4.330,-3.664,0.000,1,4.869,2,4.113,3,5.514,4,5.995,255,0,0,0,0
1671457290621,30,33858,6,4.330,-3.664,0.000,1,4.880,2,4.108,3,5.514,4,5.995,255,0,0,0,0
1671457290652,31,33889,6,4.330,-3.664,0.000,1,4.880,2,4.108,3,5.514,4,5.995,255,0,0,0,0
1671457290652,0,33889,6,4.330,-3.664,0.000,1,4.880,2,4.108,3,5.514,4,5.995,255,0,0,0,0
1671457290713,61,33950,6,4.334,-3.671,0.000,1,4.880,2,4.108,3,5.514,4,5.995,255,0,0,0,0
1671457290735,22,33972,6,4.334,-3.671,0.000,1,4.883,2,4.099,3,5.503,4,5.995,255,0,0,0,0
1671457290777,42,34014,6,4.334,-3.671,0.000,1,4.883,2,4.099,3,5.503,4,5.995,255,0,0,0,0
1671457290838,61,34075,6,4.334,-3.671,0.000,1,4.883,2,4.099,3,5.503,4,5.995,255,0,0,0,0
1671457290900,62,34137,6,4.334,-3.671,0.000,1,4.869,2,4.094,3,5.503,4,5.995,255,0,0,0,0
1671457290900,0,34137,6,4.328,-3.609,0.000,1,4.869,2,4.094,3,5.503,4,5.995,255,0,0,0,0
1671457290953,53,34190,6,4.328,-3.609,0.000,1,4.869,2,4.094,3,5.503,4,5.995,255,0,0,0,0
1671457290994,41,34231,6,4.328,-3.609,0.000,1,4.880,2,4.094,3,5.511,4,5.995,255,0,0,0,0
1671457291023,29,34260,6,4.315,-3.479,0.000,1,4.880,2,4.094,3,5.511,4,5.995,255,0,0,0,0
1671457291054,31,34291,6,4.315,-3.479,0.000,1,4.880,2,4.094,3,5.511,4,5.995,255,0,0,0,0
1671457291070,16,34307,6,4.315,-3.479,0.000,1,4.880,2,4.094,3,5.511,4,5.995,255,0,0,0,0
1671457291070,0,34307,6,4.365,-3.599,0.000,1,4.880,2,4.094,3,5.511,4,5.995,255,0,0,0,0
1671457291146,76,34383,6,4.365,-3.599,0.000,1,4.880,2,4.094,3,5.511,4,5.995,255,0,0,0,0
1671457291170,24,34407,6,4.365,-3.599,0.000,1,4.869,2,4.094,3,5.506,4,5.995,255,0,0,0,0
1671457291176,6,34413,6,4.375,-3.623,0.000,1,4.869,2,4.094,3,5.506,4,5.995,255,0,0,0,0
1671457291238,62,34475,6,4.375,-3.623,0.000,1,4.869,2,4.094,3,5.506,4,5.995,255,0,0,0,0
1671457291269,31,34506,6,4.375,-3.623,0.000,1,4.867,2,4.097,3,5.500,4,5.992,255,0,0,0,0
1671457291269,0,34506,6,4.375,-3.623,0.000,1,4.867,2,4.097,3,5.500,4,5.992,255,0,0,0,0
1671457291422,153,34659,6,4.331,-3.512,0.000,1,4.867,2,4.097,3,5.500,4,5.992,255,0,0,0,0
1671457291452,30,34689,6,4.331,-3.512,0.000,1,4.867,2,4.097,3,5.500,4,5.992,255,0,0,0,0
1671457291531,79,34768,6,4.331,-3.512,0.000,1,4.867,2,4.097,3,5.500,4,5.992,255,0,0,0,0
1671457291561,30,34798,6,4.331,-3.512,0.000,1,4.880,2,4.091,3,5.500,4,5.995,255,0,0,0,0
1671457291561,0,34798,6,4.331,-3.512,0.000,1,4.880,2,4.091,3,5.500,4,5.995,255,0,0,0,0
1671457291623,62,34860,6,4.320,-3.474,0.000,1,4.880,2,4.091,3,5.500,4,5.995,255,0,0,0,0
1671457291683,60,34920,6,4.320,-3.474,0.000,1,4.878,2,4.097,3,5.500,4,5.995,255,0,0,0,0
1671457291715,32,34952,6,4.320,-3.474,0.000,1,4.878,2,4.097,3,5.500,4,5.995,255,0,0,0,0
1671457291730,15,34967,6,4.366,-3.597,0.000,1,4.880,2,4.085,3,5.498,4,5.995,255,0,0,0,0
1671457291806,76,35043,6,4.366,-3.597,0.000,1,4.880,2,4.085,3,5.498,4,5.995,255,0,0,0,0
1671457291806,0,35043,6,4.366,-3.597,0.000,1,4.880,2,4.085,3,5.498,4,5.995,255,0,0,0,0
1671457291828,22,35065,6,4.383,-3.644,0.000,1,4.880,2,4.085,3,5.498,4,5.995,255,0,0,0,0
1671457291872,44,35109,6,4.383,-3.644,0.000,1,4.880,2,4.080,3,5.498,4,5.995,255,0,0,0,0
1671457291898,26,35135,6,4.383,-3.644,0.000,1,4.880,2,4.080,3,5.498,4,5.995,255,0,0,0,0
1671457291960,62,35197,6,4.393,-3.678,0.000,1,4.880,2,4.080,3,5.498,4,5.995,255,0,0,0,0
1671457292020,60,35257,6,4.393,-3.678,0.000,1,4.880,2,4.080,3,5.498,4,5.995,255,0,0,0,0
1671457292020,0,35257,6,4.393,-3.678,0.000,1,4.880,2,4.080,3,5.498,4,5.995,255,0,0,0,0
1671457292049,29,35286,6,4.393,-3.678,0.000,1,4.880,2,4.091,3,5.500,4,5.995,255,0,0,0,0
1671457292088,39,35325,6,4.393,-3.678,0.000,1,4.880,2,4.091,3,5.500,4,5.995,255,0,0,0,0
1671457292113,25,35350,6,4.366,-3.610,0.000,1,4.844,2,4.091,3,5.500,4,5.995,255,0,0,0,0
1671457292143,30,35380,6,4.366,-3.610,0.000,1,4.844,2,4.094,3,5.492,4,5.995,255,0,0,0,0
1671457292173,30,35410,6,4.366,-3.610,0.000,1,4.844,2,4.094,3,5.492,4,5.995,255,0,0,0,0
1671457292173,0,35410,6,4.373,-3.644,0.000,1,4.844,2,4.094,3,5.492,4,5.995,255,0,0,0,0
1671457292235,62,35472,6,4.373,-3.644,0.000,1,4.844,2,4.094,3,5.492,4,5.995,255,0,0,0,0
1671457292266,31,35503,6,4.373,-3.644,0.000,1,4.872,2,4.080,3,5.489,4,5.992,255,0,0,0,0
1671457292281,15,35518,6,4.373,-3.644,0.000,1,4.872,2,4.080,3,5.489,4,5.992,255,0,0,0,0
1671457292343,62,35580,6,4.338,-3.660,0.000,1,4.872,2,4.080,3,5.489,4,5.992,255,0,0,0,0
1671457292374,31,35611,6,4.338,-3.660,0.000,1,4.872,2,4.080,3,5.492,4,5.995,255,0,0,0,0
1671457292374,0,35611,6,4.338,-3.660,0.000,1,4.872,2,4.080,3,5.492,4,5.995,255,0,0,0,0
1671457292435,61,35672,6,4.338,-3.660,0.000,1,4.872,2,4.080,3,5.492,4,5.995,255,0,0,0,0
1671457292466,31,35703,6,4.381,-3.669,0.000,1,4.872,2,4.080,3,5.492,4,5.995,255,0,0,0,0
1671457292497,31,35734,6,4.381,-3.669,0.000,1,4.880,2,4.083,3,5.492,4,5.995,255,0,0,0,0
1671457292528,31,35765,6,4.381,-3.669,0.000,1,4.880,2,4.083,3,5.492,4,5.995,255,0,0,0,0
1671457292588,60,35825,6,4.381,-3.669,0.000,1,4.880,2,4.083,3,5.492,4,5.995,255,0,0,0,0
1671457292588,0,35825,6,4.387,-3.673,0.000,1,4.880,2,4.083,3,5.492,4,5.995,255,0,0,0,0
1671457292604,16,35841,6,4.387,-3.673,0.000,1,4.880,2,4.083,3,5.492,4,5.995,255,0,0,0,0
1671457292680,76,35917,6,4.387,-3.673,0.000,1,4.880,2,4.083,3,5.492,4,5.995,255,0,0,0,0
1671457292702,22,35939,6,4.387,-3.673,0.000,1,4.880,2,4.083,3,5.492,4,5.995,255,0,0,0,0
1671457292745,43,35982,6,4.388,-3.667,0.000,1,4.875,2,4.085,3,5.492,4,5.995,255,0,0,0,0
1671457292773,28,36010,6,4.388,-3.667,0.000,1,4.875,2,4.085,3,5.498,4,5.995,255,0,0,0,0
1671457292773,0,36010,6,4.388,-3.667,0.000,1,4.875,2,4.085,3,5.498,4,5.995,255,0,0,0,0
1671457292805,32,36042,6,4.325,-3.507,0.000,1,4.875,2,4.085,3,5.498,4,5.995,255,0,0,0,0
1671457292819,14,36056,6,4.325,-3.507,0.000,1,4.875,2,4.085,3,5.498,4,5.995,255,0,0,0,0
1671457292895,76,36132,6,4.325,-3.507,0.000,1,4.875,2,4.085,3,5.498,4,5.995,255,0,0,0,0
1671457292942,47,36179,6,4.325,-3.507,0.000,1,4.875,2,4.085,3,5.498,4,5.995,255,0,0,0,0
1671457292973,31,36210,6,4.325,-3.507,0.000,1,4.872,2,4.085,3,5.492,4,5.995,255,0,0,0,0
1671457292973,0,36210,6,4.344,-3.603,0.000,1,4.872,2,4.085,3,5.492,4,5.995,255,0,0,0,0
1671457293019,46,36256,6,4.344,-3.603,0.000,1,4.872,2,4.085,3,5.492,4,5.995,255,0,0,0,0
1671457293079,60,36316,6,4.344,-3.603,0.000,1,4.880,2,4.088,3,5.492,4,5.995,255,0,0,0,0
1671457293110,31,36347,6,4.386,-3.689,0.000,1,4.886,2,4.080,3,5.498,4,5.995,255,0,0,0,0
1671457293156,46,36393,6,4.386,-3.689,0.000,1,4.886,2,4.080,3,5.498,4,5.995,255,0,0,0,0
1671457293218,62,36455,6,4.386,-3.689,0.000,1,4.886,2,4.080,3,5.498,4,5.995,255,0,0,0,0
1671457293218,0,36455,6,4.386,-3.689,0.000,1,4.886,2,4.080,3,5.498,4,5.995,255,0,0,0,0
1671457293248,30,36485,6,4.390,-3.478,0.000,1,4.872,2,4.080,3,5.498,4,5.995,255,0,0,0,0
1671457293278,30,36515,6,4.390,-3.478,0.000,1,4.872,2,4.080,3,5.498,4,5.995,255,0,0,0,0
1671457293340,62,36577,6,4.390,-3.478,0.000,1,4.872,2,4.080,3,5.498,4,5.995,255,0,0,0,0
1671457293370,30,36607,6,4.398,-3.686,0.000,1,4.883,2,4.080,3,5.498,4,5.995,255,0,0,0,0
1671457293400,30,36637,6,4.398,-3.686,0.000,1,4.883,2,4.080,3,5.498,4,6.003,255,0,0,0,0
1671457293400,0,36637,6,4.398,-3.686,0.000,1,4.883,2,4.080,3,5.498,4,6.003,255,0,0,0,0
1671457293460,60,36697,6,4.398,-3.686,0.000,1,4.883,2,4.080,3,5.498,4,6.003,255,0,0,0,0
1671457293520,60,36757,6,4.317,-3.489,0.000,1,4.878,2,4.080,3,5.498,4,6.003,255,0,0,0,0
1671457293550,30,36787,6,4.317,-3.489,0.000,1,4.878,2,4.080,3,5.498,4,5.995,255,0,0,0,0
1671457293580,30,36817,6,4.317,-3.489,0.000,1,4.878,2,4.080,3,5.498,4,5.995,255,0,0,0,0
1671457293596,16,36833,6,4.317,-3.489,0.000,1,4.878,2,4.080,3,5.498,4,5.995,255,0,0,0,0
1671457293596,0,36833,6,4.359,-3.600,0.000,1,4.878,2,4.080,3,5.498,4,5.995,255,0,0,0,0
1671457293673,77,36910,6,4.359,-3.600,0.000,1,4.878,2,4.080,3,5.498,4,5.995,255,0,0,0,0
1671457293704,31,36941,6,4.398,-3.675,0.000,1,4.883,2,4.091,3,5.498,4,5.995,255,0,0,0,0
1671457293750,46,36987,6,4.398,-3.675,0.000,1,4.883,2,4.091,3,5.498,4,5.995,255,0,0,0,0
1671457293812,62,37049,6,4.398,-3.675,0.000,1,4.853,2,4.094,3,5.484,4,5.989,255,0,0,0,0
1671457293873,61,37110,6,4.398,-3.675,0.000,1,4.853,2,4.094,3,5.484,4,5.989,255,0,0,0,0
1671457293873,0,37110,6,4.377,-3.667,0.000,1,4.853,2,4.094,3,5.484,4,5.989,255,0,0,0,0
1671457293919,46,37156,6,4.377,-3.667,0.000,1,4.853,2,4.094,3,5.484,4,5.989,255,0,0,0,0
1671457293952,33,37189,6,4.377,-3.667,0.000,1,4.853,2,4.094,3,5.484,4,5.989,255,0,0,0,0
1671457294028,76,37265,6,4.385,-3.643,0.000,1,4.878,2,4.074,3,5.500,4,5.995,255,0,0,0,0
1671457294060,32,37297,6,4.385,-3.643,0.000,1,4.875,2,4.085,3,5.500,4,5.995,255,0,0,0,0
1671457294120,60,37357,6,4.385,-3.643,0.000,1,4.875,2,4.085,3,5.500,4,5.995,255,0,0,0,0
1671457294120,0,37357,6,4.389,-3.664,0.000,1,4.875,2,4.085,3,5.500,4,5.995,255,0,0,0,0
1671457294182,62,37419,6,4.389,-3.664,0.000,1,4.875,2,4.083,3,5.503,4,5.995,255,0,0,0,0
1671457294213,31,37450,6,4.389,-3.664,0.000,1,4.875,2,4.083,3,5.503,4,5.995,255,0,0,0,0
1671457294235,22,37472,6,4.393,-3.677,0.000,1,4.880,2,4.083,3,5.503,4,5.995,255,0,0,0,0
1671457294278,43,37515,6,4.393,-3.677,0.000,1,4.880,2,4.083,3,5.509,4,5.995,255,0,0,0,0
1671457294304,26,37541,6,4.393,-3.677,0.000,1,4.880,2,4.083,3,5.509,4,5.995,255,0,0,0,0
1671457294304,0,37541,6,4.395,-3.686,0.000,1,4.880,2,4.083,3,5.509,4,5.995,255,0,0,0,0
1671457294334,30,37571,6,4.395,-3.686,0.000,1,4.880,2,4.083,3,5.509,4,5.995,255,0,0,0,0
1671457294364,30,37601,6,4.395,-3.686,0.000,1,4.872,2,4.083,3,5.509,4,5.995,255,0,0,0,0
1671457294426,62,37663,6,4.395,-3.686,0.000,1,4.872,2,4.083,3,5.509,4,5.995,255,0,0,0,0
1671457294453,27,37690,6,4.403,-3.708,0.000,1,4.872,2,4.083,3,5.500,4,5.995,255,0,0,0,0
1671457294472,19,37709,6,4.403,-3.708,0.000,1,4.872,2,4.083,3,5.500,4,5.995,255,0,0,0,0
1671457294472,0,37709,6,4.403,-3.708,0.000,1,4.872,2,4.083,3,5.500,4,5.995,255,0,0,0,0
1671457294549,77,37786,6,4.403,-3.708,0.000,1,4.872,2,4.083,3,5.500,4,5.995,255,0,0,0,0
1671457294594,45,37831,6,4.329,-3.517,0.000,1,4.880,2,4.077,3,5.500,4,5.995,255,0,0,0,0
1671457294624,30,37861,6,4.329,-3.517,0.000,1,4.872,2,4.077,3,5.498,4,5.995,255,0,0,0,0
1671457294655,31,37892,6,4.329,-3.517,0.000,1,4.872,2,4.077,3,5.498,4,5.995,255,0,0,0,0
1671457294686,31,37923,6,4.329,-3.517,0.000,1,4.872,2,4.077,3,5.498,4,5.995,255,0,0,0,0
1671457294686,0,37923,6,4.333,-3.501,0.000,1,4.872,2,4.077,3,5.498,4,5.995,255,0,0,0,0
1671457294748,62,37985,6,4.333,-3.501,0.000,1,4.872,2,4.077,3,5.498,4,5.995,255,0,0,0,0
1671457294778,30,38015,6,4.333,-3.501,0.000,1,4.880,2,4.088,3,5.500,4,5.984,255,0,0,0,0
1671457294793,15,38030,6,4.333,-3.501,0.000,1,4.880,2,4.088,3,5.500,4,5.984,255,0,0,0,0
1671457294901,108,38138,6,4.396,-3.500,0.000,1,4.880,2,4.088,3,5.500,4,5.984,255,0,0,0,0
1671457294934,33,38171,6,4.396,-3.500,0.000,1,4.880,2,4.088,3,5.500,4,5.984,255,0,0,0,0
1671457294934,0,38171,6,4.396,-3.500,0.000,1,4.880,2,4.088,3,5.500,4,5.984,255,0,0,0,0
1671457294994,60,38231,6,4.396,-3.500,0.000,1,4.880,2,4.097,3,5.500,4,5.995,255,0,0,0,0
1671457295024,30,38261,6,4.334,-3.484,0.000,1,4.880,2,4.099,3,5.500,4,5.995,255,0,0,0,0
1671457295085,61,38322,6,4.334,-3.484,0.000,1,4.880,2,4.099,3,5.500,4,5.995,255,0,0,0,0
1671457295112,27,38349,6,4.327,-3.608,0.000,1,4.880,2,4.099,3,5.500,4,5.995,255,0,0,0,0
1671457295132,20,38369,6,4.327,-3.608,0.000,1,4.880,2,4.083,3,5.506,4,5.995,255,0,0,0,0
1671457295132,0,38369,6,4.327,-3.608,0.000,1,4.880,2,4.083,3,5.506,4,5.995,255,0,0,0,0
1671457295193,61,38430,6,4.327,-3.608,0.000,1,4.880,2,4.083,3,5.506,4,5.995,255,0,0,0,0
1671457295217,24,38454,6,4.323,-3.659,0.000,1,4.880,2,4.083,3,5.506,4,5.995,255,0,0,0,0
1671457295262,45,38499,6,4.323,-3.659,0.000,1,4.872,2,4.097,3,5.498,4,5.995,255,0,0,0,0
1671457295286,24,38523,6,4.323,-3.659,0.000,1,4.872,2,4.097,3,5.498,4,5.995,255,0,0,0,0
1671457295318,32,38555,6,4.323,-3.659,0.000,1,4.872,2,4.097,3,5.498,4,5.995,255,0,0,0,0
1671457295318,0,38555,6,4.344,-3.671,0.000,1,4.872,2,4.097,3,5.498,4,5.995,255,0,0,0,0
1671457295372,54,38609,6,4.344,-3.671,0.000,1,4.872,2,4.097,3,5.498,4,5.995,255,0,0,0,0
1671457295410,38,38647,6,4.344,-3.671,0.000,1,4.883,2,4.105,3,5.500,4,5.995,255,0,0,0,0
1671457295439,29,38676,6,4.387,-3.666,0.000,1,4.883,2,4.105,3,5.500,4,5.995,255,0,0,0,0
1671457295456,17,38693,6,4.387,-3.666,0.000,1,4.883,2,4.105,3,5.500,4,5.995,255,0,0,0,0
1671457295533,77,38770,6,4.387,-3.666,0.000,1,4.883,2,4.105,3,5.500,4,5.995,255,0,0,0,0
1671457295533,0,38770,6,4.387,-3.666,0.000,1,4.883,2,4.105,3,5.500,4,5.995,255,0,0,0,0
1671457295563,30,38800,6,4.387,-3.666,0.000,1,4.878,2,4.108,3,5.500,4,5.995,255,0,0,0,0
1671457295626,63,38863,6,4.403,-3.683,0.000,1,4.878,2,4.108,3,5.500,4,5.995,255,0,0,0,0
1671457295657,31,38894,6,4.403,-3.683,0.000,1,4.883,2,4.105,3,5.495,4,5.995,255,0,0,0,0
1671457295704,47,38941,6,4.403,-3.683,0.000,1,4.883,2,4.105,3,5.495,4,5.995,255,0,0,0,0
1671457295751,47,38988,6,4.403,-3.683,0.000,1,4.880,2,4.105,3,5.495,4,5.995,255,0,0,0,0
1671457295751,0,38988,6,4.382,-3.628,0.000,1,4.880,2,4.105,3,5.495,4,5.995,255,0,0,0,0
1671457295783,32,39020,6,4.382,-3.628,0.000,1,4.880,2,4.099,3,5.500,4,5.995,255,0,0,0,0
1671457295844,61,39081,6,4.382,-3.628,0.000,1,4.880,2,4.099,3,5.500,4,5.995,255,0,0,0,0
1671457295905,61,39142,6,4.400,-3.675,0.000,1,4.880,2,4.097,3,5.498,4,5.995,255,0,0,0,0
1671457295936,31,39173,6,4.400,-3.675,0.000,1,4.880,2,4.097,3,5.498,4,5.995,255,0,0,0,0
1671457295965,29,39202,6,4.400,-3.675,0.000,1,4.880,2,4.097,3,5.498,4,5.995,255,0,0,0,0
1671457295965,0,39202,6,4.400,-3.675,0.000,1,4.880,2,4.097,3,5.498,4,5.995,255,0,0,0,0
1671457296028,63,39265,6,4.328,-3.497,0.000,1,4.878,2,4.102,3,5.498,4,5.995,255,0,0,0,0
1671457296058,30,39295,6,4.328,-3.497,0.000,1,4.878,2,4.102,3,5.498,4,5.995,255,0,0,0,0
1671457296089,31,39326,6,4.392,-3.662,0.000,1,4.878,2,4.102,3,5.498,4,5.995,255,0,0,0,0
1671457296105,16,39342,6,4.392,-3.662,0.000,1,4.883,2,4.097,3,5.498,4,5.995,255,0,0,0,0
1671457296182,77,39419,6,4.392,-3.662,0.000,1,4.883,2,4.097,3,5.498,4,5.995,255,0,0,0,0
1671457296182,0,39419,6,4.392,-3.662,0.000,1,4.883,2,4.097,3,5.498,4,5.995,255,0,0,0,0
1671457296212,30,39449,6,4.327,-3.492,0.000,1,4.883,2,4.097,3,5.498,4,5.995,255,0,0,0,0
1671457296246,34,39483,6,4.327,-3.492,0.000,1,4.878,2,4.102,3,5.498,4,5.995,255,0,0,0,0
1671457296305,59,39542,6,4.327,-3.492,0.000,1,4.878,2,4.102,3,5.498,4,5.995,255,0,0,0,0
1671457296354,49,39591,6,4.387,-3.651,0.000,1,4.878,2,4.102,3,5.498,4,5.995,255,0,0,0,0
1671457296382,28,39619,6,4.387,-3.651,0.000,1,4.880,2,4.102,3,5.498,4,5.995,255,0,0,0,0
1671457296382,0,39619,6,4.387,-3.651,0.000,1,4.880,2,4.102,3,5.498,4,5.995,255,0,0,0,0
1671457296464,82,39701,6,4.387,-3.651,0.000,1,4.880,2,4.102,3,5.498,4,5.995,255,0,0,0,0
1671457296489,25,39726,6,4.379,-3.626,0.000,1,4.880,2,4.102,3,5.498,4,5.995,255,0,0,0,0
1671457296532,43,39769,6,4.379,-3.626,0.000,1,4.883,2,4.105,3,5.495,4,5.995,255,0,0,0,0
1671457296551,19,39788,6,4.379,-3.626,0.000,1,4.883,2,4.105,3,5.495,4,5.995,255,0,0,0,0
1671457296551,0,39788,6,4.379,-3.626,0.000,1,4.883,2,4.105,3,5.495,4,5.995,255,0,0,0,0
1671457296660,109,39897,6,4.328,-3.483,0.000,1,4.878,2,4.099,3,5.498,4,5.995,255,0,0,0,0
1671457296690,30,39927,6,4.328,-3.483,0.000,1,4.878,2,4.099,3,5.498,4,5.995,255,0,0,0,0
1671457296750,60,39987,6,4.328,-3.483,0.000,1,4.878,2,4.099,3,5.498,4,5.995,255,0,0,0,0
1671457296813,63,40050,6,4.323,-3.621,0.000,1,4.878,2,4.105,3,5.486,4,5.995,255,0,0,0,0
1671457296813,0,40050,6,4.323,-3.621,0.000,1,4.878,2,4.105,3,5.486,4,5.995,255,0,0,0,0
1671457296875,62,40112,6,4.323,-3.621,0.000,1,4.878,2,4.105,3,5.486,4,5.995,255,0,0,0,0
1671457296905,30,40142,6,4.383,-3.660,0.000,1,4.878,2,4.105,3,5.486,4,5.995,255,0,0,0,0
1671457296936,31,40173,6,4.383,-3.660,0.000,1,4.878,2,4.105,3,5.486,4,5.995,255,0,0,0,0
1671457296983,47,40220,6,4.394,-3.660,0.000,1,4.880,2,4.105,3,5.486,4,5.995,255,0,0,0,0
1671457297028,45,40265,6,4.394,-3.660,0.000,1,4.880,2,4.105,3,5.486,4,5.995,255,0,0,0,0
1671457297028,0,40265,6,4.394,-3.660,0.000,1,4.880,2,4.105,3,5.486,4,5.995,255,0,0,0,0
1671457297090,62,40327,6,4.394,-3.660,0.000,1,4.878,2,4.102,3,5.486,4,5.998,255,0,0,0,0
1671457297152,62,40389,6,4.323,-3.476,0.000,1,4.878,2,4.099,3,5.486,4,5.998,255,0,0,0,0
1671457297183,31,40420,6,4.323,-3.476,0.000,1,4.878,2,4.099,3,5.492,4,5.998,255,0,0,0,0
1671457297198,15,40435,6,4.323,-3.476,0.000,1,4.878,2,4.099,3,5.492,4,5.998,255,0,0,0,0
1671457297276,78,40513,6,4.323,-3.476,0.000,1,4.878,2,4.099,3,5.492,4,5.998,255,0,0,0,0
1671457297276,0,40513,6,4.334,-3.513,0.000,1,4.878,2,4.099,3,5.492,4,5.998,255,0,0,0,0
1671457297297,21,40534,6,4.334,-3.513,0.000,1,4.880,2,4.099,3,5.492,4,5.995,255,0,0,0,0
1671457297307,10,40544,6,4.339,-3.528,0.000,1,4.880,2,4.099,3,5.492,4,5.995,255,0,0,0,0
1671457297371,64,40608,6,4.339,-3.528,0.000,1,4.880,2,4.099,3,5.492,4,5.995,255,0,0,0,0
1671457297401,30,40638,6,4.339,-3.528,0.000,1,4.880,2,4.105,3,5.486,4,5.995,255,0,0,0,0
1671457297451,50,40688,6,4.339,-3.528,0.000,1,4.880,2,4.105,3,5.486,4,5.995,255,0,0,0,0
1671457297451,0,40688,6,4.357,-3.572,0.000,1,4.880,2,4.105,3,5.486,4,5.995,255,0,0,0,0
1671457297480,29,40717,6,4.357,-3.572,0.000,1,4.880,2,4.105,3,5.486,4,5.995,255,0,0,0,0
1671457297526,46,40763,6,4.357,-3.572,0.000,1,4.883,2,4.105,3,5.495,4,5.995,255,0,0,0,0
1671457297589,63,40826,6,4.357,-3.572,0.000,1,4.883,2,4.105,3,5.495,4,5.995,255,0,0,0,0
1671457297620,31,40857,6,4.322,-3.478,0.000,1,4.880,2,4.105,3,5.495,4,5.995,255,0,0,0,0
1671457297651,31,40888,6,4.322,-3.478,0.000,1,4.880,2,4.108,3,5.495,4,5.998,255,0,0,0,0
1671457297651,0,40888,6,4.322,-3.478,0.000,1,4.880,2,4.108,3,5.495,4,5.998,255,0,0,0,0
1671457297712,61,40949,6,4.322,-3.478,0.000,1,4.880,2,4.108,3,5.495,4,5.998,255,0,0,0,0
1671457297735,23,40972,6,4.370,-3.599,0.000,1,4.883,2,4.108,3,5.495,4,5.998,255,0,0,0,0
1671457297743,8,40980,6,4.370,-3.599,0.000,1,4.883,2,4.108,3,5.489,4,5.995,255,0,0,0,0
1671457297805,62,41042,6,4.370,-3.599,0.000,1,4.883,2,4.108,3,5.489,4,5.995,255,0,0,0,0
1671457297836,31,41073,6,4.370,-3.599,0.000,1,4.883,2,4.108,3,5.489,4,5.995,255,0,0,0,0
1671457297836,0,41073,6,4.382,-3.629,0.000,1,4.883,2,4.108,3,5.489,4,5.995,255,0,0,0,0
1671457297913,77,41150,6,4.382,-3.629,0.000,1,4.883,2,4.108,3,5.489,4,5.995,255,0,0,0,0
1671457297959,46,41196,6,4.382,-3.629,0.000,1,4.883,2,4.108,3,5.489,4,5.995,255,0,0,0,0
1671457297993,34,41230,6,4.393,-3.655,0.000,1,4.883,2,4.108,3,5.489,4,5.995,255,0,0,0,0
1671457298053,60,41290,6,4.393,-3.655,0.000,1,4.883,2,4.113,3,5.492,4,5.995,255,0,0,0,0
1671457298068,15,41305,6,4.393,-3.655,0.000,1,4.883,2,4.113,3,5.492,4,5.995,255,0,0,0,0
1671457298068,0,41305,6,4.393,-3.655,0.000,1,4.883,2,4.113,3,5.492,4,5.995,255,0,0,0,0
1671457298147,79,41384,6,4.333,-3.504,0.000,1,4.883,2,4.113,3,5.492,4,5.995,255,0,0,0,0
1671457298171,24,41408,6,4.333,-3.504,0.000,1,4.883,2,4.110,3,5.492,4,5.995,255,0,0,0,0
1671457298215,44,41452,6,4.387,-3.632,0.000,1,4.883,2,4.110,3,5.492,4,5.995,255,0,0,0,0
1671457298237,22,41474,6,4.387,-3.632,0.000,1,4.883,2,4.110,3,5.492,4,5.995,255,0,0,0,0
1671457298281,44,41518,6,4.387,-3.632,0.000,1,4.880,2,4.085,3,5.495,4,5.998,255,0,0,0,0
1671457298281,0,41518,6,4.387,-3.632,0.000,1,4.880,2,4.085,3,5.495,4,5.998,255,0,0,0,0
1671457298298,17,41535,6,4.389,-3.639,0.000,1,4.880,2,4.085,3,5.495,4,5.998,255,0,0,0,0
1671457298361,63,41598,6,4.389,-3.639,0.000,1,4.880,2,4.085,3,5.495,4,5.998,255,0,0,0,0
1671457298405,44,41642,6,4.389,-3.639,0.000,1,4.883,2,4.102,3,5.495,4,5.995,255,0,0,0,0
1671457298436,31,41673,6,4.389,-3.639,0.000,1,4.883,2,4.102,3,5.495,4,5.995,255,0,0,0,0
1671457298498,62,41735,6,4.389,-3.639,0.000,1,4.883,2,4.102,3,5.495,4,5.995,255,0,0,0,0
1671457298498,0,41735,6,4.390,-3.652,0.000,1,4.883,2,4.102,3,5.495,4,5.995,255,0,0,0,0
1671457298560,62,41797,6,4.390,-3.652,0.000,1,4.883,2,4.102,3,5.500,4,5.995,255,0,0,0,0
1671457298591,31,41828,6,4.390,-3.652,0.000,1,4.883,2,4.102,3,5.500,4,5.995,255,0,0,0,0
1671457298620,29,41857,6,4.390,-3.654,0.000,1,4.880,2,4.097,3,5.500,4,5.995,255,0,0,0,0
1671457298683,63,41920,6,4.390,-3.654,0.000,1,4.880,2,4.097,3,5.509,4,5.995,255,0,0,0,0
1671457298714,31,41951,6,4.390,-3.654,0.000,1,4.880,2,4.097,3,5.509,4,5.995,255,0,0,0,0
1671457298714,0,41951,6,4.394,-3.665,0.000,1,4.880,2,4.097,3,5.509,4,5.995,255,0,0,0,0
1671457298730,16,41967,6,4.394,-3.665,0.000,1,4.875,2,4.097,3,5.509,4,5.995,255,0,0,0,0
1671457298791,61,42028,6,4.394,-3.665,0.000,1,4.875,2,4.097,3,5.509,4,5.995,255,0,0,0,0
1671457298821,30,42058,6,4.409,-3.707,0.000,1,4.875,2,4.102,3,5.503,4,5.995,255,0,0,0,0
1671457298837,16,42074,6,4.409,-3.707,0.000,1,4.875,2,4.102,3,5.503,4,5.995,255,0,0,0,0
1671457298914,77,42151,6,4.409,-3.707,0.000,1,4.875,2,4.102,3,5.503,4,5.995,255,0,0,0,0
1671457298914,0,42151,6,4.409,-3.707,0.000,1,4.875,2,4.102,3,5.503,4,5.995,255,0,0,0,0
1671457298945,31,42182,6,4.336,-3.516,0.000,1,4.875,2,4.102,3,5.503,4,5.995,255,0,0,0,0
1671457298982,37,42219,6,4.336,-3.516,0.000,1,4.886,2,4.105,3,5.511,4,5.995,255,0,0,0,0
1671457299004,22,42241,6,4.336,-3.516,0.000,1,4.883,2,4.108,3,5.509,4,5.995,255,0,0,0,0
1671457299035,31,42272,6,4.336,-3.516,0.000,1,4.883,2,4.108,3,5.509,4,5.995,255,0,0,0,0
1671457299066,31,42303,6,4.336,-3.516,0.000,1,4.883,2,4.108,3,5.509,4,5.995,255,0,0,0,0
1671457299067,1,42304,6,4.382,-3.630,0.000,1,4.883,2,4.108,3,5.509,4,5.995,255,0,0,0,0
1671457299126,59,42363,6,4.382,-3.630,0.000,1,4.883,2,4.108,3,5.509,4,5.995,255,0,0,0,0
1671457299277,151,42514,6,4.382,-3.630,0.000,1,4.883,2,4.108,3,5.506,4,5.998,255,0,0,0,0
1671457299311,34,42548,6,4.382,-3.630,0.000,1,4.883,2,4.108,3,5.506,4,5.998,255,0,0,0,0
1671457299368,57,42605,6,4.403,-3.666,0.000,1,4.883,2,4.108,3,5.506,4,5.998,255,0,0,0,0
1671457299368,0,42605,6,4.403,-3.666,0.000,1,4.883,2,4.108,3,5.506,4,5.998,255,0,0,0,0
1671457299421,53,42658,6,4.403,-3.666,0.000,1,4.883,2,4.102,3,5.509,4,5.998,255,0,0,0,0
1671457299444,23,42681,6,4.360,-3.675,0.000,1,4.883,2,4.102,3,5.509,4,5.998,255,0,0,0,0
1671457299490,46,42727,6,4.349,-3.678,0.000,1,4.883,2,4.102,3,5.509,4,5.998,255,0,0,0,0
1671457299530,40,42767,6,4.349,-3.678,0.000,1,4.883,2,4.105,3,5.511,4,5.998,255,0,0,0,0
1671457299582,52,42819,6,4.349,-3.678,0.000,1,4.883,2,4.105,3,5.511,4,5.998,255,0,0,0,0
1671457299582,0,42819,6,4.349,-3.678,0.000,1,4.883,2,4.105,3,5.511,4,5.998,255,0,0,0,0
1671457299637,55,42874,6,4.312,-3.676,0.000,1,4.883,2,4.105,3,5.511,4,5.998,255,0,0,0,0
1671457299658,21,42895,6,4.312,-3.676,0.000,1,4.880,2,4.108,3,5.509,4,5.998,255,0,0,0,0
1671457299689,31,42926,6,4.312,-3.676,0.000,1,4.880,2,4.108,3,5.509,4,5.998,255,0,0,0,0
1671457299718,29,42955,6,4.393,-3.678,0.000,1,4.880,2,4.108,3,5.509,4,5.998,255,0,0,0,0
1671457299810,92,43047,6,4.393,-3.678,0.000,1,4.883,2,4.108,3,5.509,4,5.998,255,0,0,0,0
1671457299810,0,43047,6,4.393,-3.678,0.000,1,4.883,2,4.108,3,5.509,4,5.998,255,0,0,0,0
1671457299826,16,43063,6,4.393,-3.678,0.000,1,4.883,2,4.108,3,5.506,4,5.998,255,0,0,0,0
1671457299903,77,43140,6,4.398,-3.670,0.000,1,4.883,2,4.108,3,5.506,4,5.998,255,0,0,0,0
1671457299934,31,43171,6,4.398,-3.670,0.000,1,4.883,2,4.108,3,5.506,4,5.998,255,0,0,0,0
1671457299965,31,43202,6,4.400,-3.665,0.000,1,4.883,2,4.108,3,5.506,4,5.998,255,0,0,0,0
1671457299994,29,43231,6,4.400,-3.665,0.000,1,4.864,2,4.102,3,5.506,4,5.998,255,0,0,0,0
1671457299994,0,43231,6,4.400,-3.665,0.000,1,4.864,2,4.102,3,5.506,4,5.998,255,0,0,0,0
1671457300031,37,43268,6,4.400,-3.665,0.000,1,4.864,2,4.080,3,5.484,4,6.000,255,0,0,0,0
1671457300072,41,43309,6,4.324,-3.671,0.000,1,4.864,2,4.080,3,5.484,4,6.000,255,0,0,0,0
1671457300101,29,43338,6,4.324,-3.671,0.000,1,4.864,2,4.080,3,5.484,4,6.000,255,0,0,0,0
1671457300131,30,43368,6,4.324,-3.671,0.000,1,4.883,2,4.108,3,5.509,4,5.998,255,0,0,0,0
1671457300161,30,43398,6,4.324,-3.671,0.000,1,4.883,2,4.108,3,5.509,4,5.998,255,0,0,0,0
1671457300161,0,43398,6,4.324,-3.671,0.000,1,4.883,2,4.108,3,5.509,4,5.998,255,0,0,0,0
1671457300222,61,43459,6,4.322,-3.664,0.000,1,4.883,2,4.108,3,5.509,4,5.998,255,0,0,0,0
1671457300251,29,43488,6,4.322,-3.664,0.000,1,4.880,2,4.108,3,5.506,4,5.998,255,0,0,0,0
1671457300315,64,43552,3,0.003,0.000,2.220,255,0,0,0,0
1671457300315,0,43552,4,9.390,0.000,2.220,255,0,0,0,0
1671457300315,0,43552,6,4.322,-3.664,0.000,1,4.880,2,4.108,3,5.506,4,5.998,255,0,0,0,0
1671457300315,0,43552,1,9.390,-3.685,2.220,255,0,0,0,0
1671457300315,0,43552,2,0.003,-3.685,2.220,255,0,0,0,0
1671457300345,30,43582,6,4.322,-3.664,0.000,1,4.880,2,4.108,3,5.506,4,5.998,255,0,0,0,0
1671457300376,31,43613,6,4.322,-3.664,0.000,1,4.891,2,4.105,3,5.506,4,5.998,255,0,0,0,0
1671457300376,0,43613,6,4.367,-3.665,0.000,1,4.891,2,4.105,3,5.506,4,5.998,255,0,0,0,0
1671457300437,61,43674,6,4.367,-3.665,0.000,1,4.891,2,4.105,3,5.506,4,5.998,255,0,0,0,0
1671457300482,45,43719,6,4.403,-3.664,0.000,1,4.891,2,4.105,3,5.506,4,5.998,255,0,0,0,0
1671457300528,46,43765,6,4.403,-3.664,0.000,1,4.878,2,4.097,3,5.509,4,5.998,255,0,0,0,0
1671457300560,32,43797,6,4.403,-3.664,0.000,1,4.878,2,4.097,3,5.509,4,5.998,255,0,0,0,0
1671457300590,30,43827,6,4.403,-3.664,0.000,1,4.878,2,4.097,3,5.509,4,5.998,255,0,0,0,0
1671457300590,0,43827,6,4.378,-3.671,0.000,1,4.878,2,4.097,3,5.509,4,5.998,255,0,0,0,0
1671457300620,30,43857,6,4.378,-3.671,0.000,1,4.883,2,4.110,3,5.509,4,5.998,255,0,0,0,0
1671457300667,47,43904,6,4.378,-3.671,0.000,1,4.883,2,4.110,3,5.509,4,5.998,255,0,0,0,0
1671457300690,23,43927,6,4.391,-3.679,0.000,1,4.883,2,4.110,3,5.511,4,5.998,255,0,0,0,0
1671457300735,45,43972,6,4.391,-3.679,0.000,1,4.883,2,4.110,3,5.511,4,5.998,255,0,0,0,0
1671457300758,23,43995,6,4.391,-3.679,0.000,1,4.891,2,4.113,3,5.506,4,5.998,255,0,0,0,0
1671457300758,0,43995,6,4.391,-3.679,0.000,1,4.891,2,4.113,3,5.506,4,5.998,255,0,0,0,0
1671457300790,32,44027,6,4.391,-3.679,0.000,1,4.891,2,4.113,3,5.506,4,5.998,255,0,0,0,0
1671457300839,49,44076,6,4.398,-3.673,0.000,1,4.891,2,4.113,3,5.506,4,5.998,255,0,0,0,0
1671457300904,65,44141,6,4.398,-3.673,0.000,1,4.891,2,4.113,3,5.506,4,5.998,255,0,0,0,0
1671457300927,23,44164,6,4.398,-3.673,0.000,1,4.891,2,4.113,3,5.506,4,5.998,255,0,0,0,0
1671457300957,30,44194,6,4.398,-3.673,0.000,1,4.891,2,4.113,3,5.506,4,5.998,255,0,0,0,0
1671457300957,0,44194,6,4.398,-3.673,0.000,1,4.891,2,4.113,3,5.506,4,5.998,255,0,0,0,0
1671457301034,77,44271,6,4.327,-3.661,0.000,1,4.883,2,4.113,3,5.506,4,5.998,255,0,0,0,0
1671457301065,31,44302,6,4.327,-3.661,0.000,1,4.883,2,4.113,3,5.509,4,5.998,255,0,0,0,0
1671457301127,62,44364,6,4.386,-3.660,0.000,1,4.883,2,4.113,3,5.509,4,5.998,255,0,0,0,0
1671457301188,61,44425,6,4.386,-3.660,0.000,1,4.886,2,4.113,3,5.506,4,5.998,255,0,0,0,0
1671457301219,31,44456,6,4.386,-3.660,0.000,1,4.886,2,4.113,3,5.506,4,5.998,255,0,0,0,0
1671457301219,0,44456,6,4.386,-3.660,0.000,1,4.886,2,4.113,3,5.506,4,5.998,255,0,0,0,0
1671457301249,30,44486,6,4.401,-3.664,0.000,1,4.875,2,4.108,3,5.506,4,5.998,255,0,0,0,0
1671457301279,30,44516,6,4.401,-3.664,0.000,1,4.875,2,4.108,3,5.511,4,5.998,255,0,0,0,0
1671457301340,61,44577,6,4.333,-3.660,0.000,1,4.875,2,4.108,3,5.511,4,5.998,255,0,0,0,0
1671457301388,48,44625,6,4.333,-3.660,0.000,1,4.875,2,4.108,3,5.511,4,5.998,255,0,0,0,0
1671457301416,28,44653,6,4.333,-3.660,0.000,1,4.886,2,4.108,3,5.509,4,5.998,255,0,0,0,0
1671457301416,0,44653,6,4.333,-3.660,0.000,1,4.886,2,4.108,3,5.509,4,5.998,255,0,0,0,0
1671457301446,30,44683,6,4.333,-3.660,0.000,1,4.886,2,4.108,3,5.509,4,5.998,255,0,0,0,0
1671457301494,48,44731,6,4.315,-3.517,0.000,1,4.886,2,4.108,3,5.509,4,5.998,255,0,0,0,0
1671457301538,44,44775,6,4.315,-3.517,0.000,1,4.891,2,4.110,3,5.509,4,5.998,255,0,0,0,0
1671457301560,22,44797,6,4.315,-3.517,0.000,1,4.891,2,4.110,3,5.509,4,5.998,255,0,0,0,0
1671457301569,9,44806,6,4.315,-3.517,0.000,1,4.891,2,4.110,3,5.509,4,5.998,255,0,0,0,0
1671457301569,0,44806,6,4.341,-3.496,0.000,1,4.891,2,4.110,3,5.509,4,5.998,255,0,0,0,0
1671457301604,35,44841,6,4.341,-3.496,0.000,1,4.891,2,4.110,3,5.509,4,5.998,255,0,0,0,0
1671457301662,58,44899,6,4.341,-3.496,0.000,1,4.891,2,4.110,3,5.509,4,5.998,255,0,0,0,0
1671457301678,16,44915,6,4.327,-3.483,0.000,1,4.883,2,4.099,3,5.506,4,5.998,255,0,0,0,0
1671457301754,76,44991,6,4.327,-3.483,0.000,1,4.883,2,4.099,3,5.506,4,5.998,255,0,0,0,0
1671457301780,26,45017,6,4.327,-3.483,0.000,1,4.886,2,4.088,3,5.506,4,5.998,255,0,0,0,0
1671457301780,0,45017,6,4.327,-3.483,0.000,1,4.886,2,4.088,3,5.506,4,5.998,255,0,0,0,0
1671457301831,51,45068,6,4.327,-3.483,0.000,1,4.886,2,4.088,3,5.506,4,5.998,255,0,0,0,0
1671457301908,77,45145,6,4.405,-3.436,0.000,1,4.886,2,4.088,3,5.506,4,5.998,255,0,0,0,0
1671457301939,31,45176,6,4.405,-3.436,0.000,1,4.886,2,4.088,3,5.506,4,5.998,255,0,0,0,0
1671457302001,62,45238,6,4.405,-3.436,0.000,1,4.883,2,4.088,3,5.506,4,5.998,255,0,0,0,0
1671457302032,31,45269,6,4.405,-3.436,0.000,1,4.894,2,4.085,3,5.509,4,5.998,255,0,0,0,0
1671457302033,1,45270,6,4.387,-3.495,0.000,1,4.894,2,4.085,3,5.509,4,5.998,255,0,0,0,0
1671457302094,61,45331,6,4.387,-3.495,0.000,1,4.894,2,4.085,3,5.509,4,5.998,255,0,0,0,0
1671457302125,31,45362,6,4.412,-3.494,0.000,1,4.894,2,4.085,3,5.509,4,5.998,255,0,0,0,0
1671457302156,31,45393,6,4.412,-3.494,0.000,1,4.894,2,4.085,3,5.509,4,5.998,255,0,0,0,0
1671457302217,61,45454,6,4.412,-3.494,0.000,1,4.894,2,4.085,3,5.506,4,5.998,255,0,0,0,0
1671457302279,62,45516,6,4.412,-3.494,0.000,1,4.894,2,4.085,3,5.506,4,5.998,255,0,0,0,0
1671457302279,0,45516,6,4.347,-3.554,0.000,1,4.894,2,4.085,3,5.506,4,5.998,255,0,0,0,0
1671457302310,31,45547,6,4.347,-3.554,0.000,1,4.894,2,4.091,3,5.506,4,5.998,255,0,0,0,0
1671457302340,30,45577,6,4.347,-3.554,0.000,1,4.894,2,4.091,3,5.506,4,5.998,255,0,0,0,0
1671457302375,35,45612,6,4.312,-3.705,0.000,1,4.894,2,4.091,3,5.506,4,5.998,255,0,0,0,0
1671457302432,57,45669,6,4.312,-3.705,0.000,1,4.894,2,4.091,3,5.506,4,5.998,255,0,0,0,0
1671457302479,47,45716,6,4.312,-3.705,0.000,1,4.894,2,4.094,3,5.506,4,5.998,255,0,0,0,0
1671457302479,0,45716,6,4.313,-3.594,0.000,1,4.894,2,4.094,3,5.506,4,5.998,255,0,0,0,0
1671457302509,30,45746,6,4.313,-3.594,0.000,1,4.894,2,4.097,3,5.509,4,5.998,255,0,0,0,0
1671457302541,32,45778,6,4.313,-3.594,0.000,1,4.894,2,4.097,3,5.509,4,5.998,255,0,0,0,0
1671457302592,51,45829,6,4.314,-3.483,0.000,1,4.894,2,4.097,3,5.509,4,5.998,255,0,0,0,0
1671457302616,24,45853,6,4.314,-3.483,0.000,1,4.894,2,4.097,3,5.509,4,5.998,255,0,0,0,0
1671457302658,42,45895,6,4.314,-3.483,0.000,1,4.883,2,4.099,3,5.506,4,5.992,255,0,0,0,0
1671457302658,0,45895,6,4.314,-3.483,0.000,1,4.883,2,4.099,3,5.506,4,5.992,255,0,0,0,0
1671457302676,18,45913,6,4.314,-3.483,0.000,1,4.883,2,4.099,3,5.506,4,5.992,255,0,0,0,0
1671457302721,45,45958,6,4.304,-3.664,0.000,1,4.883,2,4.099,3,5.506,4,5.992,255,0,0,0,0
1671457302783,62,46020,6,4.304,-3.664,0.000,1,4.883,2,4.099,3,5.506,4,5.992,255,0,0,0,0
1671457302812,29,46049,6,4.304,-3.664,0.000,1,4.886,2,4.099,3,5.509,4,5.998,255,0,0,0,0
1671457302889,77,46126,6,4.304,-3.664,0.000,1,4.886,2,4.099,3,5.509,4,5.998,255,0,0,0,0
1671457302889,0,46126,6,4.326,-3.670,0.000,1,4.886,2,4.099,3,5.509,4,5.998,255,0,0,0,0
1671457302919,30,46156,6,4.326,-3.670,0.000,1,4.886,2,4.099,3,5.509,4,5.998,255,0,0,0,0
1671457302981,62,46218,6,4.326,-3.670,0.000,1,4.883,2,4.094,3,5.506,4,5.998,255,0,0,0,0
1671457303048,67,46285,6,4.322,-3.679,0.000,1,0.000,2,0.000,3,0.000,4,0.000,255,0,0,0,0
1671457303075,27,46312,6,4.322,-3.679,0.000,1,0.000,2,0.000,3,0.000,4,0.000,255,0,0,0,0
1671457303106,31,46343,6,4.322,-3.679,0.000,1,0.000,2,0.000,3,0.000,4,0.000,255,0,0,0,0
1671457303106,0,46343,6,4.322,-3.679,0.000,1,0.000,2,0.000,3,0.000,4,0.000,255,0,0,0,0
1671457303138,32,46375,6,4.322,-3.679,0.000,1,4.894,2,4.085,3,5.506,4,5.998,255,0,0,0,0
1671457303198,60,46435,6,4.322,-3.679,0.000,1,4.894,2,4.085,3,5.506,4,5.998,255,0,0,0,0
1671457303213,15,46450,6,4.322,-3.679,0.000,1,4.894,2,4.085,3,5.506,4,5.998,255,0,0,0,0
1671457303289,76,46526,6,4.322,-3.679,0.000,1,4.894,2,4.085,3,5.506,4,5.998,255,0,0,0,0
1671457303311,22,46548,6,4.322,-3.679,0.000,1,4.894,2,4.083,3,5.506,4,5.998,255,0,0,0,0
1671457303311,0,46548,6,4.322,-3.679,0.000,1,4.894,2,4.083,3,5.506,4,5.998,255,0,0,0,0
1671457303353,42,46590,6,4.352,-3.689,0.000,1,4.894,2,4.083,3,5.506,4,5.998,255,0,0,0,0
1671457303381,28,46618,6,4.352,-3.689,0.000,1,4.886,2,4.083,3,5.506,4,5.998,255,0,0,0,0
1671457303412,31,46649,6,4.352,-3.689,0.000,1,4.886,2,4.083,3,5.506,4,5.998,255,0,0,0,0
1671457303441,29,46678,6,4.313,-3.693,0.000,1,4.886,2,4.083,3,5.506,4,5.998,255,0,0,0,0
1671457303502,61,46739,6,4.313,-3.693,0.000,1,4.886,2,4.083,3,5.506,4,5.998,255,0,0,0,0
1671457303502,0,46739,6,4.313,-3.693,0.000,1,4.886,2,4.083,3,5.506,4,5.998,255,0,0,0,0
1671457303533,31,46770,6,4.313,-3.693,0.000,1,4.891,2,4.077,3,5.506,4,5.998,255,0,0,0,0
1671457303579,46,46816,6,4.313,-3.693,0.000,1,4.891,2,4.077,3,5.506,4,5.998,255,0,0,0,0
1671457303610,31,46847,6,4.402,-3.692,0.000,1,4.891,2,4.077,3,5.506,4,5.998,255,0,0,0,0
1671457303657,47,46894,6,4.402,-3.692,0.000,1,4.886,2,4.077,3,5.506,4,5.998,255,0,0,0,0
1671457303720,63,46957,6,4.402,-3.692,0.000,1,4.886,2,4.077,3,5.506,4,5.998,255,0,0,0,0
1671457303720,0,46957,6,4.402,-3.692,0.000,1,4.886,2,4.077,3,5.506,4,5.998,255,0,0,0,0
1671457303782,62,47019,6,4.306,-3.699,0.000,1,4.886,2,4.077,3,5.506,4,5.998,255,0,0,0,0
1671457303812,30,47049,6,4.306,-3.699,0.000,1,4.886,2,4.077,3,5.506,4,5.998,255,0,0,0,0
1671457303875,63,47112,6,4.306,-3.699,0.000,1,4.886,2,4.077,3,5.506,4,5.998,255,0,0,0,0
1671457303920,45,47157,6,4.385,-3.700,0.000,1,4.886,2,4.077,3,5.506,4,5.998,255,0,0,0,0
1671457303981,61,47218,6,4.385,-3.700,0.000,1,4.883,2,4.077,3,5.506,4,5.998,255,0,0,0,0
1671457303981,0,47218,6,4.385,-3.700,0.000,1,4.883,2,4.077,3,5.506,4,5.998,255,0,0,0,0
1671457304012,31,47249,6,4.313,-3.700,0.000,1,4.883,2,4.077,3,5.506,4,5.998,255,0,0,0,0
1671457304073,61,47310,6,4.313,-3.700,0.000,1,4.894,2,4.077,3,5.506,4,5.998,255,0,0,0,0
1671457304121,48,47358,6,4.313,-3.700,0.000,1,4.894,2,4.077,3,5.506,4,5.998,255,0,0,0,0
1671457304166,45,47403,6,4.390,-3.700,0.000,1,0.000,2,0.000,3,0.000,4,0.000,255,0,0,0,0
1671457304190,24,47427,6,4.390,-3.700,0.000,1,0.000,2,0.000,3,0.000,4,0.000,255,0,0,0,0
1671457304190,0,47427,6,4.390,-3.700,0.000,1,0.000,2,0.000,3,0.000,4,0.000,255,0,0,0,0
1671457304197,7,47434,6,4.390,-3.700,0.000,1,0.000,2,0.000,3,0.000,4,0.000,255,0,0,0,0
1671457304257,60,47494,6,4.390,-3.700,0.000,1,0.000,2,0.000,3,0.000,4,0.000,255,0,0,0,0
1671457304287,30,47524,6,4.390,-3.700,0.000,1,4.886,2,4.080,3,5.506,4,5.995,255,0,0,0,0
1671457304318,31,47555,6,4.390,-3.700,0.000,1,4.886,2,4.080,3,5.506,4,5.995,255,0,0,0,0
1671457304379,61,47616,6,4.390,-3.700,0.000,1,4.886,2,4.080,3,5.506,4,5.995,255,0,0,0,0
1671457304379,0,47616,6,4.390,-3.700,0.000,1,4.886,2,4.080,3,5.506,4,5.995,255,0,0,0,0
1671457304407,28,47644,6,4.390,-3.700,0.000,1,4.891,2,4.077,3,5.506,4,5.998,255,0,0,0,0
1671457304457,50,47694,6,4.390,-3.700,0.000,1,4.891,2,4.077,3,5.506,4,5.998,255,0,0,0,0
1671457304486,29,47723,6,4.396,-3.697,0.000,1,4.891,2,4.077,3,5.506,4,5.998,255,0,0,0,0
1671457304516,30,47753,6,4.396,-3.697,0.000,1,4.880,2,4.080,3,5.506,4,5.995,255,0,0,0,0
1671457304555,39,47792,6,4.396,-3.697,0.000,1,4.880,2,4.080,3,5.506,4,5.995,255,0,0,0,0
1671457304555,0,47792,6,4.396,-3.697,0.000,1,4.880,2,4.080,3,5.506,4,5.995,255,0,0,0,0
1671457304609,54,47846,6,4.395,-3.700,0.000,1,4.880,2,4.080,3,5.506,4,5.995,255,0,0,0,0
1671457304640,31,47877,6,4.395,-3.700,0.000,1,4.878,2,4.080,3,5.506,4,5.998,255,0,0,0,0
1671457304701,61,47938,6,4.395,-3.700,0.000,1,4.878,2,4.080,3,5.506,4,5.998,255,0,0,0,0
1671457304732,31,47969,6,4.395,-3.700,0.000,1,4.878,2,4.080,3,5.506,4,5.998,255,0,0,0,0
1671457304794,62,48031,6,4.395,-3.700,0.000,1,4.878,2,4.074,3,5.492,4,6.014,255,0,0,0,0
1671457304794,0,48031,6,4.348,-3.611,0.000,1,4.878,2,4.074,3,5.492,4,6.014,255,0,0,0,0
1671457304825,31,48062,6,4.348,-3.611,0.000,1,4.878,2,4.074,3,5.492,4,6.014,255,0,0,0,0
1671457304871,46,48108,6,4.310,-3.480,0.000,1,4.878,2,4.074,3,5.492,4,6.014,255,0,0,0,0
1671457304916,45,48153,6,4.310,-3.480,0.000,1,4.878,2,4.074,3,5.492,4,6.014,255,0,0,0,0
1671457304948,32,48185,6,4.310,-3.480,0.000,1,4.878,2,4.074,3,5.492,4,6.014,255,0,0,0,0
1671457304963,15,48200,6,4.310,-3.480,0.000,1,4.878,2,4.074,3,5.492,4,6.014,255,0,0,0,0
1671457304963,0,48200,6,4.332,-3.605,0.000,1,4.878,2,4.074,3,5.492,4,6.014,255,0,0,0,0
1671457305040,77,48277,6,4.332,-3.605,0.000,1,4.894,2,4.083,3,5.506,4,5.998,255,0,0,0,0
1671457305062,22,48299,6,4.332,-3.605,0.000,1,4.894,2,4.083,3,5.506,4,5.998,255,0,0,0,0
1671457305071,9,48308,6,4.321,-3.665,0.000,1,4.894,2,4.083,3,5.506,4,5.998,255,0,0,0,0
1671457305132,61,48369,6,4.321,-3.665,0.000,1,4.894,2,4.083,3,5.506,4,5.998,255,0,0,0,0
1671457305163,31,48400,6,4.321,-3.665,0.000,1,4.880,2,4.085,3,5.500,4,5.998,255,0,0,0,0
1671457305163,0,48400,6,4.321,-3.665,0.000,1,4.880,2,4.085,3,5.500,4,5.998,255,0,0,0,0
1671457305212,49,48449,6,4.310,-3.693,0.000,1,4.880,2,4.085,3,5.500,4,5.998,255,0,0,0,0
1671457305239,27,48476,6,4.310,-3.693,0.000,1,4.880,2,4.085,3,5.500,4,5.998,255,0,0,0,0
1671457305284,45,48521,6,4.310,-3.693,0.000,1,4.891,2,4.085,3,5.500,4,5.998,255,0,0,0,0
1671457305323,39,48560,6,4.310,-3.693,0.000,1,4.891,2,4.085,3,5.500,4,5.998,255,0,0,0,0
1671457305376,53,48613,6,4.310,-3.693,0.000,1,4.891,2,4.085,3,5.500,4,5.998,255,0,0,0,0
1671457305376,0,48613,6,4.336,-3.686,0.000,1,4.891,2,4.085,3,5.500,4,5.998,255,0,0,0,0
1671457305421,45,48658,6,4.336,-3.686,0.000,1,4.878,2,4.085,3,5.506,4,5.998,255,0,0,0,0
1671457305455,34,48692,6,4.336,-3.686,0.000,1,4.878,2,4.085,3,5.506,4,5.998,255,0,0,0,0
1671457305516,61,48753,6,4.315,-3.681,0.000,1,4.878,2,4.085,3,5.506,4,5.998,255,0,0,0,0
1671457305577,61,48814,6,4.315,-3.681,0.000,1,4.878,2,4.085,3,5.506,4,5.998,255,0,0,0,0
1671457305608,31,48845,6,4.315,-3.681,0.000,1,4.878,2,4.085,3,5.506,4,5.998,255,0,0,0,0
1671457305608,0,48845,6,4.315,-3.681,0.000,1,4.878,2,4.085,3,5.506,4,5.998,255,0,0,0,0
1671457305624,16,48861,6,4.317,-3.686,0.000,1,4.894,2,4.083,3,5.506,4,5.995,255,0,0,0,0
1671457305701,77,48938,6,4.317,-3.686,0.000,1,4.894,2,4.083,3,5.506,4,5.995,255,0,0,0,0
1671457305732,31,48969,6,4.317,-3.686,0.000,1,4.894,2,4.083,3,5.506,4,5.995,255,0,0,0,0
1671457305793,61,49030,6,4.317,-3.686,0.000,1,4.861,2,4.083,3,5.506,4,5.995,255,0,0,0,0
1671457305824,31,49061,6,4.317,-3.686,0.000,1,4.861,2,4.083,3,5.506,4,5.998,255,0,0,0,0
1671457305824,0,49061,6,4.317,-3.686,0.000,1,4.861,2,4.083,3,5.506,4,5.998,255,0,0,0,0
1671457305870,46,49107,6,4.377,-3.691,0.000,1,4.861,2,4.083,3,5.506,4,5.998,255,0,0,0,0
1671457305938,68,49175,6,4.377,-3.691,0.000,1,4.861,2,4.083,3,5.506,4,5.998,255,0,0,0,0
1671457305945,7,49182,6,4.377,-3.691,0.000,1,4.886,2,4.077,3,5.506,4,5.995,255,0,0,0,0
1671457305977,32,49214,6,4.395,-3.693,0.000,1,4.886,2,4.077,3,5.506,4,5.995,255,0,0,0,0
1671457306038,61,49275,6,4.395,-3.693,0.000,1,4.886,2,4.077,3,5.506,4,5.995,255,0,0,0,0
1671457306038,0,49275,6,4.395,-3.693,0.000,1,4.886,2,4.077,3,5.506,4,5.995,255,0,0,0,0
1671457306091,53,49328,6,4.398,-3.700,0.000,1,4.886,2,4.077,3,5.506,4,5.998,255,0,0,0,0
1671457306116,25,49353,6,4.398,-3.700,0.000,1,4.886,2,4.077,3,5.506,4,5.998,255,0,0,0,0
1671457306163,47,49400,6,4.398,-3.700,0.000,1,4.894,2,4.080,3,5.506,4,5.998,255,0,0,0,0
1671457306346,183,49583,6,4.398,-3.700,0.000,1,4.894,2,4.080,3,5.506,4,5.998,255,0,0,0,0
1671457306346,0,49583,6,4.398,-3.700,0.000,1,4.894,2,4.080,3,5.506,4,5.998,255,0,0,0,0
1671457306377,31,49614,6,4.400,-3.700,0.000,1,4.891,2,4.080,3,5.506,4,5.998,255,0,0,0,0
1671457306393,16,49630,6,4.400,-3.700,0.000,1,4.891,2,4.083,3,5.506,4,5.998,255,0,0,0,0
1671457306471,78,49708,6,4.400,-3.700,0.000,1,4.891,2,4.083,3,5.506,4,5.998,255,0,0,0,0
1671457306501,30,49738,6,4.340,-3.696,0.000,1,4.891,2,4.083,3,5.506,4,5.998,255,0,0,0,0
1671457306576,75,49813,6,4.340,-3.696,0.000,1,4.891,2,4.083,3,5.506,4,5.998,255,0,0,0,0
1671457306576,0,49813,6,4.340,-3.696,0.000,1,4.891,2,4.083,3,5.506,4,5.998,255,0,0,0,0
1671457306607,31,49844,6,4.340,-3.696,0.000,1,4.886,2,4.083,3,5.506,4,5.992,255,0,0,0,0
1671457306668,61,49905,6,4.388,-3.693,0.000,1,4.891,2,4.083,3,5.506,4,5.992,255,0,0,0,0
1671457306699,31,49936,6,4.388,-3.693,0.000,1,4.891,2,4.083,3,5.506,4,5.998,255,0,0,0,0
1671457306714,15,49951,6,4.378,-3.652,0.000,1,4.891,2,4.083,3,5.506,4,5.998,255,0,0,0,0
1671457306789,75,50026,6,4.378,-3.652,0.000,1,4.891,2,4.083,3,5.506,4,5.998,255,0,0,0,0
1671457306789,0,50026,6,4.378,-3.652,0.000,1,4.891,2,4.083,3,5.506,4,5.998,255,0,0,0,0
1671457306813,24,50050,6,4.378,-3.652,0.000,1,4.894,2,4.083,3,5.506,4,5.998,255,0,0,0,0
1671457306881,68,50118,6,4.307,-3.466,0.000,1,4.894,2,4.083,3,5.506,4,5.998,255,0,0,0,0
1671457306911,30,50148,6,4.307,-3.466,0.000,1,4.894,2,4.083,3,5.506,4,5.998,255,0,0,0,0
1671457306968,57,50205,6,4.307,-3.466,0.000,1,4.886,2,4.108,3,5.506,4,5.998,255,0,0,0,0
1671457306989,21,50226,6,4.307,-3.466,0.000,1,4.886,2,4.108,3,5.506,4,5.998,255,0,0,0,0
1671457306989,0,50226,6,4.349,-3.568,0.000,1,4.886,2,4.108,3,5.506,4,5.998,255,0,0,0,0
1671457307019,30,50256,6,4.349,-3.568,0.000,1,4.891,2,4.088,3,5.506,4,5.998,255,0,0,0,0
1671457307050,31,50287,6,4.349,-3.568,0.000,1,4.891,2,4.088,3,5.506,4,5.998,255,0,0,0,0
1671457307095,45,50332,6,4.394,-3.663,0.000,1,4.891,2,4.088,3,5.506,4,5.998,255,0,0,0,0
1671457307172,77,50409,6,4.394,-3.663,0.000,1,4.891,2,4.088,3,5.506,4,5.998,255,0,0,0,0
1671457307235,63,50472,6,4.394,-3.663,0.000,1,4.880,2,4.091,3,5.506,4,5.998,255,0,0,0,0
1671457307235,0,50472,6,4.394,-3.663,0.000,1,4.880,2,4.091,3,5.506,4,5.998,255,0,0,0,0
1671457307264,29,50501,6,4.394,-3.663,0.000,1,4.894,2,4.091,3,5.506,4,5.998,255,0,0,0,0
1671457307326,62,50563,6,4.400,-3.687,0.000,1,4.894,2,4.091,3,5.506,4,5.998,255,0,0,0,0
1671457307357,31,50594,6,4.400,-3.687,0.000,1,4.894,2,4.091,3,5.506,4,5.998,255,0,0,0,0
1671457307372,15,50609,6,4.371,-3.685,0.000,1,4.894,2,4.091,3,5.506,4,5.998,255,0,0,0,0
1671457307449,77,50686,6,4.371,-3.685,0.000,1,4.894,2,4.091,3,5.506,4,5.998,255,0,0,0,0
1671457307449,0,50686,6,4.371,-3.685,0.000,1,4.894,2,4.091,3,5.506,4,5.998,255,0,0,0,0
1671457307481,32,50718,6,4.391,-3.684,0.000,1,4.894,2,4.091,3,5.506,4,5.998,255,0,0,0,0
1671457307511,30,50748,6,4.391,-3.684,0.000,1,4.894,2,4.097,3,5.506,4,5.998,255,0,0,0,0
1671457307572,61,50809,6,4.391,-3.684,0.000,1,4.894,2,4.097,3,5.506,4,5.998,255,0,0,0,0
1671457307588,16,50825,6,4.391,-3.684,0.000,1,4.894,2,4.097,3,5.500,4,5.998,255,0,0,0,0
1671457307664,76,50901,6,4.391,-3.684,0.000,1,4.894,2,4.097,3,5.500,4,5.998,255,0,0,0,0
1671457307664,0,50901,6,4.391,-3.684,0.000,1,4.894,2,4.097,3,5.500,4,5.998,255,0,0,0,0
1671457307685,21,50922,6,4.391,-3.684,0.000,1,4.894,2,4.113,3,5.506,4,5.998,255,0,0,0,0
1671457307728,43,50965,6,4.346,-3.671,0.000,1,4.894,2,4.113,3,5.506,4,5.998,255,0,0,0,0
1671457307757,29,50994,6,4.346,-3.671,0.000,1,4.883,2,4.102,3,5.506,4,5.998,255,0,0,0,0
1671457307787,30,51024,6,4.346,-3.671,0.000,1,4.883,2,4.102,3,5.506,4,5.998,255,0,0,0,0
1671457307818,31,51055,6,4.346,-3.671,0.000,1,4.883,2,4.102,3,5.506,4,5.998,255,0,0,0,0
1671457307818,0,51055,6,4.376,-3.666,0.000,1,4.883,2,4.102,3,5.506,4,5.998,255,0,0,0,0
1671457307880,62,51117,6,4.376,-3.666,0.000,1,4.883,2,4.102,3,5.506,4,5.998,255,0,0,0,0
1671457307949,69,51186,6,4.376,-3.666,0.000,1,4.883,2,4.102,3,5.506,4,5.998,255,0,0,0,0
1671457307972,23,51209,6,4.376,-3.666,0.000,1,4.894,2,4.099,3,5.500,4,5.998,255,0,0,0,0
1671457308002,30,51239,6,4.398,-3.680,0.000,1,4.894,2,4.099,3,5.500,4,5.998,255,0,0,0,0
1671457308080,78,51317,6,4.398,-3.680,0.000,1,4.891,2,4.099,3,5.500,4,5.998,255,0,0,0,0
1671457308080,0,51317,6,4.398,-3.680,0.000,1,4.891,2,4.099,3,5.500,4,5.998,255,0,0,0,0
1671457308111,31,51348,6,4.316,-3.473,0.000,1,4.891,2,4.099,3,5.500,4,5.998,255,0,0,0,0
1671457308141,30,51378,6,4.316,-3.473,0.000,1,4.894,2,4.094,3,5.500,4,5.998,255,0,0,0,0
1671457308172,31,51409,6,4.316,-3.473,0.000,1,4.894,2,4.094,3,5.500,4,5.998,255,0,0,0,0
1671457308234,62,51471,6,4.387,-3.654,0.000,1,4.894,2,4.094,3,5.500,4,5.998,255,0,0,0,0
1671457308295,61,51532,6,4.387,-3.654,0.000,1,4.894,2,4.088,3,5.498,4,5.998,255,0,0,0,0
1671457308295,0,51532,6,4.387,-3.654,0.000,1,4.894,2,4.088,3,5.498,4,5.998,255,0,0,0,0
1671457308325,30,51562,6,4.387,-3.654,0.000,1,4.894,2,4.088,3,5.498,4,5.998,255,0,0,0,0
1671457308355,30,51592,6,4.387,-3.654,0.000,1,4.894,2,4.088,3,5.498,4,5.998,255,0,0,0,0
1671457308417,62,51654,6,4.403,-3.675,0.000,1,4.894,2,4.088,3,5.498,4,5.998,255,0,0,0,0
1671457308448,31,51685,6,4.403,-3.675,0.000,1,4.894,2,4.088,3,5.498,4,5.998,255,0,0,0,0
1671457308464,16,51701,6,4.403,-3.675,0.000,1,4.894,2,4.088,3,5.498,4,5.998,255,0,0,0,0
1671457308464,0,51701,6,4.356,-3.620,0.000,1,4.894,2,4.088,3,5.498,4,5.998,255,0,0,0,0
1671457308541,77,51778,6,4.356,-3.620,0.000,1,4.894,2,4.088,3,5.498,4,5.998,255,0,0,0,0
1671457308563,22,51800,6,4.356,-3.620,0.000,1,4.894,2,4.088,3,5.500,4,5.998,255,0,0,0,0
1671457308573,10,51810,6,4.341,-3.560,0.000,1,4.894,2,4.088,3,5.500,4,5.998,255,0,0,0,0
1671457308635,62,51872,6,4.341,-3.560,0.000,1,4.894,2,4.088,3,5.500,4,5.998,255,0,0,0,0
1671457308665,30,51902,6,4.341,-3.560,0.000,1,4.894,2,4.094,3,5.498,4,5.998,255,0,0,0,0
1671457308665,0,51902,6,4.341,-3.560,0.000,1,4.894,2,4.094,3,5.498,4,5.998,255,0,0,0,0
1671457308680,15,51917,6,4.372,-3.633,0.000,1,4.894,2,4.094,3,5.498,4,5.998,255,0,0,0,0
1671457308757,77,51994,6,4.372,-3.633,0.000,1,4.894,2,4.094,3,5.498,4,5.998,255,0,0,0,0
1671457308801,44,52038,6,4.372,-3.633,0.000,1,4.897,2,4.091,3,5.495,4,5.998,255,0,0,0,0
1671457308892,91,52129,6,4.372,-3.633,0.000,1,4.897,2,4.091,3,5.495,4,5.998,255,0,0,0,0
1671457308922,30,52159,6,4.372,-3.633,0.000,1,4.897,2,4.091,3,5.495,4,5.998,255,0,0,0,0
1671457308922,0,52159,6,4.380,-3.649,0.000,1,4.897,2,4.091,3,5.495,4,5.998,255,0,0,0,0
1671457308953,31,52190,6,4.380,-3.649,0.000,1,4.897,2,4.091,3,5.495,4,5.998,255,0,0,0,0
1671457309016,63,52253,6,4.380,-3.649,0.000,1,0.000,2,0.000,3,0.000,4,0.000,255,0,0,0,0
1671457309078,62,52315,6,4.380,-3.649,0.000,1,4.894,2,4.097,3,5.498,4,5.998,255,0,0,0,0
1671457309110,32,52347,6,4.380,-3.649,0.000,1,4.894,2,4.097,3,5.498,4,5.998,255,0,0,0,0
1671457309172,62,52409,6,4.380,-3.649,0.000,1,4.886,2,4.099,3,5.500,4,5.998,255,0,0,0,0
1671457309172,0,52409,6,4.380,-3.649,0.000,1,4.886,2,4.099,3,5.500,4,5.998,255,0,0,0,0
1671457309203,31,52440,6,4.380,-3.649,0.000,1,4.886,2,4.099,3,5.500,4,5.995,255,0,0,0,0
1671457309234,31,52471,6,4.325,-3.627,0.000,1,4.886,2,4.099,3,5.500,4,5.995,255,0,0,0,0
1671457309266,32,52503,6,4.325,-3.627,0.000,1,4.886,2,4.099,3,5.500,4,5.995,255,0,0,0,0
1671457309327,61,52564,6,4.325,-3.627,0.000,1,4.886,2,4.099,3,5.500,4,5.995,255,0,0,0,0
1671457309374,47,52611,6,4.325,-3.627,0.000,1,4.880,2,4.097,3,5.500,4,5.998,255,0,0,0,0
1671457309374,0,52611,6,4.323,-3.550,0.000,1,4.880,2,4.097,3,5.500,4,5.998,255,0,0,0,0
1671457309420,46,52657,6,4.323,-3.550,0.000,1,4.880,2,4.102,3,5.500,4,5.998,255,0,0,0,0
1671457309452,32,52689,6,4.323,-3.550,0.000,1,4.880,2,4.102,3,5.500,4,5.998,255,0,0,0,0
1671457309515,63,52752,6,4.323,-3.496,0.000,1,4.880,2,4.102,3,5.500,4,5.998,255,0,0,0,0
1671457309545,30,52782,6,4.323,-3.496,0.000,1,4.880,2,4.102,3,5.500,4,5.998,255,0,0,0,0
1671457309560,15,52797,6,4.323,-3.496,0.000,1,4.880,2,4.102,3,5.500,4,5.998,255,0,0,0,0
1671457309560,0,52797,6,4.323,-3.496,0.000,1,4.880,2,4.102,3,5.500,4,5.998,255,0,0,0,0
1671457309622,62,52859,6,4.312,-3.459,0.000,1,4.880,2,4.102,3,5.500,4,5.998,255,0,0,0,0
1671457309669,47,52906,6,4.312,-3.459,0.000,1,4.891,2,4.102,3,5.495,4,5.998,255,0,0,0,0
1671457309700,31,52937,6,4.312,-3.459,0.000,1,4.891,2,4.102,3,5.495,4,5.998,255,0,0,0,0
1671457309761,61,52998,6,4.386,-3.649,0.000,1,4.891,2,4.102,3,5.495,4,5.998,255,0,0,0,0
1671457309792,31,53029,6,4.386,-3.649,0.000,1,4.891,2,4.102,3,5.498,4,5.998,255,0,0,0,0
1671457309792,0,53029,6,4.386,-3.649,0.000,1,4.891,2,4.102,3,5.498,4,5.998,255,0,0,0,0
1671457309875,83,53112,6,4.386,-3.649,0.000,1,4.891,2,4.102,3,5.498,4,5.998,255,0,0,0,0
1671457309884,9,53121,6,4.388,-3.654,0.000,1,4.891,2,4.102,3,5.498,4,5.998,255,0,0,0,0
1671457309945,61,53182,6,4.388,-3.654,0.000,1,4.891,2,4.091,3,5.498,4,5.998,255,0,0,0,0
1671457309976,31,53213,6,4.388,-3.654,0.000,1,4.891,2,4.091,3,5.498,4,5.998,255,0,0,0,0
1671457309991,15,53228,6,4.388,-3.654,0.000,1,4.891,2,4.091,3,5.498,4,5.998,255,0,0,0,0
1671457309991,0,53228,6,4.350,-3.665,0.000,1,4.891,2,4.091,3,5.498,4,5.998,255,0,0,0,0
1671457310051,60,53288,6,4.350,-3.665,0.000,1,4.891,2,4.091,3,5.498,4,5.998,255,0,0,0,0
1671457310082,31,53319,6,4.320,-3.671,0.000,1,4.897,2,4.091,3,5.498,4,5.995,255,0,0,0,0
1671457310134,52,53371,6,4.320,-3.671,0.000,1,4.897,2,4.091,3,5.498,4,5.995,255,0,0,0,0
1671457310176,42,53413,6,4.320,-3.671,0.000,1,4.894,2,4.091,3,5.492,4,5.998,255,0,0,0,0
1671457310205,29,53442,6,4.320,-3.671,0.000,1,4.894,2,4.091,3,5.492,4,5.998,255,0,0,0,0
1671457310205,0,53442,6,4.320,-3.671,0.000,1,4.894,2,4.091,3,5.492,4,5.998,255,0,0,0,0
1671457310243,38,53480,6,4.399,-3.674,0.000,1,4.894,2,4.091,3,5.492,4,5.998,255,0,0,0,0
1671457310269,26,53506,6,4.399,-3.674,0.000,1,4.897,2,4.091,3,5.492,4,5.998,255,0,0,0,0
1671457310300,31,53537,6,4.399,-3.674,0.000,1,4.897,2,4.091,3,5.492,4,5.989,255,0,0,0,0
1671457310331,31,53568,4,9.390,0.000,2.220,255,0,0,0,0
1671457310331,0,53568,6,4.318,-3.663,0.000,1,4.897,2,4.091,3,5.492,4,5.989,255,0,0,0,0
1671457310331,0,53568,1,9.390,-3.685,2.220,255,0,0,0,0
1671457310331,0,53568,2,0.003,-3.685,2.220,255,0,0,0,0
1671457310331,0,53568,3,0.003,0.000,2.220,255,0,0,0,0
1671457310363,32,53600,6,4.318,-3.663,0.000,1,4.897,2,4.091,3,5.492,4,5.989,255,0,0,0,0
1671457310363,0,53600,6,4.318,-3.663,0.000,1,4.897,2,4.091,3,5.492,4,5.989,255,0,0,0,0
1671457310424,61,53661,6,4.318,-3.663,0.000,1,4.897,2,4.091,3,5.492,4,5.989,255,0,0,0,0
1671457310472,48,53709,6,4.318,-3.663,0.000,1,4.894,2,4.091,3,5.475,4,5.998,255,0,0,0,0
1671457310502,30,53739,6,4.303,-3.666,0.000,1,4.894,2,4.091,3,5.475,4,5.998,255,0,0,0,0
1671457310549,47,53786,6,4.303,-3.666,0.000,1,4.891,2,4.097,3,5.498,4,5.998,255,0,0,0,0
1671457310610,61,53847,6,4.303,-3.666,0.000,1,4.891,2,4.097,3,5.498,4,5.998,255,0,0,0,0
1671457310610,0,53847,6,4.303,-3.666,0.000,1,4.891,2,4.097,3,5.498,4,5.998,255,0,0,0,0
1671457310639,29,53876,6,4.379,-3.663,0.000,1,4.897,2,4.097,3,5.498,4,5.998,255,0,0,0,0
1671457310672,33,53909,6,4.379,-3.663,0.000,1,4.897,2,4.097,3,5.498,4,5.998,255,0,0,0,0
1671457310734,62,53971,6,4.379,-3.663,0.000,1,4.897,2,4.097,3,5.498,4,5.998,255,0,0,0,0
1671457310766,32,54003,6,4.321,-3.488,0.000,1,4.894,2,4.102,3,5.498,4,5.998,255,0,0,0,0
1671457310796,30,54033,6,4.321,-3.488,0.000,1,4.894,2,4.102,3,5.495,4,5.998,255,0,0,0,0
1671457310796,0,54033,6,4.321,-3.488,0.000,1,4.894,2,4.102,3,5.495,4,5.998,255,0,0,0,0
1671457310872,76,54109,6,4.321,-3.488,0.000,1,4.894,2,4.102,3,5.495,4,5.998,255,0,0,0,0
1671457310918,46,54155,6,4.304,-3.446,0.000,1,4.894,2,4.102,3,5.495,4,5.998,255,0,0,0,0
1671457310949,31,54186,6,4.304,-3.446,0.000,1,4.894,2,4.102,3,5.495,4,5.998,255,0,0,0,0
1671457310979,30,54216,6,4.304,-3.446,0.000,1,4.891,2,4.102,3,5.498,4,5.998,255,0,0,0,0
1671457311017,38,54254,6,4.304,-3.446,0.000,1,4.894,2,4.108,3,5.500,4,5.998,255,0,0,0,0
1671457311017,0,54254,6,4.355,-3.574,0.000,1,4.894,2,4.108,3,5.500,4,5.998,255,0,0,0,0
1671457311054,37,54291,6,4.355,-3.574,0.000,1,4.894,2,4.108,3,5.500,4,5.995,255,0,0,0,0
1671457311078,24,54315,6,4.386,-3.649,0.000,1,4.894,2,4.108,3,5.500,4,5.995,255,0,0,0,0
1671457311099,21,54336,6,4.386,-3.649,0.000,1,4.894,2,4.108,3,5.500,4,5.995,255,0,0,0,0
1671457311174,75,54411,6,4.386,-3.649,0.000,1,4.894,2,4.108,3,5.500,4,5.995,255,0,0,0,0
1671457311234,60,54471,6,4.386,-3.649,0.000,1,4.894,2,4.102,3,5.498,4,5.995,255,0,0,0,0
1671457311234,0,54471,6,4.386,-3.649,0.000,1,4.894,2,4.102,3,5.498,4,5.995,255,0,0,0,0
1671457311266,32,54503,6,4.318,-3.463,0.000,1,4.891,2,4.099,3,5.498,4,5.998,255,0,0,0,0
1671457311295,29,54532,6,4.318,-3.463,0.000,1,4.891,2,4.099,3,5.498,4,5.998,255,0,0,0,0
1671457311344,49,54581,6,4.318,-3.463,0.000,1,4.891,2,4.099,3,5.498,4,5.998,255,0,0,0,0
1671457311372,28,54609,6,4.377,-3.620,0.000,1,4.891,2,4.099,3,5.498,4,5.998,255,0,0,0,0
1671457311417,45,54654,6,4.377,-3.620,0.000,1,4.891,2,4.097,3,5.498,4,5.998,255,0,0,0,0
1671457311417,0,54654,6,4.377,-3.620,0.000,1,4.891,2,4.097,3,5.498,4,5.998,255,0,0,0,0
1671457311452,35,54689,6,4.377,-3.620,0.000,1,4.891,2,4.097,3,5.498,4,5.998,255,0,0,0,0
1671457311478,26,54715,6,4.390,-3.663,0.000,1,4.891,2,4.097,3,5.498,4,5.998,255,0,0,0,0
1671457311557,79,54794,6,4.390,-3.663,0.000,1,4.891,2,4.097,3,5.498,4,5.998,255,0,0,0,0
1671457311614,57,54851,6,4.390,-3.663,0.000,1,4.891,2,4.091,3,5.500,4,5.998,255,0,0,0,0
1671457311674,60,54911,6,4.390,-3.663,0.000,1,4.894,2,4.091,3,5.500,4,5.998,255,0,0,0,0
1671457311674,0,54911,6,4.372,-3.618,0.000,1,4.894,2,4.091,3,5.500,4,5.998,255,0,0,0,0
1671457311705,31,54942,6,4.372,-3.618,0.000,1,4.894,2,4.091,3,5.500,4,5.995,255,0,0,0,0
1671457311734,29,54971,6,4.372,-3.618,0.000,1,4.894,2,4.091,3,5.500,4,5.995,255,0,0,0,0
1671457311750,16,54987,6,4.357,-3.584,0.000,1,4.891,2,4.088,3,5.498,4,5.995,255,0,0,0,0
1671457311828,78,55065,6,4.357,-3.584,0.000,1,4.891,2,4.088,3,5.498,4,5.995,255,0,0,0,0
1671457311874,46,55111,6,4.357,-3.584,0.000,1,4.891,2,4.088,3,5.498,4,5.998,255,0,0,0,0
1671457311874,0,55111,6,4.374,-3.629,0.000,1,4.891,2,4.088,3,5.498,4,5.998,255,0,0,0,0
1671457311920,46,55157,6,4.374,-3.629,0.000,1,4.891,2,4.088,3,5.498,4,5.998,255,0,0,0,0
1671457311951,31,55188,6,4.374,-3.629,0.000,1,4.891,2,4.088,3,5.498,4,5.998,255,0,0,0,0
1671457311966,15,55203,6,4.385,-3.658,0.000,1,4.897,2,4.094,3,5.500,4,5.998,255,0,0,0,0
1671457312043,77,55280,6,4.385,-3.658,0.000,1,4.897,2,4.094,3,5.500,4,5.998,255,0,0,0,0
1671457312074,31,55311,6,4.385,-3.658,0.000,1,4.894,2,4.094,3,5.500,4,5.998,255,0,0,0,0
1671457312074,0,55311,6,4.385,-3.658,0.000,1,4.894,2,4.094,3,5.500,4,5.998,255,0,0,0,0
1671457312135,61,55372,6,4.392,-3.673,0.000,1,4.894,2,4.094,3,5.500,4,5.998,255,0,0,0,0
1671457312174,39,55411,6,4.392,-3.673,0.000,1,4.897,2,4.094,3,5.506,4,5.998,255,0,0,0,0
1671457312180,6,55417,6,4.392,-3.673,0.000,1,4.897,2,4.094,3,5.506,4,5.998,255,0,0,0,0
1671457312241,61,55478,6,4.392,-3.673,0.000,1,4.897,2,4.094,3,5.506,4,5.998,255,0,0,0,0
1671457312271,30,55508,6,4.392,-3.673,0.000,1,4.897,2,4.094,3,5.506,4,5.998,255,0,0,0,0
1671457312271,0,55508,6,4.392,-3.673,0.000,1,4.897,2,4.094,3,5.506,4,5.998,255,0,0,0,0
1671457312333,62,55570,6,4.392,-3.673,0.000,1,4.897,2,4.094,3,5.506,4,5.998,255,0,0,0,0
1671457312363,30,55600,6,4.379,-3.641,0.000,1,4.897,2,4.094,3,5.506,4,5.998,255,0,0,0,0
1671457312388,25,55625,6,4.379,-3.641,0.000,1,4.897,2,4.097,3,5.506,4,5.998,255,0,0,0,0
1671457312453,65,55690,6,4.379,-3.641,0.000,1,4.897,2,4.097,3,5.506,4,5.998,255,0,0,0,0
1671457312484,31,55721,6,4.379,-3.641,0.000,1,4.897,2,4.097,3,5.506,4,5.998,255,0,0,0,0
1671457312484,0,55721,6,4.363,-3.598,0.000,1,4.897,2,4.097,3,5.506,4,5.998,255,0,0,0,0
1671457312515,31,55752,6,4.363,-3.598,0.000,1,4.891,2,4.099,3,5.506,4,5.998,255,0,0,0,0
1671457312545,30,55782,6,4.363,-3.598,0.000,1,4.891,2,4.099,3,5.506,4,5.998,255,0,0,0,0
1671457312607,62,55844,6,4.391,-3.666,0.000,1,4.891,2,4.099,3,5.506,4,5.998,255,0,0,0,0
1671457312669,62,55906,6,4.391,-3.666,0.000,1,4.891,2,4.091,3,5.506,4,5.989,255,0,0,0,0
1671457312699,30,55936,6,4.391,-3.666,0.000,1,4.891,2,4.091,3,5.506,4,5.998,255,0,0,0,0
1671457312699,0,55936,6,4.391,-3.666,0.000,1,4.891,2,4.091,3,5.506,4,5.998,255,0,0,0,0
1671457312730,31,55967,6,4.391,-3.666,0.000,1,4.891,2,4.091,3,5.506,4,5.998,255,0,0,0,0
1671457312805,75,56042,6,4.401,-3.677,0.000,1,4.891,2,4.091,3,5.506,4,5.998,255,0,0,0,0
1671457312830,25,56067,6,4.401,-3.677,0.000,1,4.891,2,4.091,3,5.506,4,5.998,255,0,0,0,0
1671457312871,41,56108,6,4.396,-3.684,0.000,1,4.891,2,4.091,3,5.506,4,5.998,255,0,0,0,0
1671457312896,25,56133,6,4.396,-3.684,0.000,1,4.891,2,4.091,3,5.506,4,5.998,255,0,0,0,0
1671457312896,0,56133,6,4.396,-3.684,0.000,1,4.891,2,4.091,3,5.506,4,5.998,255,0,0,0,0
1671457312944,48,56181,6,4.396,-3.684,0.000,1,4.891,2,4.091,3,5.506,4,5.998,255,0,0,0,0
1671457312978,34,56215,6,4.396,-3.684,0.000,1,4.891,2,4.091,3,5.506,4,5.998,255,0,0,0,0
1671457313046,68,56283,6,4.396,-3.684,0.000,1,4.891,2,4.088,3,5.509,4,5.998,255,0,0,0,0
1671457313067,21,56304,6,4.396,-3.684,0.000,1,4.891,2,4.088,3,5.509,4,5.998,255,0,0,0,0
1671457313128,61,56365,6,4.396,-3.684,0.000,1,4.891,2,4.088,3,5.509,4,5.998,255,0,0,0,0
1671457313128,0,56365,6,4.365,-3.608,0.000,1,4.891,2,4.088,3,5.509,4,5.998,255,0,0,0,0
1671457313173,45,56410,6,4.365,-3.608,0.000,1,4.891,2,4.088,3,5.509,4,5.998,255,0,0,0,0
1671457313235,62,56472,6,4.365,-3.608,0.000,1,4.891,2,4.088,3,5.509,4,5.998,255,0,0,0,0
1671457313266,31,56503,6,4.392,-3.679,0.000,1,4.891,2,4.088,3,5.509,4,5.998,255,0,0,0,0
1671457313305,39,56542,6,4.392,-3.679,0.000,1,4.891,2,4.088,3,5.506,4,5.998,255,0,0,0,0
1671457313358,53,56595,6,4.392,-3.679,0.000,1,4.891,2,4.088,3,5.506,4,5.998,255,0,0,0,0
1671457313358,0,56595,6,4.392,-3.679,0.000,1,4.891,2,4.088,3,5.506,4,5.998,255,0,0,0,0
1671457313389,31,56626,6,4.392,-3.679,0.000,1,4.891,2,4.085,3,5.506,4,5.998,255,0,0,0,0
1671457313449,60,56686,6,4.392,-3.679,0.000,1,4.891,2,4.085,3,5.506,4,5.998,255,0,0,0,0
1671457313479,30,56716,6,4.392,-3.679,0.000,1,4.891,2,4.085,3,5.506,4,5.998,255,0,0,0,0
1671457313525,46,56762,6,4.395,-3.688,0.000,1,4.891,2,4.085,3,5.506,4,5.998,255,0,0,0,0
1671457313554,29,56791,6,4.395,-3.688,0.000,1,4.891,2,4.085,3,5.506,4,5.998,255,0,0,0,0
1671457313554,0,56791,6,4.395,-3.688,0.000,1,4.891,2,4.085,3,5.506,4,5.998,255,0,0,0,0
1671457313585,31,56822,6,4.395,-3.690,0.000,1,4.891,2,4.085,3,5.506,4,5.998,255,0,0,0,0
1671457313600,15,56837,6,4.395,-3.690,0.000,1,4.891,2,4.085,3,5.506,4,5.998,255,0,0,0,0
1671457313633,33,56870,6,4.395,-3.690,0.000,1,4.891,2,4.085,3,5.506,4,5.998,255,0,0,0,0
1671457313702,69,56939,6,4.395,-3.690,0.000,1,4.891,2,4.085,3,5.506,4,5.998,255,0,0,0,0
1671457313742,40,56979,6,4.395,-3.690,0.000,1,4.891,2,4.085,3,5.506,4,5.998,255,0,0,0,0
1671457313742,0,56979,6,4.395,-3.690,0.000,1,4.891,2,4.085,3,5.506,4,5.998,255,0,0,0,0
1671457313769,27,57006,6,4.395,-3.690,0.000,1,4.891,2,4.085,3,5.506,4,5.998,255,0,0,0,0
1671457313800,31,57037,6,4.395,-3.690,0.000,1,4.891,2,4.085,3,5.506,4,5.998,255,0,0,0,0
1671457313876,76,57113,6,4.316,-3.690,0.000,1,4.891,2,4.085,3,5.506,4,5.998,255,0,0,0,0
1671457313921,45,57158,6,4.316,-3.690,0.000,1,4.891,2,4.085,3,5.506,4,5.998,255,0,0,0,0
1671457313936,15,57173,6,4.316,-3.690,0.000,1,4.886,2,4.085,3,5.506,4,5.998,255,0,0,0,0
1671457313936,0,57173,6,4.316,-3.690,0.000,1,4.886,2,4.085,3,5.506,4,5.998,255,0,0,0,0
1671457314029,93,57266,6,4.316,-3.690,0.000,1,4.897,2,4.085,3,5.509,4,5.998,255,0,0,0,0
1671457314058,29,57295,6,4.373,-3.690,0.000,1,4.897,2,4.085,3,5.509,4,5.998,255,0,0,0,0
1671457314119,61,57356,6,4.373,-3.690,0.000,1,4.897,2,4.085,3,5.509,4,5.998,255,0,0,0,0
1671457314151,32,57388,6,4.373,-3.690,0.000,1,4.891,2,4.085,3,5.506,4,5.998,255,0,0,0,0
1671457314151,0,57388,6,4.373,-3.690,0.000,1,4.891,2,4.085,3,5.506,4,5.998,255,0,0,0,0
1671457314185,34,57422,6,4.373,-3.690,0.000,1,4.891,2,4.085,3,5.506,4,5.998,255,0,0,0,0
1671457314244,59,57481,6,4.373,-3.690,0.000,1,4.891,2,4.085,3,5.506,4,5.998,255,0,0,0,0
1671457314306,62,57543,6,4.312,-3.726,0.000,1,4.891,2,4.085,3,5.478,4,5.998,255,0,0,0,0
1671457314336,30,57573,6,4.312,-3.726,0.000,1,4.891,2,4.085,3,5.478,4,5.998,255,0,0,0,0
1671457314358,22,57595,6,4.312,-3.726,0.000,1,4.891,2,4.085,3,5.478,4,5.998,255,0,0,0,0
1671457314358,0,57595,6,4.312,-3.726,0.000,1,4.891,2,4.085,3,5.478,4,5.998,255,0,0,0,0
1671457314367,9,57604,6,4.341,-3.645,0.000,1,4.897,2,4.085,3,5.506,4,5.998,255,0,0,0,0
1671457314430,63,57667,6,4.341,-3.645,0.000,1,4.897,2,4.085,3,5.506,4,5.998,255,0,0,0,0
1671457314461,31,57698,6,4.376,-3.647,0.000,1,4.897,2,4.085,3,5.506,4,5.998,255,0,0,0,0
1671457314512,51,57749,6,4.376,-3.647,0.000,1,4.897,2,4.085,3,5.506,4,5.998,255,0,0,0,0
1671457314553,41,57790,6,4.376,-3.647,0.000,1,4.891,2,4.085,3,5.506,4,5.998,255,0,0,0,0
1671457314553,0,57790,6,4.376,-3.647,0.000,1,4.891,2,4.085,3,5.506,4,5.998,255,0,0,0,0
1671457314578,25,57815,6,4.376,-3.647,0.000,1,4.891,2,4.085,3,5.506,4,5.998,255,0,0,0,0
1671457314621,43,57858,6,4.394,-3.685,0.000,1,4.891,2,4.085,3,5.506,4,5.998,255,0,0,0,0
1671457314644,23,57881,6,4.394,-3.685,0.000,1,4.891,2,4.080,3,5.506,4,5.998,255,0,0,0,0
1671457314676,32,57913,6,4.394,-3.685,0.000,1,4.891,2,4.080,3,5.506,4,5.998,255,0,0,0,0
1671457314707,31,57944,6,4.394,-3.685,0.000,1,4.891,2,4.080,3,5.506,4,5.998,255,0,0,0,0
1671457314707,0,57944,6,4.394,-3.685,0.000,1,4.891,2,4.080,3,5.506,4,5.998,255,0,0,0,0
1671457314737,30,57974,6,4.394,-3.685,0.000,1,4.891,2,4.080,3,5.506,4,5.998,255,0,0,0,0
1671457314795,58,58032,6,4.394,-3.685,0.000,1,4.891,2,4.080,3,5.506,4,5.998,255,0,0,0,0
1671457314878,83,58115,6,4.394,-3.685,0.000,1,4.891,2,4.083,3,5.506,4,5.998,255,0,0,0,0
1671457314924,46,58161,6,4.395,-3.693,0.000,1,4.891,2,4.083,3,5.506,4,5.998,255,0,0,0,0
1671457314987,63,58224,6,4.395,-3.693,0.000,1,4.891,2,4.080,3,5.506,4,5.998,255,0,0,0,0
1671457314987,0,58224,6,4.395,-3.693,0.000,1,4.891,2,4.080,3,5.506,4,5.998,255,0,0,0,0
1671457315016,29,58253,6,4.395,-3.693,0.000,1,4.891,2,4.080,3,5.506,4,5.998,255,0,0,0,0
1671457315056,40,58293,6,4.395,-3.693,0.000,1,4.891,2,4.080,3,5.506,4,5.998,255,0,0,0,0
1671457315109,53,58346,6,4.395,-3.693,0.000,1,4.891,2,4.080,3,5.506,4,5.998,255,0,0,0,0
1671457315140,31,58377,6,4.395,-3.696,0.000,1,4.891,2,4.080,3,5.506,4,5.998,255,0,0,0,0
1671457315201,61,58438,6,4.395,-3.696,0.000,1,4.891,2,4.080,3,5.506,4,5.998,255,0,0,0,0
1671457315201,0,58438,6,4.395,-3.696,0.000,1,4.891,2,4.080,3,5.506,4,5.998,255,0,0,0,0
1671457315231,30,58468,6,4.395,-3.696,0.000,1,4.897,2,4.080,3,5.506,4,5.998,255,0,0,0,0
1671457315246,15,58483,6,4.395,-3.696,0.000,1,4.897,2,4.080,3,5.506,4,5.998,255,0,0,0,0
1671457315308,62,58545,6,4.395,-3.696,0.000,1,4.897,2,4.080,3,5.506,4,5.998,255,0,0,0,0
1671457315340,32,58577,6,4.395,-3.696,0.000,1,4.891,2,4.077,3,5.506,4,5.998,255,0,0,0,0
1671457315386,46,58623,6,4.395,-3.696,0.000,1,4.891,2,4.077,3,5.506,4,5.998,255,0,0,0,0
1671457315386,0,58623,6,4.395,-3.696,0.000,1,4.891,2,4.077,3,5.506,4,5.998,255,0,0,0,0
1671457315430,44,58667,6,4.395,-3.696,0.000,1,4.891,2,4.080,3,5.506,4,5.998,255,0,0,0,0
1671457315456,26,58693,6,4.395,-3.696,0.000,1,4.891,2,4.080,3,5.506,4,5.998,255,0,0,0,0
1671457315476,20,58713,6,4.395,-3.699,0.000,1,4.891,2,4.080,3,5.506,4,5.998,255,0,0,0,0
1671457315566,90,58803,6,4.395,-3.699,0.000,1,4.891,2,4.080,3,5.506,4,5.998,255,0,0,0,0
1671457315627,61,58864,6,4.395,-3.699,0.000,1,4.891,2,4.080,3,5.506,4,5.998,255,0,0,0,0
1671457315627,0,58864,6,4.395,-3.699,0.000,1,4.891,2,4.080,3,5.506,4,5.998,255,0,0,0,0
1671457315672,45,58909,6,4.395,-3.696,0.000,1,4.891,2,4.074,3,5.506,4,5.998,255,0,0,0,0
1671457315720,48,58957,6,4.395,-3.696,0.000,1,4.891,2,4.074,3,5.506,4,5.998,255,0,0,0,0
1671457315765,45,59002,6,4.395,-3.696,0.000,1,4.891,2,4.074,3,5.506,4,5.998,255,0,0,0,0
1671457315812,47,59049,6,4.395,-3.696,0.000,1,4.891,2,4.074,3,5.506,4,5.998,255,0,0,0,0
1671457315873,61,59110,6,4.395,-3.696,0.000,1,4.891,2,4.074,3,5.506,4,5.998,255,0,0,0,0
1671457315873,0,59110,6,4.395,-3.696,0.000,1,4.891,2,4.074,3,5.506,4,5.998,255,0,0,0,0
1671457315903,30,59140,6,4.331,-3.623,0.000,1,4.891,2,4.074,3,5.506,4,5.998,255,0,0,0,0
1671457315935,32,59172,6,4.331,-3.623,0.000,1,4.891,2,4.074,3,5.506,4,5.998,255,0,0,0,0
1671457315995,60,59232,6,4.331,-3.623,0.000,1,4.891,2,4.074,3,5.506,4,5.998,255,0,0,0,0
1671457316058,63,59295,6,4.307,-3.482,0.000,1,4.897,2,4.074,3,5.506,4,5.998,255,0,0,0,0
1671457316088,30,59325,6,4.307,-3.482,0.000,1,4.897,2,4.074,3,5.506,4,5.998,255,0,0,0,0
1671457316088,0,59325,6,4.307,-3.482,0.000,1,4.897,2,4.074,3,5.506,4,5.998,255,0,0,0,0
1671457316111,23,59348,6,4.307,-3.482,0.000,1,4.897,2,4.074,3,5.506,4,5.998,255,0,0,0,0
1671457316118,7,59355,6,4.307,-3.482,0.000,1,4.891,2,4.074,3,5.509,4,5.998,255,0,0,0,0
1671457316180,62,59417,6,4.307,-3.482,0.000,1,4.891,2,4.074,3,5.509,4,5.998,255,0,0,0,0
1671457316211,31,59448,6,4.384,-3.676,0.000,1,4.891,2,4.074,3,5.509,4,5.998,255,0,0,0,0
1671457316226,15,59463,6,4.384,-3.676,0.000,1,4.891,2,4.074,3,5.509,4,5.998,255,0,0,0,0
1671457316226,0,59463,6,4.384,-3.676,0.000,1,4.891,2,4.074,3,5.509,4,5.998,255,0,0,0,0
1671457316305,79,59542,6,4.384,-3.676,0.000,1,4.891,2,4.074,3,5.509,4,5.998,255,0,0,0,0
1671457316331,26,59568,6,4.384,-3.676,0.000,1,4.891,2,4.074,3,5.506,4,5.998,255,0,0,0,0
1671457316351,20,59588,6,4.333,-3.696,0.000,1,4.891,2,4.074,3,5.506,4,5.998,255,0,0,0,0
1671457316427,76,59664,6,4.333,-3.696,0.000,1,4.891,2,4.074,3,5.506,4,5.998,255,0,0,0,0
1671457316478,51,59715,6,4.333,-3.696,0.000,1,4.891,2,4.072,3,5.506,4,5.998,255,0,0,0,0
1671457316478,0,59715,6,4.333,-3.696,0.000,1,4.891,2,4.072,3,5.506,4,5.998,255,0,0,0,0
1671457316502,24,59739,6,4.308,-3.731,0.000,1,4.891,2,4.072,3,5.506,4,5.998,255,0,0,0,0
1671457316533,31,59770,6,4.308,-3.731,0.000,1,4.891,2,4.072,3,5.506,4,5.998,255,0,0,0,0
1671457316564,31,59801,6,4.308,-3.731,0.000,1,4.891,2,4.072,3,5.506,4,5.998,255,0,0,0,0
1671457316626,62,59863,6,4.301,-3.475,0.000,1,4.891,2,4.072,3,5.506,4,5.998,255,0,0,0,0
1671457316673,47,59910,6,4.301,-3.475,0.000,1,4.891,2,4.072,3,5.506,4,5.998,255,0,0,0,0
1671457316673,0,59910,6,4.301,-3.475,0.000,1,4.891,2,4.072,3,5.506,4,5.998,255,0,0,0,0
1671457316734,61,59971,6,4.301,-3.475,0.000,1,4.891,2,4.072,3,5.506,4,5.998,255,0,0,0,0
1671457316763,29,60000,6,4.377,-3.659,0.000,1,4.891,2,4.072,3,5.506,4,5.998,255,0,0,0,0
1671457316812,49,60049,6,4.377,-3.659,0.000,1,4.891,2,4.072,3,5.509,4,5.998,255,0,0,0,0
1671457316873,61,60110,6,4.377,-3.659,0.000,1,4.891,2,4.072,3,5.509,4,5.998,255,0,0,0,0
1671457316889,16,60126,6,4.377,-3.659,0.000,1,4.891,2,4.072,3,5.509,4,5.998,255,0,0,0,0
1671457316889,0,60126,6,4.377,-3.659,0.000,1,4.891,2,4.072,3,5.509,4,5.998,255,0,0,0,0
1671457316950,61,60187,6,4.377,-3.659,0.000,1,4.897,2,4.074,3,5.506,4,5.998,255,0,0,0,0
1671457316982,32,60219,6,4.377,-3.659,0.000,1,4.897,2,4.074,3,5.506,4,5.998,255,0,0,0,0
1671457316997,15,60234,6,4.357,-3.701,0.000,1,4.897,2,4.074,3,5.506,4,5.998,255,0,0,0,0
1671457317029,32,60266,6,4.357,-3.701,0.000,1,4.897,2,4.074,3,5.506,4,5.998,255,0,0,0,0
1671457317090,61,60327,6,4.357,-3.701,0.000,1,4.897,2,4.074,3,5.506,4,5.998,255,0,0,0,0
1671457317090,0,60327,6,4.332,-3.667,0.000,1,4.897,2,4.074,3,5.506,4,5.998,255,0,0,0,0
1671457317135,45,60372,6,4.332,-3.667,0.000,1,4.891,2,4.072,3,5.506,4,5.998,255,0,0,0,0
1671457317180,45,60417,6,4.332,-3.667,0.000,1,4.891,2,4.080,3,5.506,4,5.998,255,0,0,0,0
1671457317203,23,60440,6,4.332,-3.667,0.000,1,4.891,2,4.080,3,5.506,4,5.998,255,0,0,0,0
1671457317210,7,60447,6,4.330,-3.575,0.000,1,4.891,2,4.080,3,5.506,4,5.998,255,0,0,0,0
1671457317271,61,60508,6,4.330,-3.575,0.000,1,4.891,2,4.080,3,5.506,4,5.998,255,0,0,0,0
1671457317271,0,60508,6,4.330,-3.575,0.000,1,4.891,2,4.080,3,5.506,4,5.998,255,0,0,0,0
1671457317302,31,60539,6,4.330,-3.575,0.000,1,4.891,2,4.077,3,5.509,4,5.998,255,0,0,0,0
1671457317332,30,60569,6,4.388,-3.681,0.000,1,4.891,2,4.077,3,5.509,4,5.998,255,0,0,0,0
1671457317394,62,60631,6,4.388,-3.681,0.000,1,4.891,2,4.077,3,5.509,4,5.998,255,0,0,0,0
1671457317438,44,60675,6,4.388,-3.681,0.000,1,4.891,2,4.077,3,5.506,4,5.998,255,0,0,0,0
1671457317469,31,60706,6,4.388,-3.681,0.000,1,4.891,2,4.077,3,5.506,4,5.998,255,0,0,0,0
1671457317469,0,60706,6,4.388,-3.681,0.000,1,4.891,2,4.077,3,5.506,4,5.998,255,0,0,0,0
1671457317547,78,60784,6,4.416,-3.705,0.000,1,4.891,2,4.077,3,5.506,4,5.998,255,0,0,0,0
1671457317607,60,60844,6,4.416,-3.705,0.000,1,4.897,2,4.077,3,5.511,4,5.998,255,0,0,0,0
1671457317638,31,60875,6,4.416,-3.705,0.000,1,4.897,2,4.077,3,5.511,4,5.998,255,0,0,0,0
1671457317653,15,60890,6,4.381,-3.705,0.000,1,4.897,2,4.077,3,5.509,4,5.998,255,0,0,0,0
1671457317715,62,60952,6,4.381,-3.705,0.000,1,4.897,2,4.077,3,5.509,4,5.998,255,0,0,0,0
1671457317715,0,60952,6,4.381,-3.705,0.000,1,4.897,2,4.077,3,5.509,4,5.998,255,0,0,0,0
1671457317746,31,60983,6,4.405,-3.733,0.000,1,4.897,2,4.077,3,5.509,4,5.998,255,0,0,0,0
1671457317806,60,61043,6,4.405,-3.733,0.000,1,4.891,2,4.080,3,5.509,4,5.998,255,0,0,0,0
1671457317838,32,61075,6,4.405,-3.733,0.000,1,4.891,2,4.080,3,5.509,4,5.998,255,0,0,0,0
1671457317904,66,61141,6,4.309,-3.467,0.000,1,4.891,2,4.080,3,5.509,4,5.998,255,0,0,0,0
1671457317931,27,61168,6,4.309,-3.467,0.000,1,4.891,2,4.080,3,5.509,4,5.998,255,0,0,0,0
1671457317931,0,61168,6,4.309,-3.467,0.000,1,4.891,2,4.080,3,5.509,4,5.998,255,0,0,0,0
1671457317979,48,61216,6,4.309,-3.467,0.000,1,4.897,2,4.083,3,5.506,4,5.998,255,0,0,0,0
1671457318056,77,61293,6,4.286,-3.666,0.000,1,4.897,2,4.083,3,5.506,4,5.998,255,0,0,0,0
1671457318078,22,61315,6,4.286,-3.666,0.000,1,4.847,2,4.102,3,5.492,4,5.989,255,0,0,0,0
1671457318087,9,61324,6,4.286,-3.666,0.000,1,4.847,2,4.102,3,5.492,4,5.989,255,0,0,0,0
1671457318119,32,61356,6,4.286,-3.666,0.000,1,4.847,2,4.102,3,5.492,4,5.989,255,0,0,0,0
1671457318119,0,61356,6,4.351,-3.665,0.000,1,4.847,2,4.102,3,5.492,4,5.989,255,0,0,0,0
1671457318180,61,61417,6,4.351,-3.665,0.000,1,4.847,2,4.102,3,5.492,4,5.989,255,0,0,0,0
1671457318229,49,61466,6,4.390,-3.652,0.000,1,4.894,2,4.085,3,5.511,4,5.998,255,0,0,0,0
1671457318258,29,61495,6,4.390,-3.652,0.000,1,4.894,2,4.085,3,5.511,4,5.998,255,0,0,0,0
1671457318305,47,61542,6,4.390,-3.652,0.000,1,4.853,2,4.080,3,5.509,4,5.998,255,0,0,0,0
1671457318337,32,61574,6,4.390,-3.652,0.000,1,4.853,2,4.080,3,5.509,4,5.998,255,0,0,0,0
1671457318338,1,61575,6,4.390,-3.652,0.000,1,4.853,2,4.080,3,5.509,4,5.998,255,0,0,0,0
1671457318398,60,61635,6,4.305,-3.456,0.000,1,4.853,2,4.080,3,5.509,4,5.998,255,0,0,0,0
1671457318429,31,61666,6,4.305,-3.456,0.000,1,4.891,2,4.080,3,5.506,4,5.998,255,0,0,0,0
1671457318490,61,61727,6,4.305,-3.456,0.000,1,4.891,2,4.080,3,5.506,4,5.998,255,0,0,0,0
1671457318515,25,61752,6,4.389,-3.678,0.000,1,4.897,2,4.080,3,5.506,4,5.998,255,0,0,0,0
1671457318535,20,61772,6,4.389,-3.678,0.000,1,4.897,2,4.085,3,5.514,4,5.998,255,0,0,0,0
1671457318535,0,61772,6,4.389,-3.678,0.000,1,4.897,2,4.085,3,5.514,4,5.998,255,0,0,0,0
1671457318597,62,61834,6,4.389,-3.678,0.000,1,4.897,2,4.085,3,5.514,4,5.998,255,0,0,0,0
1671457318626,29,61863,6,4.395,-3.694,0.000,1,4.897,2,4.085,3,5.514,4,5.998,255,0,0,0,0
1671457318689,63,61926,6,4.395,-3.694,0.000,1,4.891,2,4.097,3,5.511,4,5.998,255,0,0,0,0
1671457318720,31,61957,6,4.395,-3.694,0.000,1,4.891,2,4.097,3,5.511,4,5.998,255,0,0,0,0
1671457318751,31,61988,6,4.395,-3.694,0.000,1,4.891,2,4.097,3,5.511,4,5.998,255,0,0,0,0
1671457318751,0,61988,6,4.374,-3.694,0.000,1,4.891,2,4.097,3,5.511,4,5.998,255,0,0,0,0
1671457318844,93,62081,6,4.374,-3.694,0.000,1,4.891,2,4.097,3,5.511,4,5.998,255,0,0,0,0
1671457318906,62,62143,6,4.374,-3.694,0.000,1,4.891,2,4.085,3,5.511,4,5.998,255,0,0,0,0
1671457318966,60,62203,6,4.323,-3.687,0.000,1,4.891,2,4.085,3,5.511,4,5.998,255,0,0,0,0
1671457319027,61,62264,6,4.323,-3.687,0.000,1,4.891,2,4.085,3,5.506,4,5.998,255,0,0,0,0
1671457319058,31,62295,6,4.323,-3.687,0.000,1,4.891,2,4.085,3,5.509,4,5.998,255,0,0,0,0
1671457319058,0,62295,6,4.318,-3.690,0.000,1,4.891,2,4.085,3,5.509,4,5.998,255,0,0,0,0
1671457319106,48,62343,6,4.318,-3.690,0.000,1,4.891,2,4.085,3,5.509,4,5.998,255,0,0,0,0
1671457319136,30,62373,6,4.313,-3.689,0.000,1,4.891,2,4.085,3,5.509,4,5.998,255,0,0,0,0
1671457319181,45,62418,6,4.313,-3.689,0.000,1,4.891,2,4.085,3,5.511,4,5.998,255,0,0,0,0
1671457319213,32,62450,6,4.313,-3.689,0.000,1,4.891,2,4.085,3,5.511,4,5.998,255,0,0,0,0
1671457319242,29,62479,6,4.313,-3.689,0.000,1,4.891,2,4.085,3,5.511,4,5.998,255,0,0,0,0
1671457319242,0,62479,6,4.340,-3.694,0.000,1,4.891,2,4.085,3,5.511,4,5.998,255,0,0,0,0
1671457319303,61,62540,6,4.340,-3.694,0.000,1,4.891,2,4.085,3,5.511,4,5.998,255,0,0,0,0
1671457319379,76,62616,6,4.340,-3.694,0.000,1,4.891,2,4.085,3,5.506,4,5.998,255,0,0,0,0
1671457319410,31,62647,6,4.393,-3.699,0.000,1,4.891,2,4.080,3,5.506,4,5.998,255,0,0,0,0
1671457319470,60,62707,6,4.393,-3.699,0.000,1,4.891,2,4.080,3,5.506,4,5.998,255,0,0,0,0
1671457319620,150,62857,6,4.393,-3.699,0.000,1,4.891,2,4.080,3,5.506,4,5.998,255,0,0,0,0
1671457319652,32,62889,6,4.393,-3.699,0.000,1,4.891,2,4.080,3,5.506,4,5.998,255,0,0,0,0
1671457319681,29,62918,6,4.370,-3.698,0.000,1,4.891,2,4.080,3,5.506,4,5.998,255,0,0,0,0
1671457319729,48,62966,6,4.370,-3.698,0.000,1,4.891,2,4.080,3,5.506,4,5.998,255,0,0,0,0
1671457319779,50,63016,6,4.338,-3.697,0.000,1,4.891,2,4.080,3,5.506,4,5.998,255,0,0,0,0
1671457319780,1,63017,6,4.349,-3.698,0.000,1,4.891,2,4.080,3,5.506,4,5.998,255,0,0,0,0
1671457319831,51,63068,6,4.349,-3.698,0.000,1,4.891,2,4.083,3,5.511,4,5.998,255,0,0,0,0
1671457319881,50,63118,6,4.349,-3.698,0.000,1,4.891,2,4.083,3,5.511,4,5.998,255,0,0,0,0
1671457319945,64,63182,6,4.391,-3.699,0.000,1,4.891,2,4.083,3,5.511,4,5.998,255,0,0,0,0
1671457320006,61,63243,6,4.391,-3.699,0.000,1,4.891,2,4.083,3,5.511,4,5.998,255,0,0,0,0
1671457320036,30,63273,6,4.391,-3.699,0.000,1,4.891,2,4.085,3,5.511,4,5.998,255,0,0,0,0
1671457320036,0,63273,6,4.366,-3.700,0.000,1,4.891,2,4.085,3,5.511,4,5.998,255,0,0,0,0
1671457320097,61,63334,6,4.366,-3.700,0.000,1,4.891,2,4.085,3,5.511,4,5.998,255,0,0,0,0
1671457320128,31,63365,6,4.299,-3.701,0.000,1,4.891,2,4.085,3,5.511,4,5.998,255,0,0,0,0
1671457320156,28,63393,6,4.299,-3.701,0.000,1,4.891,2,4.085,3,5.511,4,5.998,255,0,0,0,0
1671457320236,80,63473,6,4.299,-3.701,0.000,1,4.891,2,4.085,3,5.511,4,5.998,255,0,0,0,0
1671457320266,30,63503,6,4.299,-3.701,0.000,1,4.886,2,4.085,3,5.511,4,5.998,255,0,0,0,0
1671457320266,0,63503,6,4.332,-3.700,0.000,1,4.886,2,4.085,3,5.511,4,5.998,255,0,0,0,0
1671457320282,16,63519,6,4.332,-3.700,0.000,1,4.886,2,4.083,3,5.511,4,5.998,255,0,0,0,0
1671457320328,46,63565,6,4.332,-3.700,0.000,1,4.886,2,4.083,3,5.511,4,5.998,255,0,0,0,0
1671457320392,64,63629,3,0.003,0.000,2.220,255,0,0,0,0
1671457320392,0,63629,4,9.390,0.000,2.220,255,0,0,0,0
1671457320392,0,63629,6,4.304,-3.699,0.000,1,4.886,2,4.083,3,5.511,4,5.998,255,0,0,0,0
1671457320392,0,63629,1,9.390,-3.685,2.220,255,0,0,0,0
1671457320392,0,63629,2,0.003,-3.685,2.220,255,0,0,0,0
1671457320467,75,63704,6,4.304,-3.699,0.000,1,4.861,2,4.085,3,5.517,4,5.998,255,0,0,0,0
1671457320497,30,63734,6,4.304,-3.699,0.000,1,4.861,2,4.085,3,5.517,4,5.998,255,0,0,0,0
1671457320497,0,63734,6,4.304,-3.699,0.000,1,4.861,2,4.085,3,5.517,4,5.998,255,0,0,0,0
1671457320529,32,63766,6,4.385,-3.700,0.000,1,4.891,2,4.083,3,5.517,4,5.998,255,0,0,0,0
1671457320589,60,63826,6,4.385,-3.700,0.000,1,4.891,2,4.083,3,5.517,4,5.998,255,0,0,0,0
1671457320638,49,63875,6,4.324,-3.706,0.000,1,4.891,2,4.083,3,5.517,4,5.998,255,0,0,0,0
1671457320681,43,63918,6,4.324,-3.706,0.000,1,4.891,2,4.088,3,5.511,4,5.998,255,0,0,0,0
1671457320712,31,63949,6,4.324,-3.706,0.000,1,4.891,2,4.088,3,5.511,4,5.998,255,0,0,0,0
1671457320712,0,63949,6,4.324,-3.706,0.000,1,4.891,2,4.088,3,5.511,4,5.998,255,0,0,0,0
1671457320744,32,63981,6,4.409,-3.712,0.000,1,4.891,2,4.088,3,5.511,4,5.998,255,0,0,0,0
1671457320805,61,64042,6,4.409,-3.712,0.000,1,4.891,2,4.088,3,5.511,4,5.998,255,0,0,0,0
1671457320821,16,64058,6,4.409,-3.712,0.000,1,4.891,2,4.085,3,5.511,4,5.998,255,0,0,0,0
1671457320885,64,64122,6,4.315,-3.697,0.000,1,4.891,2,4.085,3,5.511,4,5.998,255,0,0,0,0
1671457320963,78,64200,6,4.315,-3.697,0.000,1,4.891,2,4.085,3,5.511,4,5.998,255,0,0,0,0
1671457320964,1,64201,6,4.315,-3.697,0.000,1,4.891,2,4.085,3,5.511,4,5.998,255,0,0,0,0
1671457320992,28,64229,6,4.315,-3.697,0.000,1,4.891,2,4.085,3,5.511,4,5.998,255,0,0,0,0
1671457321022,30,64259,6,4.389,-3.710,0.000,1,4.891,2,4.091,3,5.517,4,5.998,255,0,0,0,0
1671457321084,62,64321,6,4.389,-3.710,0.000,1,4.891,2,4.113,3,5.517,4,5.998,255,0,0,0,0
1671457321116,32,64353,6,4.317,-3.475,0.000,1,4.891,2,4.113,3,5.517,4,5.998,255,0,0,0,0
1671457321138,22,64375,6,4.317,-3.475,0.000,1,4.891,2,4.113,3,5.517,4,5.998,255,0,0,0,0
1671457321138,0,64375,6,4.317,-3.475,0.000,1,4.891,2,4.113,3,5.517,4,5.998,255,0,0,0,0
1671457321182,44,64419,6,4.317,-3.475,0.000,1,4.891,2,4.091,3,5.514,4,5.998,255,0,0,0,0
1671457321208,26,64445,6,4.322,-3.657,0.000,1,4.891,2,4.091,3,5.514,4,5.998,255,0,0,0,0
1671457321240,32,64477,6,4.322,-3.657,0.000,1,4.891,2,4.091,3,5.514,4,5.998,255,0,0,0,0
1671457321291,51,64528,6,4.322,-3.657,0.000,1,4.891,2,4.091,3,5.514,4,5.998,255,0,0,0,0
1671457321316,25,64553,6,4.322,-3.657,0.000,1,4.891,2,4.094,3,5.514,4,5.998,255,0,0,0,0
1671457321316,0,64553,6,4.322,-3.657,0.000,1,4.891,2,4.094,3,5.514,4,5.998,255,0,0,0,0
1671457321347,31,64584,6,4.393,-3.697,0.000,1,4.891,2,4.094,3,5.514,4,5.998,255,0,0,0,0
1671457321379,32,64616,6,4.393,-3.697,0.000,1,4.891,2,4.094,3,5.514,4,5.998,255,0,0,0,0
1671457321591,212,64828,6,4.393,-3.697,0.000,1,4.891,2,4.094,3,5.514,4,5.998,255,0,0,0,0
1671457321621,30,64858,6,4.393,-3.697,0.000,1,4.891,2,4.088,3,5.514,4,5.998,255,0,0,0,0
1671457321621,0,64858,6,4.393,-3.697,0.000,1,4.891,2,4.088,3,5.514,4,5.998,255,0,0,0,0
1671457321684,63,64921,6,4.400,-3.694,0.000,1,4.891,2,4.088,3,5.514,4,5.998,255,0,0,0,0
1671457321731,47,64968,6,4.400,-3.694,0.000,1,4.891,2,4.088,3,5.514,4,5.998,255,0,0,0,0
1671457321762,31,64999,6,4.332,-3.654,0.000,1,4.891,2,4.088,3,5.514,4,5.998,255,0,0,0,0
1671457321806,44,65043,6,4.332,-3.654,0.000,1,4.891,2,4.088,3,5.514,4,5.998,255,0,0,0,0
1671457321841,35,65078,6,4.332,-3.654,0.000,1,4.891,2,4.088,3,5.514,4,5.998,255,0,0,0,0
1671457321841,0,65078,6,4.332,-3.654,0.000,1,4.891,2,4.088,3,5.514,4,5.998,255,0,0,0,0
1671457321900,59,65137,6,4.313,-3.493,0.000,1,4.891,2,4.088,3,5.514,4,5.998,255,0,0,0,0
1671457321931,31,65168,6,4.313,-3.493,0.000,1,4.891,2,4.088,3,5.514,4,5.998,255,0,0,0,0
1671457321993,62,65230,6,4.313,-3.493,0.000,1,4.891,2,4.088,3,5.514,4,5.998,255,0,0,0,0
1671457322016,23,65253,6,4.313,-3.493,0.000,1,4.897,2,4.088,3,5.514,4,5.998,255,0,0,0,0
1671457322023,7,65260,6,4.313,-3.493,0.000,1,4.897,2,4.088,3,5.506,4,5.998,255,0,0,0,0
1671457322023,0,65260,6,4.313,-3.493,0.000,1,4.897,2,4.088,3,5.506,4,5.998,255,0,0,0,0
1671457322085,62,65322,6,4.313,-3.493,0.000,1,4.897,2,4.088,3,5.506,4,5.998,255,0,0,0,0
1671457322117,32,65354,6,4.329,-3.675,0.000,1,4.897,2,4.088,3,5.506,4,5.998,255,0,0,0,0
1671457322187,70,65424,6,4.329,-3.675,0.000,1,4.897,2,4.088,3,5.506,4,5.998,255,0,0,0,0
1671457322207,20,65444,6,4.329,-3.675,0.000,1,4.891,2,4.085,3,5.514,4,5.998,255,0,0,0,0
1671457322233,26,65470,6,4.329,-3.675,0.000,1,4.891,2,4.085,3,5.514,4,5.998,255,0,0,0,0
1671457322233,0,65470,6,4.341,-3.686,0.000,1,4.891,2,4.085,3,5.514,4,5.998,255,0,0,0,0
1671457322277,44,65514,6,4.341,-3.686,0.000,1,4.891,2,4.085,3,5.514,4,5.998,255,0,0,0,0
1671457322315,38,65552,6,4.341,-3.686,0.000,1,4.891,2,4.091,3,5.506,4,5.998,255,0,0,0,0
1671457322363,48,65600,6,4.315,-3.702,0.000,1,4.891,2,4.091,3,5.506,4,5.998,255,0,0,0,0
1671457322440,77,65677,6,4.315,-3.702,0.000,1,4.891,2,4.091,3,5.506,4,5.998,255,0,0,0,0
1671457322471,31,65708,6,4.315,-3.702,0.000,1,4.891,2,4.085,3,5.506,4,5.998,255,0,0,0,0
1671457322471,0,65708,6,4.315,-3.702,0.000,1,4.891,2,4.085,3,5.506,4,5.998,255,0,0,0,0
1671457322561,90,65798,6,4.315,-3.702,0.000,1,4.891,2,4.085,3,5.506,4,5.998,255,0,0,0,0
1671457322581,20,65818,6,4.327,-3.694,0.000,1,4.886,2,4.085,3,5.511,4,5.998,255,0,0,0,0
1671457322639,58,65876,6,4.327,-3.694,0.000,1,4.886,2,4.085,3,5.511,4,5.998,255,0,0,0,0
1671457322686,47,65923,6,4.314,-3.690,0.000,1,4.891,2,4.085,3,5.514,4,5.998,255,0,0,0,0
1671457322715,29,65952,6,4.314,-3.690,0.000,1,4.891,2,4.085,3,5.514,4,5.998,255,0,0,0,0
1671457322715,0,65952,6,4.314,-3.690,0.000,1,4.891,2,4.085,3,5.514,4,5.998,255,0,0,0,0
1671457322776,61,66013,6,4.297,-3.697,0.000,1,4.891,2,4.085,3,5.514,4,5.998,255,0,0,0,0
1671457322837,61,66074,6,4.297,-3.697,0.000,1,4.897,2,4.085,3,5.514,4,5.998,255,0,0,0,0
1671457322889,52,66126,6,4.297,-3.697,0.000,1,4.897,2,4.085,3,5.514,4,5.998,255,0,0,0,0
1671457322898,9,66135,6,4.330,-3.622,0.000,1,4.897,2,4.085,3,5.514,4,5.998,255,0,0,0,0
1671457322933,35,66170,6,4.330,-3.622,0.000,1,4.897,2,4.085,3,5.514,4,5.998,255,0,0,0,0
1671457322933,0,66170,6,4.330,-3.622,0.000,1,4.897,2,4.085,3,5.514,4,5.998,255,0,0,0,0
1671457322990,57,66227,6,4.313,-3.485,0.000,1,4.891,2,4.083,3,5.514,4,5.998,255,0,0,0,0
1671457323006,16,66243,6,4.313,-3.485,0.000,1,4.891,2,4.083,3,5.514,4,5.998,255,0,0,0,0
1671457323065,59,66302,6,4.313,-3.485,0.000,1,4.891,2,4.083,3,5.514,4,5.998,255,0,0,0,0
1671457323109,44,66346,6,4.313,-3.485,0.000,1,4.861,2,4.083,3,5.509,4,5.998,255,0,0,0,0
1671457323126,17,66363,6,4.313,-3.485,0.000,1,4.861,2,4.083,3,5.509,4,5.998,255,0,0,0,0
1671457323127,1,66364,6,4.369,-3.626,0.000,1,4.861,2,4.083,3,5.509,4,5.998,255,0,0,0,0
1671457323187,60,66424,6,4.369,-3.626,0.000,1,4.861,2,4.083,3,5.509,4,5.998,255,0,0,0,0
1671457323218,31,66455,6,4.369,-3.626,0.000,1,4.897,2,4.083,3,5.509,4,5.998,255,0,0,0,0
1671457323265,47,66502,6,4.396,-3.695,0.000,1,4.897,2,4.083,3,5.509,4,5.998,255,0,0,0,0
1671457323309,44,66546,6,4.396,-3.695,0.000,1,4.891,2,4.083,3,5.506,4,5.998,255,0,0,0,0
1671457323333,24,66570,6,4.396,-3.695,0.000,1,4.891,2,4.083,3,5.506,4,5.998,255,0,0,0,0
1671457323333,0,66570,6,4.396,-3.695,0.000,1,4.891,2,4.083,3,5.506,4,5.998,255,0,0,0,0
1671457323373,40,66610,6,4.396,-3.695,0.000,1,4.891,2,4.083,3,5.506,4,5.998,255,0,0,0,0
1671457323400,27,66637,6,4.396,-3.695,0.000,1,4.891,2,4.083,3,5.506,4,5.998,255,0,0,0,0
1671457323432,32,66669,6,4.396,-3.695,0.000,1,4.891,2,4.083,3,5.509,4,5.998,255,0,0,0,0
1671457323483,51,66720,6,4.315,-3.694,0.000,1,4.891,2,4.083,3,5.509,4,5.998,255,0,0,0,0
1671457323508,25,66745,6,4.315,-3.694,0.000,1,4.891,2,4.083,3,5.509,4,5.998,255,0,0,0,0
1671457323508,0,66745,6,4.315,-3.694,0.000,1,4.891,2,4.083,3,5.509,4,5.998,255,0,0,0,0
1671457323538,30,66775,6,4.315,-3.694,0.000,1,4.891,2,4.083,3,5.514,4,5.998,255,0,0,0,0
1671457323570,32,66807,6,4.315,-3.694,0.000,1,4.891,2,4.083,3,5.514,4,5.998,255,0,0,0,0
1671457323632,62,66869,6,4.390,-3.697,0.000,1,4.891,2,4.083,3,5.514,4,5.998,255,0,0,0,0
1671457323654,22,66891,6,4.390,-3.697,0.000,1,4.897,2,4.085,3,5.514,4,5.998,255,0,0,0,0
1671457323699,45,66936,6,4.390,-3.697,0.000,1,4.897,2,4.085,3,5.514,4,5.998,255,0,0,0,0
1671457323699,0,66936,6,4.390,-3.697,0.000,1,4.897,2,4.085,3,5.514,4,5.998,255,0,0,0,0
1671457323721,22,66958,6,4.390,-3.697,0.000,1,4.897,2,4.085,3,5.514,4,5.998,255,0,0,0,0
1671457323784,63,67021,6,4.319,-3.496,0.000,1,4.897,2,4.085,3,5.514,4,5.998,255,0,0,0,0
1671457323814,30,67051,6,4.319,-3.496,0.000,1,4.897,2,4.085,3,5.514,4,5.998,255,0,0,0,0
1671457323845,31,67082,6,4.319,-3.496,0.000,1,4.897,2,4.083,3,5.506,4,5.989,255,0,0,0,0
1671457323890,45,67127,6,4.319,-3.496,0.000,1,4.897,2,4.083,3,5.506,4,5.989,255,0,0,0,0
1671457323891,1,67128,6,4.314,-3.538,0.000,1,4.897,2,4.083,3,5.506,4,5.989,255,0,0,0,0
1671457323966,75,67203,6,4.314,-3.538,0.000,1,4.897,2,4.083,3,5.506,4,5.989,255,0,0,0,0
1671457323996,30,67233,6,4.314,-3.538,0.000,1,4.891,2,4.088,3,5.509,4,5.998,255,0,0,0,0
1671457324029,33,67266,6,4.308,-3.693,0.000,1,4.894,2,4.088,3,5.509,4,5.998,255,0,0,0,0
1671457324087,58,67324,6,4.308,-3.693,0.000,1,4.894,2,4.088,3,5.509,4,5.998,255,0,0,0,0
1671457324102,15,67339,6,4.308,-3.693,0.000,1,4.894,2,4.088,3,5.509,4,5.998,255,0,0,0,0
1671457324104,2,67341,6,4.338,-3.631,0.000,1,4.894,2,4.088,3,5.509,4,5.998,255,0,0,0,0
1671457324194,90,67431,6,4.338,-3.631,0.000,1,4.894,2,4.088,3,5.509,4,5.998,255,0,0,0,0
1671457324224,30,67461,6,4.338,-3.631,0.000,1,4.894,2,4.094,3,5.514,4,5.998,255,0,0,0,0
1671457324285,61,67522,6,4.399,-3.701,0.000,1,4.894,2,4.094,3,5.514,4,5.998,255,0,0,0,0
1671457324312,27,67549,6,4.399,-3.701,0.000,1,4.891,2,4.091,3,5.517,4,5.998,255,0,0,0,0
1671457324346,34,67583,6,4.399,-3.701,0.000,1,4.891,2,4.091,3,5.517,4,5.998,255,0,0,0,0
1671457324346,0,67583,6,4.399,-3.701,0.000,1,4.891,2,4.091,3,5.517,4,5.998,255,0,0,0,0
1671457324391,45,67628,6,4.305,-3.449,0.000,1,4.891,2,4.091,3,5.517,4,5.998,255,0,0,0,0
1671457324435,44,67672,6,4.305,-3.449,0.000,1,4.891,2,4.091,3,5.511,4,5.998,255,0,0,0,0
1671457324497,62,67734,6,4.305,-3.449,0.000,1,4.891,2,4.091,3,5.511,4,5.998,255,0,0,0,0
1671457324528,31,67765,6,4.403,-3.702,0.000,1,4.891,2,4.091,3,5.511,4,5.998,255,0,0,0,0
1671457324589,61,67826,6,4.403,-3.702,0.000,1,4.891,2,4.091,3,5.489,4,5.998,255,0,0,0,0
1671457324589,0,67826,6,4.403,-3.702,0.000,1,4.891,2,4.091,3,5.489,4,5.998,255,0,0,0,0
1671457324620,31,67857,6,4.403,-3.702,0.000,1,4.891,2,4.091,3,5.489,4,5.998,255,0,0,0,0
1671457324642,22,67879,6,4.377,-3.636,0.000,1,4.891,2,4.091,3,5.489,4,5.998,255,0,0,0,0
1671457324650,8,67887,6,4.377,-3.636,0.000,1,4.891,2,4.094,3,5.514,4,5.998,255,0,0,0,0
1671457324710,60,67947,6,4.384,-3.654,0.000,1,4.891,2,4.094,3,5.514,4,5.998,255,0,0,0,0
1671457324740,30,67977,6,4.384,-3.654,0.000,1,4.891,2,4.094,3,5.514,4,5.998,255,0,0,0,0
1671457324740,0,67977,6,4.384,-3.654,0.000,1,4.891,2,4.094,3,5.514,4,5.998,255,0,0,0,0
1671457324793,53,68030,6,4.384,-3.654,0.000,1,4.891,2,4.094,3,5.514,4,5.998,255,0,0,0,0
1671457324818,25,68055,6,4.384,-3.654,0.000,1,4.894,2,4.094,3,5.514,4,5.998,255,0,0,0,0
1671457324865,47,68102,6,4.399,-3.690,0.000,1,4.894,2,4.094,3,5.514,4,5.998,255,0,0,0,0
1671457324902,37,68139,6,4.399,-3.690,0.000,1,4.894,2,4.094,3,5.514,4,5.998,255,0,0,0,0
1671457324942,40,68179,6,4.399,-3.690,0.000,1,4.894,2,4.094,3,5.514,4,5.998,255,0,0,0,0
1671457324942,0,68179,6,4.399,-3.690,0.000,1,4.894,2,4.094,3,5.514,4,5.998,255,0,0,0,0
1671457324967,25,68204,6,4.399,-3.690,0.000,1,4.894,2,4.094,3,5.514,4,5.998,255,0,0,0,0
1671457325015,48,68252,6,4.308,-3.694,0.000,1,4.894,2,4.094,3,5.514,4,5.998,255,0,0,0,0
1671457325034,19,68271,6,4.308,-3.694,0.000,1,4.891,2,4.105,3,5.514,4,5.998,255,0,0,0,0
1671457325064,30,68301,6,4.308,-3.694,0.000,1,4.891,2,4.105,3,5.514,4,5.998,255,0,0,0,0
1671457325094,30,68331,6,4.308,-3.694,0.000,1,4.891,2,4.105,3,5.514,4,5.998,255,0,0,0,0
1671457325094,0,68331,6,4.348,-3.691,0.000,1,4.891,2,4.105,3,5.514,4,5.998,255,0,0,0,0
1671457325155,61,68392,6,4.348,-3.691,0.000,1,4.891,2,4.105,3,5.514,4,5.998,255,0,0,0,0
1671457325201,46,68438,6,4.348,-3.691,0.000,1,4.897,2,4.105,3,5.514,4,5.998,255,0,0,0,0
1671457325232,31,68469,6,4.348,-3.691,0.000,1,4.897,2,4.105,3,5.514,4,5.998,255,0,0,0,0
1671457325312,80,68549,6,4.323,-3.684,0.000,1,4.897,2,4.105,3,5.514,4,5.998,255,0,0,0,0
1671457325343,31,68580,6,4.323,-3.684,0.000,1,4.891,2,4.110,3,5.514,4,5.998,255,0,0,0,0
1671457325343,0,68580,6,4.323,-3.684,0.000,1,4.891,2,4.110,3,5.514,4,5.998,255,0,0,0,0
1671457325401,58,68638,6,4.317,-3.469,0.000,1,4.891,2,4.110,3,5.514,4,5.998,255,0,0,0,0
1671457325463,62,68700,6,4.317,-3.469,0.000,1,4.891,2,4.110,3,5.514,4,5.998,255,0,0,0,0
1671457325493,30,68730,6,4.317,-3.469,0.000,1,4.891,2,4.110,3,5.514,4,5.998,255,0,0,0,0
1671457325518,25,68755,6,4.348,-3.607,0.000,1,4.891,2,4.110,3,5.514,4,5.998,255,0,0,0,0
1671457325558,40,68795,6,4.348,-3.607,0.000,1,4.891,2,4.110,3,5.514,4,5.989,255,0,0,0,0
1671457325558,0,68795,6,4.348,-3.607,0.000,1,4.891,2,4.110,3,5.514,4,5.989,255,0,0,0,0
1671457325584,26,68821,6,4.394,-3.672,0.000,1,4.891,2,4.110,3,5.514,4,5.989,255,0,0,0,0
1671457325614,30,68851,6,4.394,-3.672,0.000,1,4.891,2,4.110,3,5.514,4,5.989,255,0,0,0,0
1671457325668,54,68905,6,4.394,-3.672,0.000,1,4.891,2,4.110,3,5.514,4,5.989,255,0,0,0,0
1671457325691,23,68928,6,4.394,-3.672,0.000,1,4.886,2,4.108,3,5.514,4,5.998,255,0,0,0,0
1671457325722,31,68959,6,4.394,-3.672,0.000,1,4.886,2,4.108,3,5.514,4,5.998,255,0,0,0,0
1671457325723,1,68960,6,4.401,-3.675,0.000,1,4.886,2,4.108,3,5.514,4,5.998,255,0,0,0,0
1671457325753,30,68990,6,4.401,-3.675,0.000,1,4.886,2,4.108,3,5.514,4,5.998,255,0,0,0,0
1671457325815,62,69052,6,4.401,-3.675,0.000,1,4.886,2,4.108,3,5.514,4,5.998,255,0,0,0,0
1671457325884,69,69121,6,4.401,-3.675,0.000,1,4.891,2,4.105,3,5.514,4,5.998,255,0,0,0,0
1671457325908,24,69145,6,4.385,-3.677,0.000,1,4.891,2,4.105,3,5.514,4,5.998,255,0,0,0,0
1671457325969,61,69206,6,4.385,-3.677,0.000,1,4.897,2,4.105,3,5.514,4,5.998,255,0,0,0,0
1671457325969,0,69206,6,4.385,-3.677,0.000,1,4.897,2,4.105,3,5.514,4,5.998,255,0,0,0,0
1671457326001,32,69238,6,4.385,-3.677,0.000,1,4.897,2,4.105,3,5.514,4,5.998,255,0,0,0,0
1671457326062,61,69299,6,4.330,-3.681,0.000,1,4.897,2,4.105,3,5.514,4,5.998,255,0,0,0,0
1671457326076,14,69313,6,4.330,-3.681,0.000,1,4.891,2,4.110,3,5.514,4,5.998,255,0,0,0,0
1671457326138,62,69375,6,4.394,-3.681,0.000,1,4.891,2,4.110,3,5.514,4,5.998,255,0,0,0,0
1671457326170,32,69407,6,4.394,-3.681,0.000,1,4.897,2,4.110,3,5.514,4,5.998,255,0,0,0,0
1671457326170,0,69407,6,4.394,-3.681,0.000,1,4.897,2,4.110,3,5.514,4,5.998,255,0,0,0,0
1671457326185,15,69422,6,4.394,-3.681,0.000,1,4.897,2,4.110,3,5.514,4,5.998,255,0,0,0,0
1671457326249,64,69486,6,4.403,-3.677,0.000,1,4.897,2,4.110,3,5.514,4,5.998,255,0,0,0,0
1671457326278,29,69515,6,4.403,-3.677,0.000,1,4.897,2,4.110,3,5.514,4,5.998,255,0,0,0,0
1671457326322,44,69559,6,4.403,-3.677,0.000,1,4.858,2,4.108,3,5.514,4,5.998,255,0,0,0,0
1671457326383,61,69620,6,4.403,-3.677,0.000,1,4.858,2,4.108,3,5.514,4,5.998,255,0,0,0,0
1671457326383,0,69620,6,4.403,-3.677,0.000,1,4.858,2,4.108,3,5.514,4,5.998,255,0,0,0,0
1671457326399,16,69636,6,4.403,-3.677,0.000,1,4.897,2,4.105,3,5.514,4,5.998,255,0,0,0,0
1671457326475,76,69712,6,4.403,-3.677,0.000,1,4.897,2,4.105,3,5.514,4,5.998,255,0,0,0,0
1671457326499,24,69736,6,4.403,-3.677,0.000,1,4.897,2,4.105,3,5.514,4,5.998,255,0,0,0,0
1671457326691,192,69928,6,4.400,-3.664,0.000,1,4.897,2,4.102,3,5.514,4,5.998,255,0,0,0,0
1671457326691,0,69928,6,4.400,-3.664,0.000,1,4.897,2,4.102,3,5.514,4,5.998,255,0,0,0,0
1671457326720,29,69957,6,4.400,-3.664,0.000,1,4.897,2,4.102,3,5.514,4,5.998,255,0,0,0,0
1671457326767,47,70004,6,4.387,-3.494,0.000,1,4.897,2,4.102,3,5.514,4,5.998,255,0,0,0,0
1671457326812,45,70049,6,4.387,-3.494,0.000,1,4.894,2,4.108,3,5.511,4,5.998,255,0,0,0,0
1671457326844,32,70081,6,4.375,-3.646,0.000,1,4.894,2,4.108,3,5.511,4,5.998,255,0,0,0,0
1671457326906,62,70143,6,4.375,-3.646,0.000,1,4.894,2,4.108,3,5.511,4,5.998,255,0,0,0,0
1671457326906,0,70143,6,4.370,-3.628,0.000,1,4.894,2,4.108,3,5.511,4,5.998,255,0,0,0,0
1671457326953,47,70190,6,4.370,-3.628,0.000,1,4.894,2,4.108,3,5.511,4,5.998,255,0,0,0,0
1671457327015,62,70252,6,4.370,-3.628,0.000,1,4.897,2,4.108,3,5.514,4,5.998,255,0,0,0,0
1671457327062,47,70299,6,4.324,-3.487,0.000,1,4.897,2,4.110,3,5.514,4,5.998,255,0,0,0,0
1671457327094,32,70331,6,4.324,-3.487,0.000,1,4.897,2,4.110,3,5.514,4,5.998,255,0,0,0,0
1671457327155,61,70392,6,4.324,-3.487,0.000,1,4.897,2,4.110,3,5.514,4,5.998,255,0,0,0,0
1671457327156,1,70393,6,4.340,-3.525,0.000,1,4.897,2,4.110,3,5.514,4,5.998,255,0,0,0,0
1671457327197,41,70434,6,4.340,-3.525,0.000,1,4.886,2,4.105,3,5.514,4,5.998,255,0,0,0,0
1671457327248,51,70485,6,4.340,-3.525,0.000,1,4.886,2,4.105,3,5.514,4,5.998,255,0,0,0,0
1671457327280,32,70517,6,4.341,-3.527,0.000,1,4.886,2,4.105,3,5.514,4,5.998,255,0,0,0,0
1671457327323,43,70560,6,4.341,-3.527,0.000,1,4.897,2,4.105,3,5.514,4,5.998,255,0,0,0,0
1671457327376,53,70613,6,4.341,-3.527,0.000,1,4.897,2,4.105,3,5.514,4,5.998,255,0,0,0,0
1671457327376,0,70613,6,4.341,-3.527,0.000,1,4.897,2,4.105,3,5.514,4,5.998,255,0,0,0,0
1671457327386,10,70623,6,4.352,-3.628,0.000,1,4.897,2,4.105,3,5.511,4,5.998,255,0,0,0,0
1671457327445,59,70682,6,4.352,-3.628,0.000,1,4.897,2,4.105,3,5.511,4,5.998,255,0,0,0,0
1671457327476,31,70713,6,4.352,-3.628,0.000,1,4.897,2,4.105,3,5.511,4,5.998,255,0,0,0,0
1671457327493,17,70730,6,4.325,-3.668,0.000,1,4.897,2,4.105,3,5.511,4,5.998,255,0,0,0,0
1671457327569,76,70806,6,4.325,-3.668,0.000,1,4.897,2,4.105,3,5.511,4,5.998,255,0,0,0,0
1671457327569,0,70806,6,4.325,-3.668,0.000,1,4.897,2,4.105,3,5.511,4,5.998,255,0,0,0,0
1671457327595,26,70832,6,4.325,-3.668,0.000,1,4.894,2,4.102,3,5.511,4,5.998,255,0,0,0,0
1671457327636,41,70873,6,4.307,-3.677,0.000,1,4.894,2,4.102,3,5.511,4,5.998,255,0,0,0,0
1671457327661,25,70898,6,4.307,-3.677,0.000,1,4.897,2,4.102,3,5.511,4,5.998,255,0,0,0,0
1671457327692,31,70929,6,4.307,-3.677,0.000,1,4.897,2,4.102,3,5.511,4,5.998,255,0,0,0,0
1671457327744,52,70981,6,4.307,-3.677,0.000,1,4.897,2,4.102,3,5.511,4,5.998,255,0,0,0,0
1671457327744,0,70981,6,4.363,-3.679,0.000,1,4.897,2,4.102,3,5.511,4,5.998,255,0,0,0,0
1671457327769,25,71006,6,4.363,-3.679,0.000,1,4.897,2,4.102,3,5.511,4,5.998,255,0,0,0,0
1671457327814,45,71051,6,4.363,-3.679,0.000,1,4.894,2,4.108,3,5.517,4,5.998,255,0,0,0,0
1671457327892,78,71129,6,4.363,-3.679,0.000,1,4.894,2,4.108,3,5.517,4,5.998,255,0,0,0,0
1671457327937,45,71174,6,4.363,-3.679,0.000,1,4.894,2,4.108,3,5.517,4,5.998,255,0,0,0,0
1671457327969,32,71206,6,4.363,-3.679,0.000,1,4.894,2,4.102,3,5.511,4,5.998,255,0,0,0,0
1671457327969,0,71206,6,4.363,-3.679,0.000,1,4.894,2,4.102,3,5.511,4,5.998,255,0,0,0,0
1671457328030,61,71267,6,4.363,-3.679,0.000,1,4.894,2,4.102,3,5.511,4,5.998,255,0,0,0,0
1671457328077,47,71314,6,4.392,-3.680,0.000,1,4.894,2,4.102,3,5.514,4,5.998,255,0,0,0,0
1671457328106,29,71343,6,4.392,-3.680,0.000,1,4.894,2,4.102,3,5.514,4,5.998,255,0,0,0,0
1671457328137,31,71374,6,4.398,-3.680,0.000,1,4.894,2,4.102,3,5.514,4,5.998,255,0,0,0,0
1671457328152,15,71389,6,4.398,-3.680,0.000,1,4.897,2,4.105,3,5.511,4,5.998,255,0,0,0,0
1671457328152,0,71389,6,4.398,-3.680,0.000,1,4.897,2,4.105,3,5.511,4,5.998,255,0,0,0,0
1671457328214,62,71451,6,4.400,-3.684,0.000,1,4.897,2,4.105,3,5.511,4,5.998,255,0,0,0,0
1671457328244,30,71481,6,4.400,-3.684,0.000,1,4.897,2,4.105,3,5.511,4,5.998,255,0,0,0,0
1671457328260,16,71497,6,4.400,-3.684,0.000,1,4.897,2,4.105,3,5.511,4,5.998,255,0,0,0,0
1671457328321,61,71558,6,4.400,-3.684,0.000,1,4.897,2,4.105,3,5.511,4,5.998,255,0,0,0,0
1671457328352,31,71589,6,4.400,-3.684,0.000,1,4.886,2,4.108,3,5.514,4,5.998,255,0,0,0,0
1671457328353,1,71590,6,4.385,-3.679,0.000,1,4.886,2,4.108,3,5.514,4,5.998,255,0,0,0,0
1671457328367,14,71604,6,4.385,-3.679,0.000,1,4.886,2,4.108,3,5.514,4,5.998,255,0,0,0,0
1671457328444,77,71681,6,4.385,-3.679,0.000,1,4.886,2,4.108,3,5.514,4,5.998,255,0,0,0,0
1671457328468,24,71705,6,4.385,-3.679,0.000,1,4.894,2,4.102,3,5.511,4,5.998,255,0,0,0,0
1671457328475,7,71712,6,4.357,-3.679,0.000,1,4.894,2,4.102,3,5.511,4,5.998,255,0,0,0,0
1671457328536,61,71773,6,4.357,-3.679,0.000,1,4.894,2,4.102,3,5.511,4,5.998,255,0,0,0,0
1671457328536,0,71773,6,4.357,-3.679,0.000,1,4.894,2,4.102,3,5.511,4,5.998,255,0,0,0,0
1671457328567,31,71804,6,4.357,-3.679,0.000,1,4.897,2,4.102,3,5.511,4,5.998,255,0,0,0,0
1671457328583,16,71820,6,4.385,-3.680,0.000,1,4.897,2,4.102,3,5.511,4,5.998,255,0,0,0,0
1671457328645,62,71882,6,4.385,-3.680,0.000,1,4.897,2,4.102,3,5.511,4,5.998,255,0,0,0,0
1671457328689,44,71926,6,4.385,-3.680,0.000,1,4.894,2,4.102,3,5.514,4,5.998,255,0,0,0,0
1671457328736,47,71973,6,4.385,-3.680,0.000,1,4.894,2,4.102,3,5.514,4,5.998,255,0,0,0,0
1671457328736,0,71973,6,4.385,-3.680,0.000,1,4.894,2,4.102,3,5.514,4,5.998,255,0,0,0,0
1671457328767,31,72004,6,4.385,-3.680,0.000,1,4.894,2,4.102,3,5.514,4,5.998,255,0,0,0,0
1671457328813,46,72050,6,4.385,-3.680,0.000,1,4.889,2,4.102,3,5.514,4,5.998,255,0,0,0,0
1671457328875,62,72112,6,4.385,-3.680,0.000,1,4.889,2,4.102,3,5.514,4,5.998,255,0,0,0,0
1671457328938,63,72175,6,4.314,-3.684,0.000,1,4.889,2,4.102,3,5.514,4,5.998,255,0,0,0,0
1671457328996,58,72233,6,4.314,-3.684,0.000,1,4.900,2,4.102,3,5.511,4,5.998,255,0,0,0,0
1671457328996,0,72233,6,4.314,-3.684,0.000,1,4.900,2,4.102,3,5.511,4,5.998,255,0,0,0,0
1671457329019,23,72256,6,4.314,-3.684,0.000,1,4.900,2,4.102,3,5.511,4,5.998,255,0,0,0,0
1671457329029,10,72266,6,4.365,-3.682,0.000,1,4.883,2,4.099,3,5.514,4,5.998,255,0,0,0,0
1671457329089,60,72326,6,4.365,-3.682,0.000,1,4.883,2,4.099,3,5.514,4,5.998,255,0,0,0,0
1671457329120,31,72357,6,4.397,-3.680,0.000,1,4.883,2,4.099,3,5.514,4,5.998,255,0,0,0,0
1671457329168,48,72405,6,4.397,-3.680,0.000,1,4.883,2,4.099,3,5.514,4,5.998,255,0,0,0,0
1671457329168,0,72405,6,4.397,-3.680,0.000,1,4.883,2,4.099,3,5.514,4,5.998,255,0,0,0,0
1671457329199,31,72436,6,4.397,-3.680,0.000,1,4.883,2,4.099,3,5.514,4,5.998,255,0,0,0,0
1671457329230,31,72467,6,4.400,-3.687,0.000,1,4.883,2,4.099,3,5.514,4,5.998,255,0,0,0,0
1671457329246,16,72483,6,4.400,-3.687,0.000,1,4.883,2,4.099,3,5.514,4,5.998,255,0,0,0,0
1671457329323,77,72560,6,4.400,-3.687,0.000,1,4.883,2,4.099,3,5.514,4,5.998,255,0,0,0,0
1671457329344,21,72581,6,4.400,-3.687,0.000,1,4.894,2,4.094,3,5.511,4,5.998,255,0,0,0,0
1671457329344,0,72581,6,4.400,-3.687,0.000,1,4.894,2,4.094,3,5.511,4,5.998,255,0,0,0,0
1671457329356,12,72593,6,4.372,-3.689,0.000,1,4.894,2,4.094,3,5.511,4,5.998,255,0,0,0,0
1671457329417,61,72654,6,4.372,-3.689,0.000,1,4.894,2,4.094,3,5.511,4,5.998,255,0,0,0,0
1671457329449,32,72686,6,4.372,-3.689,0.000,1,4.886,2,4.097,3,5.514,4,5.998,255,0,0,0,0
1671457329465,16,72702,6,4.391,-3.689,0.000,1,4.886,2,4.097,3,5.514,4,5.998,255,0,0,0,0
1671457329661,196,72898,6,4.391,-3.689,0.000,1,4.886,2,4.097,3,5.514,4,5.998,255,0,0,0,0
1671457329693,32,72930,6,4.391,-3.689,0.000,1,4.886,2,4.097,3,5.514,4,5.998,255,0,0,0,0
1671457329724,31,72961,6,4.391,-3.689,0.000,1,4.886,2,4.097,3,5.514,4,5.998,255,0,0,0,0
1671457329754,30,72991,6,4.391,-3.689,0.000,1,4.886,2,4.097,3,5.514,4,5.998,255,0,0,0,0
1671457329823,69,73060,6,4.377,-3.686,0.000,1,4.886,2,4.097,3,5.514,4,5.998,255,0,0,0,0
1671457329825,2,73062,6,4.350,-3.688,0.000,1,4.886,2,4.097,3,5.514,4,5.998,255,0,0,0,0
1671457329878,53,73115,6,4.350,-3.688,0.000,1,4.894,2,4.091,3,5.511,4,5.998,255,0,0,0,0
1671457329909,31,73146,6,4.321,-3.728,0.000,1,4.894,2,4.091,3,5.511,4,5.998,255,0,0,0,0
1671457329969,60,73206,6,4.321,-3.728,0.000,1,4.891,2,4.091,3,5.517,4,5.995,255,0,0,0,0
1671457329998,29,73235,6,4.321,-3.728,0.000,1,4.891,2,4.091,3,5.517,4,5.995,255,0,0,0,0
1671457330039,41,73276,6,4.321,-3.728,0.000,1,4.891,2,4.091,3,5.517,4,5.995,255,0,0,0,0
1671457330040,1,73277,6,4.356,-3.671,0.000,1,4.891,2,4.091,3,5.517,4,5.995,255,0,0,0,0
1671457330077,37,73314,6,4.356,-3.671,0.000,1,4.880,2,4.085,3,5.495,4,6.003,255,0,0,0,0
1671457330107,30,73344,6,4.398,-3.694,0.000,1,4.880,2,4.085,3,5.495,4,6.003,255,0,0,0,0
1671457330123,16,73360,6,4.398,-3.694,0.000,1,4.880,2,4.085,3,5.495,4,6.003,255,0,0,0,0
1671457330200,77,73437,6,4.398,-3.694,0.000,1,4.880,2,4.085,3,5.495,4,6.003,255,0,0,0,0
1671457330230,30,73467,6,4.398,-3.694,0.000,1,4.894,2,4.091,3,5.511,4,5.998,255,0,0,0,0
1671457330230,0,73467,6,4.398,-3.694,0.000,1,4.894,2,4.091,3,5.511,4,5.998,255,0,0,0,0
1671457330291,61,73528,6,4.317,-3.674,0.000,1,4.894,2,4.091,3,5.511,4,5.998,255,0,0,0,0
1671457330322,31,73559,6,4.317,-3.674,0.000,1,4.867,2,4.091,3,5.514,4,5.998,255,0,0,0,0
1671457330338,16,73575,6,4.317,-3.674,0.000,1,4.867,2,4.091,3,5.514,4,5.998,255,0,0,0,0
1671457330399,61,73636,4,9.390,0.000,2.220,255,0,0,0,0
1671457330400,1,73637,6,4.398,-3.706,0.000,1,4.867,2,4.091,3,5.514,4,5.998,255,0,0,0,0
1671457330400,0,73637,1,9.390,-3.685,2.220,255,0,0,0,0
1671457330400,0,73637,2,0.003,-3.685,2.220,255,0,0,0,0
1671457330400,0,73637,3,0.003,0.000,2.220,255,0,0,0,0
1671457330446,46,73683,6,4.398,-3.706,0.000,1,4.894,2,4.097,3,5.514,4,5.998,255,0,0,0,0
1671457330446,0,73683,6,4.398,-3.706,0.000,1,4.894,2,4.097,3,5.514,4,5.998,255,0,0,0,0
1671457330479,33,73716,6,4.398,-3.706,0.000,1,4.894,2,4.097,3,5.514,4,5.998,255,0,0,0,0
1671457330540,61,73777,6,4.340,-3.543,0.000,1,4.894,2,4.097,3,5.514,4,5.998,255,0,0,0,0
1671457330568,28,73805,6,4.340,-3.543,0.000,1,4.894,2,4.094,3,5.514,4,5.998,255,0,0,0,0
1671457330630,62,73867,6,4.340,-3.543,0.000,1,4.894,2,4.094,3,5.514,4,5.998,255,0,0,0,0
1671457330657,27,73894,6,4.340,-3.543,0.000,1,4.894,2,4.094,3,5.514,4,5.998,255,0,0,0,0
1671457330658,1,73895,6,4.326,-3.504,0.000,1,4.894,2,4.094,3,5.514,4,5.998,255,0,0,0,0
1671457330706,48,73943,6,4.326,-3.504,0.000,1,4.894,2,4.094,3,5.514,4,5.998,255,0,0,0,0
1671457330751,45,73988,6,4.326,-3.504,0.000,1,4.894,2,4.094,3,5.514,4,5.998,255,0,0,0,0
1671457330783,32,74020,6,4.315,-3.476,0.000,1,4.894,2,4.094,3,5.514,4,5.998,255,0,0,0,0
1671457330827,44,74064,6,4.315,-3.476,0.000,1,4.894,2,4.094,3,5.514,4,5.998,255,0,0,0,0
1671457330889,62,74126,6,4.315,-3.476,0.000,1,4.894,2,4.094,3,5.514,4,5.998,255,0,0,0,0
1671457330889,0,74126,6,4.340,-3.540,0.000,1,4.894,2,4.094,3,5.514,4,5.998,255,0,0,0,0
1671457330951,62,74188,6,4.340,-3.540,0.000,1,4.894,2,4.094,3,5.514,4,5.998,255,0,0,0,0
1671457330982,31,74219,6,4.340,-3.540,0.000,1,4.894,2,4.097,3,5.511,4,5.998,255,0,0,0,0
1671457331028,46,74265,6,4.340,-3.540,0.000,1,4.894,2,4.097,3,5.511,4,5.998,255,0,0,0,0
1671457331074,46,74311,6,4.317,-3.479,0.000,1,4.894,2,4.099,3,5.514,4,5.998,255,0,0,0,0
1671457331095,21,74332,6,4.317,-3.479,0.000,1,4.894,2,4.099,3,5.514,4,5.998,255,0,0,0,0
1671457331095,0,74332,6,4.317,-3.479,0.000,1,4.894,2,4.099,3,5.514,4,5.998,255,0,0,0,0
1671457331139,44,74376,6,4.400,-3.691,0.000,1,4.894,2,4.099,3,5.514,4,5.998,255,0,0,0,0
1671457331164,25,74401,6,4.400,-3.691,0.000,1,4.894,2,4.097,3,5.514,4,5.998,255,0,0,0,0
1671457331195,31,74432,6,4.400,-3.691,0.000,1,4.894,2,4.097,3,5.514,4,5.998,255,0,0,0,0
1671457331210,15,74447,6,4.339,-3.534,0.000,1,4.894,2,4.097,3,5.514,4,5.998,255,0,0,0,0
1671457331271,61,74508,6,4.339,-3.534,0.000,1,4.894,2,4.097,3,5.514,4,5.998,255,0,0,0,0
1671457331271,0,74508,6,4.339,-3.534,0.000,1,4.894,2,4.097,3,5.514,4,5.998,255,0,0,0,0
1671457331317,46,74554,6,4.339,-3.534,0.000,1,4.894,2,4.094,3,5.511,4,5.998,255,0,0,0,0
1671457331379,62,74616,6,4.339,-3.534,0.000,1,4.894,2,4.094,3,5.511,4,5.998,255,0,0,0,0
1671457331410,31,74647,6,4.388,-3.659,0.000,1,4.897,2,4.094,3,5.511,4,5.998,255,0,0,0,0
1671457331463,53,74700,6,4.388,-3.659,0.000,1,4.897,2,4.097,3,5.514,4,5.998,255,0,0,0,0
1671457331516,53,74753,6,4.388,-3.659,0.000,1,4.897,2,4.097,3,5.514,4,5.998,255,0,0,0,0
1671457331516,0,74753,6,4.388,-3.659,0.000,1,4.897,2,4.097,3,5.514,4,5.998,255,0,0,0,0
1671457331547,31,74784,6,4.395,-3.680,0.000,1,4.894,2,4.102,3,5.511,4,5.998,255,0,0,0,0
1671457331576,29,74813,6,4.395,-3.680,0.000,1,4.894,2,4.102,3,5.511,4,5.998,255,0,0,0,0
1671457331638,62,74875,6,4.395,-3.680,0.000,1,4.894,2,4.102,3,5.511,4,5.998,255,0,0,0,0
1671457331653,15,74890,6,4.381,-3.641,0.000,1,4.897,2,4.099,3,5.506,4,5.998,255,0,0,0,0
1671457331729,76,74966,6,4.381,-3.641,0.000,1,4.897,2,4.099,3,5.506,4,5.998,255,0,0,0,0
1671457331729,0,74966,6,4.381,-3.641,0.000,1,4.897,2,4.099,3,5.506,4,5.998,255,0,0,0,0
1671457331751,22,74988,6,4.381,-3.641,0.000,1,4.897,2,4.099,3,5.506,4,5.998,255,0,0,0,0
1671457331793,42,75030,6,4.327,-3.497,0.000,1,4.891,2,4.105,3,5.506,4,5.998,255,0,0,0,0
1671457331820,27,75057,6,4.327,-3.497,0.000,1,4.891,2,4.105,3,5.500,4,5.998,255,0,0,0,0
1671457331866,46,75103,6,4.389,-3.661,0.000,1,4.891,2,4.105,3,5.500,4,5.998,255,0,0,0,0
1671457331900,34,75137,6,4.389,-3.661,0.000,1,4.891,2,4.105,3,5.500,4,5.998,255,0,0,0,0
1671457331900,0,75137,6,4.389,-3.661,0.000,1,4.891,2,4.105,3,5.500,4,5.998,255,0,0,0,0
1671457331941,41,75178,6,4.389,-3.661,0.000,1,4.891,2,4.105,3,5.500,4,5.998,255,0,0,0,0
1671457331970,29,75207,6,4.389,-3.661,0.000,1,4.891,2,4.105,3,5.500,4,5.998,255,0,0,0,0
1671457332014,44,75251,6,4.327,-3.492,0.000,1,4.883,2,4.097,3,5.998,4,6.014,255,0,0,0,0
1671457332035,21,75272,6,4.327,-3.492,0.000,1,4.894,2,4.097,3,5.998,4,6.014,255,0,0,0,0
1671457332065,30,75302,6,4.327,-3.492,0.000,1,4.894,2,4.113,3,5.929,4,5.998,255,0,0,0,0
1671457332065,0,75302,6,4.327,-3.492,0.000,1,4.894,2,4.113,3,5.929,4,5.998,255,0,0,0,0
1671457332140,75,75377,6,4.320,-3.508,0.000,1,4.894,2,4.113,3,5.929,4,5.998,255,0,0,0,0
1671457332171,31,75408,6,4.320,-3.508,0.000,1,4.894,2,4.119,3,5.500,4,5.998,255,0,0,0,0
1671457332201,30,75438,6,4.320,-3.508,0.000,1,4.894,2,4.119,3,5.500,4,5.998,255,0,0,0,0
1671457332263,62,75500,6,4.320,-3.508,0.000,1,4.894,2,4.119,3,5.500,4,5.998,255,0,0,0,0
1671457332293,30,75530,6,4.320,-3.508,0.000,1,4.897,2,4.108,3,5.506,4,5.998,255,0,0,0,0
1671457332293,0,75530,6,4.320,-3.508,0.000,1,4.897,2,4.108,3,5.506,4,5.998,255,0,0,0,0
1671457332324,31,75561,6,4.320,-3.508,0.000,1,4.897,2,4.108,3,5.506,4,5.998,255,0,0,0,0
1671457332386,62,75623,6,4.320,-3.508,0.000,1,4.897,2,4.108,3,5.506,4,5.998,255,0,0,0,0
1671457332418,32,75655,6,4.381,-3.627,0.000,1,4.897,2,4.105,3,5.506,4,5.998,255,0,0,0,0
1671457332477,59,75714,6,4.381,-3.627,0.000,1,4.897,2,4.105,3,5.920,4,5.998,255,0,0,0,0
1671457332508,31,75745,6,4.381,-3.627,0.000,1,4.897,2,4.105,3,5.920,4,5.998,255,0,0,0,0
1671457332508,0,75745,6,4.381,-3.627,0.000,1,4.897,2,4.105,3,5.920,4,5.998,255,0,0,0,0
1671457332525,17,75762,6,4.355,-3.564,0.000,1,4.891,2,4.102,3,5.920,4,5.998,255,0,0,0,0
1671457332599,74,75836,6,4.355,-3.564,0.000,1,4.891,2,4.102,3,5.920,4,5.998,255,0,0,0,0
1671457332627,28,75864,6,4.322,-3.482,0.000,1,4.891,2,4.102,3,5.951,4,5.998,255,0,0,0,0
1671457332645,18,75882,6,4.322,-3.482,0.000,1,4.891,2,4.102,3,5.951,4,5.998,255,0,0,0,0
1671457332721,76,75958,6,4.322,-3.482,0.000,1,4.891,2,4.102,3,5.951,4,5.998,255,0,0,0,0
1671457332721,0,75958,6,4.322,-3.482,0.000,1,4.891,2,4.102,3,5.951,4,5.998,255,0,0,0,0
1671457332752,31,75989,6,4.322,-3.482,0.000,1,4.894,2,4.108,3,5.959,4,5.998,255,0,0,0,0
1671457332827,75,76064,6,4.322,-3.482,0.000,1,4.894,2,4.108,3,5.959,4,5.998,255,0,0,0,0
1671457332873,46,76110,6,4.322,-3.482,0.000,1,4.894,2,4.105,3,5.956,4,5.998,255,0,0,0,0
1671457332905,32,76142,6,4.322,-3.482,0.000,1,4.894,2,4.105,3,5.956,4,5.998,255,0,0,0,0
1671457332967,62,76204,6,4.322,-3.482,0.000,1,4.894,2,4.105,3,5.948,4,5.998,255,0,0,0,0
1671457332967,0,76204,6,4.322,-3.482,0.000,1,4.894,2,4.105,3,5.948,4,5.998,255,0,0,0,0
1671457332997,30,76234,6,4.322,-3.482,0.000,1,4.894,2,4.105,3,5.948,4,5.998,255,0,0,0,0
1671457333030,33,76267,6,4.319,-3.475,0.000,1,4.894,2,4.105,3,5.948,4,5.998,255,0,0,0,0
1671457333105,75,76342,6,4.319,-3.475,0.000,1,4.894,2,4.105,3,5.948,4,5.998,255,0,0,0,0
1671457333134,29,76371,6,4.319,-3.475,0.000,1,4.894,2,4.105,3,5.948,4,5.998,255,0,0,0,0
1671457333165,31,76402,6,4.319,-3.475,0.000,1,4.894,2,4.102,3,5.948,4,5.998,255,0,0,0,0
1671457333165,0,76402,6,4.319,-3.475,0.000,1,4.894,2,4.102,3,5.948,4,5.998,255,0,0,0,0
1671457333227,62,76464,6,4.319,-3.475,0.000,1,4.894,2,4.102,3,5.942,4,5.998,255,0,0,0,0
1671457333258,31,76495,6,4.603,-3.474,0.000,1,4.894,2,4.102,3,5.942,4,5.998,255,0,0,0,0
1671457333280,22,76517,6,4.603,-3.474,0.000,1,4.894,2,4.105,3,5.942,4,5.998,255,0,0,0,0
1671457333322,42,76559,6,4.603,-3.474,0.000,1,4.894,2,4.105,3,5.929,4,5.998,255,0,0,0,0
1671457333349,27,76586,6,4.603,-3.474,0.000,1,4.894,2,4.105,3,5.929,4,5.998,255,0,0,0,0
1671457333349,0,76586,6,4.603,-3.474,0.000,1,4.894,2,4.105,3,5.929,4,5.998,255,0,0,0,0
1671457333380,31,76617,6,4.603,-3.474,0.000,1,4.894,2,4.105,3,5.929,4,5.998,255,0,0,0,0
1671457333409,29,76646,6,4.603,-3.474,0.000,1,4.894,2,4.105,3,5.929,4,5.998,255,0,0,0,0
1671457333469,60,76706,6,4.603,-3.474,0.000,1,4.894,2,4.105,3,5.929,4,5.998,255,0,0,0,0
1671457333499,30,76736,6,4.603,-3.474,0.000,1,4.891,2,4.099,3,5.945,4,5.998,255,0,0,0,0
1671457333539,40,76776,6,4.603,-3.474,0.000,1,4.891,2,4.099,3,5.945,4,5.998,255,0,0,0,0
1671457333539,0,76776,6,4.603,-3.474,0.000,1,4.891,2,4.099,3,5.945,4,5.998,255,0,0,0,0
1671457333577,38,76814,6,4.603,-3.474,0.000,1,4.894,2,4.099,3,5.951,4,5.998,255,0,0,0,0
1671457333609,32,76846,6,4.356,-3.477,0.000,1,4.894,2,4.099,3,5.951,4,5.998,255,0,0,0,0
1671457333623,14,76860,6,4.356,-3.477,0.000,1,4.894,2,4.099,3,5.951,4,5.998,255,0,0,0,0
1671457333699,76,76936,6,4.356,-3.477,0.000,1,4.894,2,4.099,3,5.951,4,5.998,255,0,0,0,0
1671457333720,21,76957,6,4.356,-3.477,0.000,1,4.894,2,4.099,3,5.959,4,5.998,255,0,0,0,0
1671457333720,0,76957,6,4.356,-3.477,0.000,1,4.894,2,4.099,3,5.959,4,5.998,255,0,0,0,0
1671457333730,10,76967,6,4.356,-3.477,0.000,1,4.894,2,4.099,3,5.959,4,5.998,255,0,0,0,0
1671457333791,61,77028,6,4.356,-3.477,0.000,1,4.894,2,4.099,3,5.959,4,5.998,255,0,0,0,0
1671457333822,31,77059,6,4.356,-3.477,0.000,1,4.897,2,4.091,3,5.962,4,5.998,255,0,0,0,0
1671457333839,17,77076,6,4.321,-3.474,0.000,1,4.897,2,4.091,3,5.962,4,5.998,255,0,0,0,0
1671457333900,61,77137,6,4.321,-3.474,0.000,1,4.897,2,4.091,3,5.962,4,5.998,255,0,0,0,0
1671457333900,0,77137,6,4.321,-3.474,0.000,1,4.897,2,4.091,3,5.962,4,5.998,255,0,0,0,0
1671457333982,82,77219,6,4.321,-3.474,0.000,1,4.897,2,4.091,3,5.962,4,5.998,255,0,0,0,0
1671457334008,26,77245,6,4.321,-3.474,0.000,1,4.886,2,4.097,3,5.967,4,5.998,255,0,0,0,0
1671457334038,30,77275,6,4.321,-3.474,0.000,1,4.897,2,4.097,3,5.967,4,5.998,255,0,0,0,0
1671457334070,32,77307,6,4.321,-3.474,0.000,1,4.897,2,4.097,3,5.967,4,5.989,255,0,0,0,0
1671457334101,31,77338,6,4.321,-3.474,0.000,1,4.897,2,4.097,3,5.967,4,5.989,255,0,0,0,0
1671457334103,2,77340,6,4.320,-3.483,0.000,1,4.897,2,4.097,3,5.967,4,5.989,255,0,0,0,0
1671457334154,51,77391,6,4.320,-3.483,0.000,1,4.897,2,4.097,3,5.967,4,5.989,255,0,0,0,0
1671457334195,41,77432,6,4.320,-3.483,0.000,1,4.894,2,4.102,3,5.962,4,5.998,255,0,0,0,0
1671457334224,29,77461,6,4.320,-3.483,0.000,1,4.894,2,4.102,3,5.962,4,5.998,255,0,0,0,0
1671457334254,30,77491,6,4.320,-3.483,0.000,1,4.894,2,4.102,3,5.962,4,5.998,255,0,0,0,0
1671457334318,64,77555,6,4.320,-3.483,0.000,1,4.894,2,4.102,3,5.962,4,5.998,255,0,0,0,0
1671457334318,0,77555,6,4.320,-3.483,0.000,1,4.894,2,4.102,3,5.962,4,5.998,255,0,0,0,0
1671457334348,30,77585,6,4.320,-3.483,0.000,1,4.891,2,4.102,3,5.956,4,5.998,255,0,0,0,0
1671457334376,28,77613,6,4.318,-3.476,0.000,1,4.891,2,4.102,3,5.956,4,5.998,255,0,0,0,0
1671457334454,78,77691,6,4.318,-3.476,0.000,1,4.891,2,4.102,3,5.956,4,5.998,255,0,0,0,0
1671457334483,29,77720,6,4.318,-3.476,0.000,1,4.897,2,4.097,3,5.953,4,5.998,255,0,0,0,0
1671457334500,17,77737,6,4.318,-3.476,0.000,1,4.897,2,4.097,3,5.953,4,5.998,255,0,0,0,0
1671457334500,0,77737,6,4.318,-3.476,0.000,1,4.897,2,4.097,3,5.953,4,5.998,255,0,0,0,0
1671457334575,75,77812,6,4.318,-3.476,0.000,1,4.897,2,4.097,3,5.953,4,5.998,255,0,0,0,0
1671457334596,21,77833,6,4.318,-3.476,0.000,1,4.894,2,4.102,3,5.953,4,5.998,255,0,0,0,0
1671457334636,40,77873,6,4.318,-3.476,0.000,1,4.894,2,4.102,3,5.953,4,5.998,255,0,0,0,0
1671457334668,32,77905,6,4.318,-3.476,0.000,1,4.894,2,4.102,3,5.953,4,5.998,255,0,0,0,0
1671457334699,31,77936,6,4.318,-3.476,0.000,1,4.894,2,4.102,3,5.959,4,5.998,255,0,0,0,0
1671457334699,0,77936,6,4.318,-3.476,0.000,1,4.894,2,4.102,3,5.959,4,5.998,255,0,0,0,0
1671457334715,16,77952,6,4.318,-3.476,0.000,1,4.894,2,4.102,3,5.959,4,5.998,255,0,0,0,0
1671457334775,60,78012,6,4.318,-3.476,0.000,1,4.894,2,4.102,3,5.959,4,5.998,255,0,0,0,0
1671457334821,46,78058,6,4.318,-3.476,0.000,1,4.894,2,4.102,3,5.962,4,5.998,255,0,0,0,0
1671457334882,61,78119,6,4.318,-3.476,0.000,1,4.894,2,4.102,3,5.962,4,5.998,255,0,0,0,0
1671457334913,31,78150,6,4.318,-3.476,0.000,1,4.894,2,4.102,3,5.962,4,5.998,255,0,0,0,0
1671457334913,0,78150,6,4.318,-3.476,0.000,1,4.894,2,4.102,3,5.962,4,5.998,255,0,0,0,0
1671457334943,30,78180,6,4.318,-3.476,0.000,1,4.894,2,4.102,3,5.962,4,5.998,255,0,0,0,0
1671457335005,62,78242,6,4.318,-3.476,0.000,1,4.894,2,4.102,3,5.962,4,5.998,255,0,0,0,0
1671457335034,29,78271,6,4.318,-3.476,0.000,1,4.894,2,4.108,3,5.956,4,5.998,255,0,0,0,0
1671457335095,61,78332,6,4.318,-3.476,0.000,1,4.894,2,4.108,3,5.962,4,5.998,255,0,0,0,0
1671457335126,31,78363,6,4.318,-3.476,0.000,1,4.894,2,4.108,3,5.962,4,5.998,255,0,0,0,0
1671457335126,0,78363,6,4.318,-3.476,0.000,1,4.894,2,4.108,3,5.962,4,5.998,255,0,0,0,0
1671457335157,31,78394,6,4.318,-3.476,0.000,1,4.894,2,4.108,3,5.962,4,5.998,255,0,0,0,0
1671457335204,47,78441,6,4.318,-3.476,0.000,1,4.894,2,4.108,3,5.962,4,5.998,255,0,0,0,0
1671457335234,30,78471,6,4.318,-3.476,0.000,1,4.894,2,4.108,3,5.962,4,5.998,255,0,0,0,0
1671457335296,62,78533,6,4.318,-3.476,0.000,1,4.894,2,4.108,3,5.962,4,5.998,255,0,0,0,0
1671457335342,46,78579,6,4.318,-3.476,0.000,1,4.894,2,4.105,3,5.962,4,5.998,255,0,0,0,0
1671457335342,0,78579,6,4.318,-3.476,0.000,1,4.894,2,4.105,3,5.962,4,5.998,255,0,0,0,0
1671457335372,30,78609,6,4.318,-3.476,0.000,1,4.894,2,4.105,3,5.962,4,5.998,255,0,0,0,0
1671457335449,77,78686,6,4.318,-3.476,0.000,1,4.894,2,4.105,3,5.962,4,5.998,255,0,0,0,0
1671457335470,21,78707,6,4.318,-3.476,0.000,1,4.891,2,4.105,3,5.962,4,5.998,255,0,0,0,0
1671457335511,41,78748,6,4.318,-3.476,0.000,1,4.891,2,4.105,3,5.962,4,5.998,255,0,0,0,0
1671457335540,29,78777,6,4.318,-3.476,0.000,1,4.897,2,4.105,3,5.962,4,5.998,255,0,0,0,0
1671457335540,0,78777,6,4.318,-3.476,0.000,1,4.897,2,4.105,3,5.962,4,5.998,255,0,0,0,0
1671457335571,31,78808,6,4.318,-3.475,0.000,1,4.897,2,4.105,3,5.965,4,5.998,255,0,0,0,0
1671457335587,16,78824,6,4.318,-3.475,0.000,1,4.897,2,4.105,3,5.965,4,5.998,255,0,0,0,0
1671457335650,63,78887,6,4.318,-3.475,0.000,1,4.897,2,4.105,3,5.965,4,5.998,255,0,0,0,0
1671457335679,29,78916,6,4.318,-3.474,0.000,1,4.891,2,4.102,3,5.965,4,5.998,255,0,0,0,0
1671457335728,49,78965,6,4.318,-3.474,0.000,1,4.891,2,4.102,3,5.965,4,5.998,255,0,0,0,0
1671457335728,0,78965,6,4.318,-3.474,0.000,1,4.891,2,4.102,3,5.965,4,5.998,255,0,0,0,0
1671457335755,27,78992,6,4.318,-3.474,0.000,1,4.891,2,4.102,3,5.965,4,5.998,255,0,0,0,0
1671457335785,30,79022,6,4.318,-3.474,0.000,1,4.891,2,4.102,3,5.965,4,5.998,255,0,0,0,0
1671457335831,46,79068,6,4.318,-3.474,0.000,1,4.894,2,4.102,3,5.965,4,5.998,255,0,0,0,0
1671457335891,60,79128,6,4.318,-3.474,0.000,1,4.894,2,4.102,3,5.965,4,5.998,255,0,0,0,0
1671457335953,62,79190,6,4.318,-3.474,0.000,1,4.894,2,4.102,3,5.965,4,5.998,255,0,0,0,0
1671457335953,0,79190,6,4.318,-3.474,0.000,1,4.894,2,4.102,3,5.965,4,5.998,255,0,0,0,0
1671457335984,31,79221,6,4.318,-3.474,0.000,1,4.894,2,4.099,3,5.965,4,5.998,255,0,0,0,0
1671457336014,30,79251,6,4.318,-3.474,0.000,1,4.894,2,4.099,3,5.965,4,5.998,255,0,0,0,0
1671457336029,15,79266,6,4.319,-3.474,0.000,1,4.894,2,4.099,3,5.965,4,5.998,255,0,0,0,0
1671457336105,76,79342,6,4.319,-3.474,0.000,1,4.894,2,4.099,3,5.965,4,5.998,255,0,0,0,0
1671457336135,30,79372,6,4.319,-3.474,0.000,1,4.894,2,4.099,3,5.965,4,5.998,255,0,0,0,0
1671457336142,7,79379,6,4.316,-3.474,0.000,1,4.894,2,4.099,3,5.965,4,5.998,255,0,0,0,0
1671457336196,54,79433,6,4.316,-3.474,0.000,1,4.891,2,4.094,3,5.965,4,5.998,255,0,0,0,0
1671457336227,31,79464,6,4.316,-3.474,0.000,1,4.891,2,4.094,3,5.956,4,5.998,255,0,0,0,0
1671457336242,15,79479,6,4.316,-3.474,0.000,1,4.891,2,4.094,3,5.956,4,5.998,255,0,0,0,0
1671457336276,34,79513,6,4.316,-3.474,0.000,1,4.891,2,4.094,3,5.956,4,5.998,255,0,0,0,0
1671457336334,58,79571,6,4.316,-3.474,0.000,1,4.891,2,4.094,3,5.956,4,5.998,255,0,0,0,0
1671457336334,0,79571,6,4.316,-3.474,0.000,1,4.891,2,4.094,3,5.956,4,5.998,255,0,0,0,0
1671457336384,50,79621,6,4.316,-3.474,0.000,1,4.894,2,4.088,3,5.951,4,5.998,255,0,0,0,0
1671457336409,25,79646,6,4.316,-3.474,0.000,1,4.894,2,4.088,3,5.951,4,5.998,255,0,0,0,0
1671457336453,44,79690,6,4.316,-3.474,0.000,1,4.894,2,4.088,3,5.959,4,5.998,255,0,0,0,0
1671457336500,47,79737,6,4.316,-3.474,0.000,1,4.894,2,4.088,3,5.959,4,5.998,255,0,0,0,0
1671457336531,31,79768,6,4.316,-3.474,0.000,1,4.856,2,4.088,3,5.959,4,5.998,255,0,0,0,0
1671457336531,0,79768,6,4.316,-3.474,0.000,1,4.856,2,4.088,3,5.959,4,5.998,255,0,0,0,0
1671457336577,46,79814,6,4.316,-3.474,0.000,1,4.856,2,4.083,3,5.945,4,5.995,255,0,0,0,0
1671457336639,62,79876,6,4.316,-3.474,0.000,1,4.856,2,4.083,3,5.945,4,5.995,255,0,0,0,0
1671457336669,30,79906,6,4.316,-3.474,0.000,1,4.897,2,4.085,3,5.945,4,5.995,255,0,0,0,0
1671457336700,31,79937,6,4.316,-3.474,0.000,1,4.897,2,4.085,3,5.984,4,5.998,255,0,0,0,0
1671457336760,60,79997,6,4.316,-3.474,0.000,1,4.897,2,4.085,3,5.984,4,5.998,255,0,0,0,0
1671457336760,0,79997,6,4.316,-3.474,0.000,1,4.897,2,4.085,3,5.984,4,5.998,255,0,0,0,0
1671457336782,22,80019,6,4.316,-3.474,0.000,1,4.861,2,4.085,3,5.984,4,5.998,255,0,0,0,0
1671457336822,40,80059,6,4.316,-3.474,0.000,1,4.861,2,4.091,3,5.998,4,5.998,255,0,0,0,0
1671457336883,61,80120,6,4.316,-3.474,0.000,1,4.861,2,4.091,3,5.998,4,5.998,255,0,0,0,0
1671457336897,14,80134,6,4.316,-3.474,0.000,1,4.861,2,4.091,3,5.998,4,5.998,255,0,0,0,0
1671457336943,46,80180,6,4.316,-3.474,0.000,1,4.861,2,4.091,3,5.998,4,5.998,255,0,0,0,0
1671457336943,0,80180,6,4.316,-3.474,0.000,1,4.861,2,4.091,3,5.998,4,5.998,255,0,0,0,0
1671457336999,56,80236,6,4.316,-3.474,0.000,1,4.886,2,4.091,3,6.021,4,5.998,255,0,0,0,0
1671457337006,7,80243,6,4.316,-3.474,0.000,1,4.886,2,4.091,3,6.021,4,5.998,255,0,0,0,0
1671457337082,76,80319,6,4.316,-3.474,0.000,1,4.886,2,4.091,3,6.021,4,5.998,255,0,0,0,0
1671457337108,26,80345,6,4.316,-3.474,0.000,1,4.897,2,4.091,3,6.048,4,5.998,255,0,0,0,0
1671457337127,19,80364,6,4.316,-3.474,0.000,1,4.897,2,4.091,3,6.048,4,5.998,255,0,0,0,0
1671457337127,0,80364,6,4.316,-3.474,0.000,1,4.897,2,4.091,3,6.048,4,5.998,255,0,0,0,0
1671457337203,76,80440,6,4.316,-3.474,0.000,1,4.897,2,4.091,3,6.048,4,5.998,255,0,0,0,0
1671457337265,62,80502,6,4.316,-3.474,0.000,1,4.897,2,4.097,3,6.059,4,5.998,255,0,0,0,0
1671457337296,31,80533,6,4.316,-3.474,0.000,1,4.886,2,4.099,3,6.032,4,5.998,255,0,0,0,0
1671457337327,31,80564,6,4.316,-3.474,0.000,1,4.886,2,4.099,3,6.032,4,5.998,255,0,0,0,0
1671457337342,15,80579,6,4.316,-3.474,0.000,1,4.886,2,4.099,3,6.032,4,5.998,255,0,0,0,0
1671457337342,0,80579,6,4.316,-3.474,0.000,1,4.886,2,4.099,3,6.032,4,5.998,255,0,0,0,0
1671457337374,32,80611,6,4.316,-3.474,0.000,1,4.886,2,4.099,3,6.032,4,5.998,255,0,0,0,0
1671457337448,74,80685,6,4.316,-3.474,0.000,1,4.886,2,4.099,3,6.032,4,5.998,255,0,0,0,0
1671457337509,61,80746,6,4.316,-3.474,0.000,1,4.897,2,4.094,3,6.024,4,5.998,255,0,0,0,0
1671457337540,31,80777,6,4.316,-3.474,0.000,1,4.897,2,4.094,3,6.024,4,5.998,255,0,0,0,0
1671457337600,60,80837,6,4.316,-3.474,0.000,1,4.897,2,4.094,3,6.026,4,5.998,255,0,0,0,0
1671457337600,0,80837,6,4.316,-3.474,0.000,1,4.897,2,4.094,3,6.026,4,5.998,255,0,0,0,0
1671457337632,32,80869,6,4.316,-3.474,0.000,1,4.897,2,4.094,3,6.026,4,5.998,255,0,0,0,0
1671457337657,25,80894,6,4.316,-3.474,0.000,1,4.897,2,4.094,3,6.026,4,5.998,255,0,0,0,0
1671457337697,40,80934,6,4.316,-3.474,0.000,1,4.894,2,4.091,3,6.032,4,5.998,255,0,0,0,0
1671457337724,27,80961,6,4.316,-3.474,0.000,1,4.894,2,4.091,3,6.032,4,5.998,255,0,0,0,0
1671457337755,31,80992,6,4.316,-3.474,0.000,1,4.894,2,4.091,3,6.032,4,5.998,255,0,0,0,0
1671457337755,0,80992,6,4.316,-3.474,0.000,1,4.894,2,4.091,3,6.032,4,5.998,255,0,0,0,0
1671457337771,16,81008,6,4.316,-3.474,0.000,1,4.894,2,4.091,3,6.032,4,5.998,255,0,0,0,0
1671457337833,62,81070,6,4.316,-3.474,0.000,1,4.894,2,4.091,3,6.032,4,5.998,255,0,0,0,0
1671457337894,61,81131,6,4.316,-3.474,0.000,1,4.883,2,4.091,3,6.037,4,5.998,255,0,0,0,0
1671457337958,64,81195,6,4.316,-3.474,0.000,1,4.883,2,4.091,3,6.037,4,5.998,255,0,0,0,0
1671457337988,30,81225,6,4.316,-3.474,0.000,1,4.894,2,4.085,3,6.043,4,5.998,255,0,0,0,0
1671457337988,0,81225,6,4.316,-3.474,0.000,1,4.894,2,4.085,3,6.043,4,5.998,255,0,0,0,0
1671457338155,167,81392,6,4.316,-3.474,0.000,1,4.894,2,4.085,3,6.043,4,5.998,255,0,0,0,0
1671457338216,61,81453,6,4.316,-3.474,0.000,1,4.894,2,4.085,3,6.043,4,5.998,255,0,0,0,0
1671457338248,32,81485,6,4.316,-3.474,0.000,1,4.894,2,4.085,3,6.043,4,5.998,255,0,0,0,0
1671457338277,29,81514,6,4.316,-3.474,0.000,1,4.894,2,4.085,3,6.043,4,5.998,255,0,0,0,0
1671457338277,0,81514,6,4.316,-3.474,0.000,1,4.894,2,4.085,3,6.043,4,5.998,255,0,0,0,0
1671457338354,77,81591,6,4.316,-3.474,0.000,1,4.894,2,4.085,3,6.043,4,5.998,255,0,0,0,0
1671457338385,31,81622,6,4.316,-3.474,0.000,1,4.894,2,4.085,3,6.043,4,5.998,255,0,0,0,0
1671457338416,31,81653,6,4.316,-3.474,0.000,1,4.894,2,4.085,3,6.043,4,5.998,255,0,0,0,0
1671457338447,31,81684,6,4.316,-3.474,0.000,1,4.858,2,4.099,3,6.046,4,5.998,255,0,0,0,0
1671457338477,30,81714,6,4.316,-3.474,0.000,1,4.858,2,4.099,3,6.046,4,5.998,255,0,0,0,0
1671457338477,0,81714,6,4.316,-3.474,0.000,1,4.858,2,4.099,3,6.046,4,5.998,255,0,0,0,0
1671457338530,53,81767,6,4.316,-3.474,0.000,1,4.858,2,4.099,3,6.046,4,5.998,255,0,0,0,0
1671457338573,43,81810,6,4.316,-3.474,0.000,1,4.883,2,4.085,3,6.043,4,5.998,255,0,0,0,0
1671457338599,26,81836,6,4.316,-3.474,0.000,1,4.883,2,4.085,3,6.043,4,5.998,255,0,0,0,0
1671457338631,32,81868,6,4.316,-3.474,0.000,1,4.883,2,4.085,3,6.043,4,5.998,255,0,0,0,0
1671457338682,51,81919,6,4.316,-3.474,0.000,1,4.883,2,4.085,3,6.043,4,5.998,255,0,0,0,0
1671457338683,1,81920,6,4.316,-3.474,0.000,1,4.883,2,4.085,3,6.043,4,5.998,255,0,0,0,0
1671457338707,24,81944,6,4.316,-3.474,0.000,1,4.867,2,4.085,3,6.046,4,5.998,255,0,0,0,0
1671457338738,31,81975,6,4.316,-3.474,0.000,1,4.867,2,4.085,3,6.046,4,5.998,255,0,0,0,0
1671457338793,55,82030,6,4.316,-3.474,0.000,1,4.867,2,4.085,3,6.046,4,5.998,255,0,0,0,0
1671457338833,40,82070,6,4.316,-3.474,0.000,1,4.894,2,4.088,3,6.046,4,5.998,255,0,0,0,0
1671457338899,66,82136,6,4.316,-3.474,0.000,1,4.894,2,4.088,3,6.046,4,5.998,255,0,0,0,0
1671457338899,0,82136,6,4.316,-3.474,0.000,1,4.894,2,4.088,3,6.046,4,5.998,255,0,0,0,0
1671457338925,26,82162,6,4.316,-3.474,0.000,1,4.894,2,4.088,3,6.046,4,5.998,255,0,0,0,0
1671457338956,31,82193,6,4.316,-3.474,0.000,1,4.894,2,4.088,3,6.046,4,5.998,255,0,0,0,0
1671457339011,55,82248,6,4.316,-3.474,0.000,1,4.894,2,4.085,3,6.054,4,5.998,255,0,0,0,0
1671457339033,22,82270,6,4.316,-3.474,0.000,1,4.894,2,4.085,3,6.054,4,5.998,255,0,0,0,0
1671457339076,43,82313,6,4.316,-3.474,0.000,1,4.894,2,4.085,3,6.054,4,5.998,255,0,0,0,0
1671457339076,0,82313,6,4.316,-3.474,0.000,1,4.894,2,4.085,3,6.054,4,5.998,255,0,0,0,0
1671457339093,17,82330,6,4.316,-3.474,0.000,1,4.894,2,4.085,3,6.054,4,5.998,255,0,0,0,0
1671457339155,62,82392,6,4.316,-3.474,0.000,1,4.894,2,4.085,3,6.054,4,5.998,255,0,0,0,0
1671457339202,47,82439,6,4.316,-3.474,0.000,1,4.897,2,4.085,3,6.059,4,5.998,255,0,0,0,0
1671457339264,62,82501,6,4.316,-3.474,0.000,1,4.897,2,4.085,3,6.059,4,5.998,255,0,0,0,0
1671457339296,32,82533,6,4.316,-3.474,0.000,1,4.894,2,4.094,3,6.059,4,5.998,255,0,0,0,0
1671457339296,0,82533,6,4.316,-3.474,0.000,1,4.894,2,4.094,3,6.059,4,5.998,255,0,0,0,0
1671457339325,29,82562,6,4.316,-3.474,0.000,1,4.894,2,4.094,3,6.048,4,5.998,255,0,0,0,0
1671457339357,32,82594,6,4.316,-3.474,0.000,1,4.894,2,4.094,3,6.048,4,5.998,255,0,0,0,0
1671457339419,62,82656,6,4.316,-3.474,0.000,1,4.894,2,4.094,3,6.048,4,5.998,255,0,0,0,0
1671457339481,62,82718,6,4.316,-3.474,0.000,1,4.886,2,4.097,3,6.048,4,5.998,255,0,0,0,0
1671457339510,29,82747,6,4.316,-3.474,0.000,1,4.886,2,4.097,3,6.048,4,5.998,255,0,0,0,0
1671457339510,0,82747,6,4.316,-3.474,0.000,1,4.886,2,4.097,3,6.048,4,5.998,255,0,0,0,0
1671457339668,158,82905,6,4.316,-3.474,0.000,1,4.886,2,4.097,3,6.048,4,5.998,255,0,0,0,0
1671457339706,38,82943,6,4.316,-3.474,0.000,1,4.886,2,4.097,3,6.048,4,5.998,255,0,0,0,0
1671457339753,47,82990,6,4.316,-3.473,0.000,1,4.886,2,4.097,3,6.048,4,5.998,255,0,0,0,0
1671457339784,31,83021,6,4.316,-3.472,0.000,1,4.886,2,4.097,3,6.048,4,5.998,255,0,0,0,0
1671457339784,0,83021,6,4.316,-3.473,0.000,1,4.886,2,4.097,3,6.048,4,5.998,255,0,0,0,0
1671457339836,52,83073,6,4.315,-3.478,0.000,1,4.897,2,4.099,3,6.057,4,5.998,255,0,0,0,0
1671457339873,37,83110,6,4.315,-3.478,0.000,1,4.897,2,4.099,3,6.057,4,5.998,255,0,0,0,0
1671457339906,33,83143,6,4.315,-3.478,0.000,1,4.897,2,4.099,3,6.057,4,5.998,255,0,0,0,0
1671457339966,60,83203,6,4.315,-3.478,0.000,1,4.894,2,4.102,3,6.057,4,5.998,255,0,0,0,0
1671457339996,30,83233,6,4.315,-3.478,0.000,1,4.894,2,4.102,3,6.057,4,5.998,255,0,0,0,0
1671457339996,0,83233,6,4.315,-3.478,0.000,1,4.894,2,4.102,3,6.057,4,5.998,255,0,0,0,0
1671457340073,77,83310,6,4.315,-3.478,0.000,1,4.894,2,4.102,3,6.057,4,5.998,255,0,0,0,0
1671457340134,61,83371,6,4.315,-3.478,0.000,1,4.891,2,4.108,3,6.057,4,5.998,255,0,0,0,0
1671457340164,30,83401,6,4.315,-3.478,0.000,1,4.891,2,4.108,3,6.057,4,5.998,255,0,0,0,0
1671457340216,52,83453,6,4.315,-3.478,0.000,1,4.886,2,4.113,3,6.065,4,5.998,255,0,0,0,0
1671457340271,55,83508,6,4.315,-3.478,0.000,1,4.886,2,4.113,3,6.065,4,5.998,255,0,0,0,0
1671457340271,0,83508,6,4.315,-3.478,0.000,1,4.886,2,4.113,3,6.065,4,5.998,255,0,0,0,0
1671457340331,60,83568,6,4.315,-3.478,0.000,1,4.847,2,4.091,3,5.484,4,5.998,255,0,0,0,0
1671457340362,31,83599,6,4.315,-3.478,0.000,1,4.847,2,4.091,3,5.484,4,5.987,255,0,0,0,0
1671457340407,45,83644,3,0.003,0.000,2.220,255,0,0,0,0
1671457340407,0,83644,4,9.390,0.000,2.220,255,0,0,0,0
1671457340407,0,83644,6,4.315,-3.478,0.000,1,4.847,2,4.091,3,5.484,4,5.987,255,0,0,0,0
1671457340407,0,83644,1,9.390,-3.685,2.220,255,0,0,0,0
1671457340407,0,83644,2,0.003,-3.685,2.220,255,0,0,0,0
1671457340454,47,83691,6,4.315,-3.478,0.000,1,4.894,2,4.097,3,6.054,4,5.998,255,0,0,0,0
1671457340485,31,83722,6,4.315,-3.478,0.000,1,4.894,2,4.097,3,6.054,4,5.998,255,0,0,0,0
1671457340485,0,83722,6,4.315,-3.478,0.000,1,4.894,2,4.097,3,6.054,4,5.998,255,0,0,0,0
1671457340551,66,83788,6,4.381,-3.514,0.000,1,4.894,2,4.097,3,6.054,4,5.998,255,0,0,0,0
1671457340592,41,83829,6,4.381,-3.514,0.000,1,4.897,2,4.097,3,6.059,4,5.989,255,0,0,0,0
1671457340622,30,83859,6,4.381,-3.514,0.000,1,4.897,2,4.097,3,6.059,4,5.989,255,0,0,0,0
1671457340699,77,83936,6,4.381,-3.514,0.000,1,4.897,2,4.097,3,6.059,4,5.989,255,0,0,0,0
1671457340721,22,83958,6,4.381,-3.514,0.000,1,4.897,2,4.080,3,6.059,4,5.998,255,0,0,0,0
1671457340721,0,83958,6,4.381,-3.514,0.000,1,4.897,2,4.080,3,6.059,4,5.998,255,0,0,0,0
1671457340730,9,83967,6,4.333,-3.471,0.000,1,4.897,2,4.080,3,6.059,4,5.998,255,0,0,0,0
1671457340790,60,84027,6,4.333,-3.471,0.000,1,4.897,2,4.080,3,6.059,4,5.998,255,0,0,0,0
1671457340830,40,84067,6,4.333,-3.471,0.000,1,4.886,2,4.080,3,6.057,4,5.998,255,0,0,0,0
1671457340858,28,84095,6,4.333,-3.471,0.000,1,4.886,2,4.080,3,6.057,4,5.998,255,0,0,0,0
1671457340914,56,84151,6,4.333,-3.471,0.000,1,4.886,2,4.080,3,6.057,4,5.998,255,0,0,0,0
1671457340914,0,84151,6,4.333,-3.471,0.000,1,4.886,2,4.080,3,6.057,4,5.998,255,0,0,0,0
1671457340988,74,84225,6,4.333,-3.471,0.000,1,4.886,2,4.080,3,6.057,4,5.998,255,0,0,0,0
1671457341019,31,84256,6,4.333,-3.471,0.000,1,4.891,2,4.091,3,6.059,4,5.998,255,0,0,0,0
1671457341045,26,84282,6,4.333,-3.471,0.000,1,4.897,2,4.097,3,6.059,4,5.998,255,0,0,0,0
1671457341079,34,84316,6,4.333,-3.471,0.000,1,4.897,2,4.097,3,6.059,4,5.998,255,0,0,0,0
1671457341141,62,84378,6,4.333,-3.471,0.000,1,4.897,2,4.097,3,6.059,4,5.998,255,0,0,0,0
1671457341141,0,84378,6,4.333,-3.471,0.000,1,4.897,2,4.097,3,6.059,4,5.998,255,0,0,0,0
1671457341173,32,84410,6,4.333,-3.471,0.000,1,4.894,2,4.099,3,6.059,4,5.998,255,0,0,0,0
1671457341234,61,84471,6,4.333,-3.471,0.000,1,4.894,2,4.099,3,6.057,4,5.998,255,0,0,0,0
1671457341265,31,84502,6,4.333,-3.471,0.000,1,4.894,2,4.099,3,6.057,4,5.998,255,0,0,0,0
1671457341281,16,84518,6,4.333,-3.471,0.000,1,4.894,2,4.094,3,6.057,4,5.998,255,0,0,0,0
1671457341356,75,84593,6,4.333,-3.471,0.000,1,4.894,2,4.094,3,6.057,4,5.998,255,0,0,0,0
1671457341356,0,84593,6,4.333,-3.471,0.000,1,4.894,2,4.094,3,6.057,4,5.998,255,0,0,0,0
1671457341387,31,84624,6,4.333,-3.471,0.000,1,4.894,2,4.094,3,6.054,4,5.998,255,0,0,0,0
1671457341463,76,84700,6,4.333,-3.471,0.000,1,4.894,2,4.094,3,6.054,4,5.998,255,0,0,0,0
1671457341483,20,84720,6,4.333,-3.471,0.000,1,4.897,2,4.121,3,6.054,4,5.998,255,0,0,0,0
1671457341494,11,84731,6,4.333,-3.471,0.000,1,4.897,2,4.121,3,6.054,4,5.998,255,0,0,0,0
1671457341528,34,84765,6,4.333,-3.471,0.000,1,4.897,2,4.121,3,6.054,4,5.998,255,0,0,0,0
1671457341528,0,84765,6,4.333,-3.471,0.000,1,4.897,2,4.121,3,6.054,4,5.998,255,0,0,0,0
1671457341585,57,84822,6,4.333,-3.471,0.000,1,4.897,2,4.121,3,6.054,4,5.998,255,0,0,0,0
1671457341635,50,84872,6,4.333,-3.471,0.000,1,4.897,2,4.110,3,6.059,4,5.998,255,0,0,0,0
1671457341660,25,84897,6,4.333,-3.471,0.000,1,4.897,2,4.110,3,6.059,4,5.998,255,0,0,0,0
1671457341704,44,84941,6,4.333,-3.471,0.000,1,4.894,2,4.102,3,6.035,4,5.998,255,0,0,0,0
1671457341752,48,84989,6,4.333,-3.471,0.000,1,4.894,2,4.102,3,6.035,4,5.998,255,0,0,0,0
1671457341752,0,84989,6,4.333,-3.471,0.000,1,4.894,2,4.102,3,6.035,4,5.998,255,0,0,0,0
1671457341782,30,85019,6,4.333,-3.471,0.000,1,4.894,2,4.102,3,6.035,4,5.998,255,0,0,0,0
1671457341827,45,85064,6,4.333,-3.471,0.000,1,4.897,2,4.097,3,6.057,4,5.998,255,0,0,0,0
1671457341888,61,85125,6,4.333,-3.471,0.000,1,4.897,2,4.097,3,6.057,4,5.998,255,0,0,0,0
1671457341919,31,85156,6,4.333,-3.471,0.000,1,4.897,2,4.097,3,6.057,4,5.998,255,0,0,0,0
1671457341965,46,85202,6,4.330,-3.469,0.000,1,4.897,2,4.097,3,6.057,4,5.998,255,0,0,0,0
1671457341965,0,85202,6,4.329,-3.468,0.000,1,4.897,2,4.097,3,6.057,4,5.998,255,0,0,0,0
1671457342025,60,85262,6,4.328,-3.467,0.000,1,4.897,2,4.097,3,6.057,4,5.998,255,0,0,0,0
1671457342086,61,85323,6,4.328,-3.467,0.000,1,4.897,2,4.088,3,6.057,4,5.998,255,0,0,0,0
1671457342116,30,85353,6,4.327,-3.467,0.000,1,4.897,2,4.088,3,6.057,4,5.998,255,0,0,0,0
1671457342139,23,85376,6,4.324,-3.464,0.000,1,4.897,2,4.088,3,6.057,4,5.998,255,0,0,0,0
1671457342148,9,85385,6,4.322,-3.462,0.000,1,4.897,2,4.088,3,6.057,4,5.998,255,0,0,0,0
1671457342148,0,85385,6,4.322,-3.462,0.000,1,4.897,2,4.088,3,6.057,4,5.998,255,0,0,0,0
1671457342208,60,85445,6,4.315,-3.456,0.000,1,4.897,2,4.088,3,6.057,4,5.998,255,0,0,0,0
1671457342239,31,85476,6,4.315,-3.456,0.000,1,4.897,2,4.088,3,6.057,4,5.998,255,0,0,0,0
1671457342291,52,85528,6,4.314,-3.455,0.000,1,4.897,2,4.088,3,6.057,4,5.998,255,0,0,0,0
1671457342332,41,85569,6,4.314,-3.455,0.000,1,4.894,2,4.097,3,6.043,4,5.998,255,0,0,0,0
1671457342357,25,85594,6,4.314,-3.455,0.000,1,4.894,2,4.097,3,6.043,4,5.998,255,0,0,0,0
1671457342357,0,85594,6,4.314,-3.455,0.000,1,4.894,2,4.097,3,6.043,4,5.998,255,0,0,0,0
1671457342376,19,85613,6,4.314,-3.455,0.000,1,4.894,2,4.097,3,6.043,4,5.998,255,0,0,0,0
1671457342454,78,85691,6,4.314,-3.455,0.000,1,4.894,2,4.097,3,6.043,4,5.998,255,0,0,0,0
1671457342516,62,85753,6,4.314,-3.455,0.000,1,4.883,2,4.091,3,6.006,4,5.998,255,0,0,0,0
1671457342548,32,85785,6,4.314,-3.455,0.000,1,4.886,2,4.088,3,6.006,4,5.998,255,0,0,0,0
1671457342578,30,85815,6,4.314,-3.455,0.000,1,4.886,2,4.088,3,5.965,4,5.998,255,0,0,0,0
1671457342578,0,85815,6,4.314,-3.455,0.000,1,4.886,2,4.088,3,5.965,4,5.998,255,0,0,0,0
1671457342594,16,85831,6,4.314,-3.455,0.000,1,4.886,2,4.088,3,5.965,4,5.998,255,0,0,0,0
1671457342624,30,85861,6,4.314,-3.455,0.000,1,4.886,2,4.088,3,5.965,4,5.998,255,0,0,0,0
1671457342700,76,85937,6,4.313,-3.445,0.000,1,4.886,2,4.088,3,5.965,4,5.998,255,0,0,0,0
1671457342761,61,85998,6,4.313,-3.443,0.000,1,4.894,2,4.085,3,5.937,4,5.998,255,0,0,0,0
1671457342792,31,86029,6,4.313,-3.443,0.000,1,4.894,2,4.085,3,5.937,4,5.998,255,0,0,0,0
1671457342799,7,86036,6,4.316,-3.482,0.000,1,4.894,2,4.085,3,5.937,4,5.998,255,0,0,0,0
1671457342900,101,86137,6,4.316,-3.482,0.000,1,4.880,2,4.085,3,5.931,4,5.998,255,0,0,0,0
1671457342915,15,86152,6,4.316,-3.482,0.000,1,4.880,2,4.085,3,5.931,4,5.998,255,0,0,0,0
1671457342992,77,86229,6,4.316,-3.482,0.000,1,4.894,2,4.088,3,5.937,4,5.998,255,0,0,0,0
1671457343018,26,86255,6,4.316,-3.482,0.000,1,4.894,2,4.088,3,5.937,4,5.998,255,0,0,0,0
1671457343038,20,86275,6,4.316,-3.482,0.000,1,4.880,2,4.083,3,5.945,4,5.998,255,0,0,0,0
1671457343038,0,86275,6,4.316,-3.482,0.000,1,4.880,2,4.083,3,5.945,4,5.998,255,0,0,0,0
1671457343099,61,86336,6,4.316,-3.482,0.000,1,4.880,2,4.083,3,5.945,4,5.998,255,0,0,0,0
1671457343145,46,86382,6,4.316,-3.482,0.000,1,4.880,2,4.083,3,5.945,4,5.998,255,0,0,0,0
1671457343206,61,86443,6,4.316,-3.482,0.000,1,4.880,2,4.083,3,5.945,4,5.998,255,0,0,0,0
1671457343235,29,86472,6,4.316,-3.482,0.000,1,4.880,2,4.088,3,5.945,4,5.998,255,0,0,0,0
1671457343251,16,86488,6,4.316,-3.482,0.000,1,4.880,2,4.088,3,5.945,4,5.998,255,0,0,0,0
1671457343251,0,86488,6,4.316,-3.482,0.000,1,4.880,2,4.088,3,5.945,4,5.998,255,0,0,0,0
1671457343328,77,86565,6,4.316,-3.482,0.000,1,4.880,2,4.088,3,5.945,4,5.998,255,0,0,0,0
1671457343358,30,86595,6,4.316,-3.482,0.000,1,4.880,2,4.099,3,5.948,4,5.998,255,0,0,0,0
1671457343419,61,86656,6,4.316,-3.482,0.000,1,4.880,2,4.099,3,5.948,4,5.998,255,0,0,0,0
1671457343465,46,86702,6,4.316,-3.482,0.000,1,4.878,2,4.132,3,5.956,4,5.998,255,0,0,0,0
1671457343508,43,86745,6,4.316,-3.482,0.000,1,4.878,2,4.132,3,5.956,4,5.998,255,0,0,0,0
1671457343508,0,86745,6,4.316,-3.482,0.000,1,4.878,2,4.132,3,5.956,4,5.998,255,0,0,0,0
1671457343565,57,86802,6,4.323,-3.492,0.000,1,4.878,2,4.132,3,5.956,4,5.998,255,0,0,0,0
1671457343619,54,86856,6,4.323,-3.492,0.000,1,4.894,2,4.130,3,5.970,4,5.998,255,0,0,0,0
1671457343650,31,86887,6,4.323,-3.492,0.000,1,4.894,2,4.130,3,5.970,4,5.998,255,0,0,0,0
1671457343673,23,86910,6,4.323,-3.492,0.000,1,4.880,2,4.124,3,5.995,4,5.998,255,0,0,0,0
1671457343733,60,86970,6,4.323,-3.492,0.000,1,4.880,2,4.124,3,5.995,4,5.998,255,0,0,0,0
1671457343733,0,86970,6,4.323,-3.492,0.000,1,4.880,2,4.124,3,5.995,4,5.998,255,0,0,0,0
1671457343760,27,86997,6,4.608,-3.478,0.000,1,4.880,2,4.124,3,5.995,4,5.998,255,0,0,0,0
1671457343788,28,87025,6,4.608,-3.478,0.000,1,4.880,2,4.124,3,5.995,4,5.998,255,0,0,0,0
1671457343829,41,87066,6,4.608,-3.478,0.000,1,4.897,2,4.124,3,6.011,4,5.998,255,0,0,0,0
1671457343882,53,87119,6,4.608,-3.478,0.000,1,4.897,2,4.124,3,6.011,4,5.998,255,0,0,0,0
1671457343897,15,87134,6,4.608,-3.478,0.000,1,4.897,2,4.124,3,6.011,4,5.998,255,0,0,0,0
1671457343897,0,87134,6,4.608,-3.478,0.000,1,4.897,2,4.124,3,6.011,4,5.998,255,0,0,0,0
1671457343959,62,87196,6,4.608,-3.478,0.000,1,4.886,2,4.124,3,6.029,4,5.998,255,0,0,0,0
1671457343990,31,87227,6,4.608,-3.478,0.000,1,4.886,2,4.124,3,6.029,4,5.998,255,0,0,0,0
1671457344041,51,87278,6,4.608,-3.478,0.000,1,4.886,2,4.124,3,6.029,4,5.998,255,0,0,0,0
1671457344082,41,87319,6,4.608,-3.478,0.000,1,4.894,2,4.121,3,6.024,4,5.998,255,0,0,0,0
1671457344108,26,87345,6,4.608,-3.478,0.000,1,4.894,2,4.121,3,6.024,4,5.998,255,0,0,0,0
1671457344108,0,87345,6,4.608,-3.478,0.000,1,4.894,2,4.121,3,6.024,4,5.998,255,0,0,0,0
1671457344127,19,87364,6,4.608,-3.478,0.000,1,4.894,2,4.121,3,6.024,4,5.998,255,0,0,0,0
1671457344157,30,87394,6,4.608,-3.478,0.000,1,4.894,2,4.121,3,6.024,4,5.998,255,0,0,0,0
1671457344235,78,87472,6,4.608,-3.478,0.000,1,4.894,2,4.121,3,6.024,4,5.998,255,0,0,0,0
1671457344297,62,87534,6,4.608,-3.478,0.000,1,4.883,2,4.091,3,6.014,4,5.998,255,0,0,0,0
1671457344344,47,87581,6,4.608,-3.478,0.000,1,4.894,2,4.113,3,6.021,4,5.998,255,0,0,0,0
1671457344344,0,87581,6,4.608,-3.478,0.000,1,4.894,2,4.113,3,6.021,4,5.998,255,0,0,0,0
1671457344375,31,87612,6,4.608,-3.478,0.000,1,4.894,2,4.113,3,6.021,4,5.998,255,0,0,0,0
1671457344454,79,87691,6,4.608,-3.478,0.000,1,4.894,2,4.113,3,6.021,4,5.998,255,0,0,0,0
1671457344515,61,87752,6,4.608,-3.478,0.000,1,4.894,2,4.108,3,6.032,4,5.998,255,0,0,0,0
1671457344545,30,87782,6,4.608,-3.478,0.000,1,4.894,2,4.108,3,6.032,4,5.998,255,0,0,0,0
1671457344562,17,87799,6,4.608,-3.478,0.000,1,4.894,2,4.105,3,6.029,4,5.998,255,0,0,0,0
1671457344562,0,87799,6,4.608,-3.478,0.000,1,4.894,2,4.105,3,6.029,4,5.998,255,0,0,0,0
1671457344623,61,87860,6,4.608,-3.478,0.000,1,4.894,2,4.105,3,6.029,4,5.998,255,0,0,0,0
1671457344655,32,87892,6,4.608,-3.478,0.000,1,4.894,2,4.105,3,6.029,4,5.998,255,0,0,0,0
1671457344715,60,87952,6,4.608,-3.478,0.000,1,4.886,2,4.105,3,6.021,4,5.998,255,0,0,0,0
1671457344746,31,87983,6,4.608,-3.478,0.000,1,4.886,2,4.105,3,6.021,4,5.998,255,0,0,0,0
1671457344777,31,88014,6,4.608,-3.478,0.000,1,4.886,2,4.105,3,6.021,4,5.998,255,0,0,0,0
1671457344777,0,88014,6,4.608,-3.478,0.000,1,4.886,2,4.105,3,6.021,4,5.998,255,0,0,0,0
1671457344809,32,88046,6,4.608,-3.478,0.000,1,4.889,2,4.102,3,6.024,4,5.998,255,0,0,0,0
1671457344840,31,88077,6,4.608,-3.478,0.000,1,4.889,2,4.102,3,6.024,4,5.998,255,0,0,0,0
1671457344886,46,88123,6,4.608,-3.478,0.000,1,4.889,2,4.102,3,6.024,4,5.998,255,0,0,0,0
1671457344965,79,88202,6,4.608,-3.478,0.000,1,4.889,2,4.102,3,6.024,4,5.998,255,0,0,0,0
1671457344985,20,88222,6,4.615,-3.477,0.000,1,4.894,2,4.102,3,6.024,4,5.998,255,0,0,0,0
1671457344985,0,88222,6,4.616,-3.477,0.000,1,4.894,2,4.102,3,6.024,4,5.998,255,0,0,0,0
1671457345028,43,88265,6,4.641,-3.476,0.000,1,4.894,2,4.102,3,6.024,4,5.998,255,0,0,0,0
1671457345057,29,88294,6,4.641,-3.476,0.000,1,4.894,2,4.102,3,6.021,4,5.998,255,0,0,0,0
1671457345088,31,88325,6,4.649,-3.476,0.000,1,4.894,2,4.102,3,6.021,4,5.998,255,0,0,0,0
1671457345136,48,88373,6,4.654,-3.475,0.000,1,4.894,2,4.102,3,6.021,4,5.998,255,0,0,0,0
1671457345166,30,88403,6,4.757,-3.475,0.000,1,4.894,2,4.102,3,6.021,4,5.998,255,0,0,0,0
1671457345166,0,88403,6,4.747,-3.475,0.000,1,4.894,2,4.102,3,6.021,4,5.998,255,0,0,0,0
1671457345203,37,88440,6,4.810,-3.475,0.000,1,4.886,2,4.102,3,6.024,4,5.998,255,0,0,0,0
1671457345228,25,88465,6,4.810,-3.475,0.000,1,4.886,2,4.102,3,6.024,4,5.998,255,0,0,0,0
1671457345267,39,88504,6,4.333,-3.474,0.000,1,4.886,2,4.102,3,6.024,4,5.998,255,0,0,0,0
1671457345337,70,88574,6,4.333,-3.474,0.000,1,4.886,2,4.102,3,6.024,4,5.998,255,0,0,0,0
1671457345415,78,88652,6,4.333,-3.474,0.000,1,4.886,2,4.099,3,6.021,4,5.998,255,0,0,0,0
1671457345415,0,88652,6,4.333,-3.474,0.000,1,4.886,2,4.099,3,6.021,4,5.998,255,0,0,0,0
1671457345472,57,88709,6,4.333,-3.474,0.000,1,4.886,2,4.099,3,6.021,4,5.998,255,0,0,0,0
1671457345521,49,88758,6,4.333,-3.474,0.000,1,4.886,2,4.099,3,6.021,4,5.998,255,0,0,0,0
1671457345581,60,88818,6,4.333,-3.474,0.000,1,4.894,2,4.099,3,6.021,4,5.998,255,0,0,0,0
1671457345614,33,88851,6,4.322,-3.483,0.000,1,4.894,2,4.099,3,6.024,4,5.998,255,0,0,0,0
1671457345640,26,88877,6,4.322,-3.483,0.000,1,4.894,2,4.099,3,6.024,4,5.998,255,0,0,0,0
1671457345640,0,88877,6,4.322,-3.483,0.000,1,4.894,2,4.099,3,6.024,4,5.998,255,0,0,0,0
1671457345657,17,88894,6,4.322,-3.483,0.000,1,4.894,2,4.099,3,6.024,4,5.998,255,0,0,0,0
1671457345735,78,88972,6,4.322,-3.483,0.000,1,4.894,2,4.099,3,6.024,4,5.998,255,0,0,0,0
1671457345765,30,89002,6,4.322,-3.483,0.000,1,4.886,2,4.105,3,6.018,4,5.998,255,0,0,0,0
1671457345840,75,89077,6,4.322,-3.483,0.000,1,4.886,2,4.105,3,6.018,4,5.998,255,0,0,0,0
1671457345903,63,89140,6,4.322,-3.483,0.000,1,4.891,2,4.099,3,6.018,4,5.998,255,0,0,0,0
1671457345903,0,89140,6,4.322,-3.483,0.000,1,4.891,2,4.099,3,6.018,4,5.998,255,0,0,0,0
1671457345931,28,89168,6,4.322,-3.483,0.000,1,4.891,2,4.099,3,6.018,4,5.998,255,0,0,0,0
1671457345961,30,89198,6,4.322,-3.483,0.000,1,4.891,2,4.099,3,6.018,4,5.998,255,0,0,0,0
1671457345977,16,89214,6,4.322,-3.483,0.000,1,4.894,2,4.105,3,6.018,4,5.998,255,0,0,0,0
1671457346040,63,89277,6,4.322,-3.483,0.000,1,4.894,2,4.105,3,6.018,4,5.998,255,0,0,0,0
1671457346079,39,89316,6,4.322,-3.483,0.000,1,4.894,2,4.105,3,6.014,4,5.998,255,0,0,0,0
1671457346079,0,89316,6,4.322,-3.483,0.000,1,4.894,2,4.105,3,6.014,4,5.998,255,0,0,0,0
1671457346119,40,89356,6,4.322,-3.483,0.000,1,4.894,2,4.105,3,6.014,4,5.998,255,0,0,0,0
1671457346146,27,89383,6,4.322,-3.483,0.000,1,4.894,2,4.105,3,6.014,4,5.998,255,0,0,0,0
1671457346177,31,89414,6,4.322,-3.483,0.000,1,4.894,2,4.108,3,6.014,4,5.998,255,0,0,0,0
1671457346240,63,89477,6,4.322,-3.483,0.000,1,4.894,2,4.108,3,6.021,4,5.998,255,0,0,0,0
1671457346269,29,89506,6,4.322,-3.483,0.000,1,4.894,2,4.108,3,6.021,4,5.998,255,0,0,0,0
1671457346269,0,89506,6,4.322,-3.483,0.000,1,4.894,2,4.108,3,6.021,4,5.998,255,0,0,0,0
1671457346295,26,89532,6,4.322,-3.483,0.000,1,4.883,2,4.108,3,6.021,4,5.998,255,0,0,0,0
1671457346316,21,89553,6,4.322,-3.483,0.000,1,4.883,2,4.097,3,6.024,4,5.998,255,0,0,0,0
1671457346347,31,89584,6,4.322,-3.483,0.000,1,4.883,2,4.097,3,6.024,4,5.998,255,0,0,0,0
1671457346405,58,89642,6,4.322,-3.483,0.000,1,4.883,2,4.097,3,6.024,4,5.998,255,0,0,0,0
1671457346456,51,89693,6,4.322,-3.483,0.000,1,4.883,2,4.097,3,6.021,4,5.998,255,0,0,0,0
1671457346456,0,89693,6,4.322,-3.483,0.000,1,4.883,2,4.097,3,6.021,4,5.998,255,0,0,0,0
1671457346487,31,89724,6,4.322,-3.483,0.000,1,4.883,2,4.097,3,6.021,4,5.998,255,0,0,0,0
1671457346515,28,89752,6,4.322,-3.483,0.000,1,4.883,2,4.097,3,6.021,4,5.998,255,0,0,0,0
1671457346533,18,89770,6,4.322,-3.483,0.000,1,4.883,2,4.097,3,6.021,4,5.998,255,0,0,0,0
1671457346610,77,89847,6,4.322,-3.483,0.000,1,4.883,2,4.097,3,6.021,4,5.998,255,0,0,0,0
1671457346673,63,89910,6,4.322,-3.483,0.000,1,4.891,2,4.102,3,6.021,4,5.998,255,0,0,0,0
1671457346673,0,89910,6,4.322,-3.483,0.000,1,4.891,2,4.102,3,6.021,4,5.998,255,0,0,0,0
1671457346719,46,89956,6,4.322,-3.483,0.000,1,4.883,2,4.108,3,6.021,4,5.998,255,0,0,0,0
1671457346749,30,89986,6,4.322,-3.483,0.000,1,4.883,2,4.108,3,6.021,4,5.998,255,0,0,0,0
1671457346802,53,90039,6,4.319,-3.478,0.000,1,4.883,2,4.108,3,6.021,4,5.998,255,0,0,0,0
1671457346901,99,90138,6,4.319,-3.478,0.000,1,4.883,2,4.108,3,6.021,4,5.998,255,0,0,0,0
1671457346931,30,90168,6,4.319,-3.478,0.000,1,4.883,2,4.108,3,6.021,4,5.998,255,0,0,0,0
1671457346931,0,90168,6,4.319,-3.478,0.000,1,4.883,2,4.108,3,6.021,4,5.998,255,0,0,0,0
1671457347127,196,90364,6,4.319,-3.478,0.000,1,4.891,2,4.127,3,6.018,4,5.998,255,0,0,0,0
1671457347188,61,90425,6,4.319,-3.478,0.000,1,4.891,2,4.127,3,6.018,4,5.998,255,0,0,0,0
1671457347248,60,90485,6,4.319,-3.478,0.000,1,4.894,2,4.108,3,6.011,4,5.998,255,0,0,0,0
1671457347248,0,90485,6,4.319,-3.478,0.000,1,4.894,2,4.108,3,6.011,4,5.998,255,0,0,0,0
1671457347279,31,90516,6,4.319,-3.478,0.000,1,4.894,2,4.108,3,6.011,4,5.998,255,0,0,0,0
1671457347339,60,90576,6,4.319,-3.478,0.000,1,4.883,2,4.110,3,6.021,4,5.998,255,0,0,0,0
1671457347370,31,90607,6,4.319,-3.478,0.000,1,4.883,2,4.110,3,6.021,4,5.998,255,0,0,0,0
1671457347400,30,90637,6,4.319,-3.478,0.000,1,4.883,2,4.110,3,6.021,4,5.998,255,0,0,0,0
1671457347436,36,90673,6,4.319,-3.478,0.000,1,4.894,2,4.105,3,6.021,4,5.998,255,0,0,0,0
1671457347436,0,90673,6,4.319,-3.478,0.000,1,4.894,2,4.105,3,6.021,4,5.998,255,0,0,0,0
1671457347461,25,90698,6,4.319,-3.478,0.000,1,4.894,2,4.105,3,6.021,4,5.998,255,0,0,0,0
1671457347527,66,90764,6,4.326,-3.487,0.000,1,4.894,2,4.105,3,6.021,4,5.998,255,0,0,0,0
1671457347597,70,90834,6,4.326,-3.487,0.000,1,4.894,2,4.105,3,6.011,4,5.998,255,0,0,0,0
1671457347628,31,90865,6,4.326,-3.487,0.000,1,4.894,2,4.102,3,6.009,4,5.998,255,0,0,0,0
1671457347716,88,90953,6,4.326,-3.487,0.000,1,4.894,2,4.102,3,6.009,4,5.998,255,0,0,0,0
1671457347716,0,90953,6,4.326,-3.487,0.000,1,4.894,2,4.102,3,6.009,4,5.998,255,0,0,0,0
1671457347763,47,91000,6,4.326,-3.487,0.000,1,4.894,2,4.102,3,6.003,4,5.998,255,0,0,0,0
1671457347794,31,91031,6,4.326,-3.487,0.000,1,4.894,2,4.102,3,6.003,4,5.998,255,0,0,0,0
1671457347831,37,91068,6,4.326,-3.487,0.000,1,4.897,2,4.102,3,6.011,4,5.998,255,0,0,0,0
1671457347857,26,91094,6,4.326,-3.487,0.000,1,4.897,2,4.102,3,6.011,4,5.998,255,0,0,0,0
1671457347916,59,91153,6,4.326,-3.487,0.000,1,4.897,2,4.102,3,6.011,4,5.998,255,0,0,0,0
1671457347916,0,91153,6,4.326,-3.487,0.000,1,4.897,2,4.102,3,6.011,4,5.998,255,0,0,0,0
1671457347992,76,91229,6,4.326,-3.487,0.000,1,4.897,2,4.102,3,6.011,4,5.998,255,0,0,0,0
1671457348023,31,91260,6,4.326,-3.487,0.000,1,4.886,2,4.108,3,6.009,4,5.998,255,0,0,0,0
1671457348046,23,91283,6,4.326,-3.487,0.000,1,4.894,2,4.102,3,6.009,4,5.998,255,0,0,0,0
1671457348090,44,91327,6,4.326,-3.487,0.000,1,4.894,2,4.102,3,6.003,4,5.992,255,0,0,0,0
1671457348115,25,91352,6,4.326,-3.487,0.000,1,4.894,2,4.102,3,6.003,4,5.992,255,0,0,0,0
1671457348119,4,91356,6,4.323,-3.481,0.000,1,4.894,2,4.102,3,6.003,4,5.992,255,0,0,0,0
1671457348145,26,91382,6,4.323,-3.481,0.000,1,4.894,2,4.102,3,6.003,4,5.992,255,0,0,0,0
1671457348313,168,91550,6,4.323,-3.481,0.000,1,4.894,2,4.102,3,6.003,4,5.992,255,0,0,0,0
1671457348344,31,91581,6,4.323,-3.481,0.000,1,4.894,2,4.102,3,6.003,4,5.992,255,0,0,0,0
1671457348390,46,91627,6,4.318,-3.465,0.000,1,4.894,2,4.102,3,6.003,4,5.992,255,0,0,0,0
1671457348419,29,91656,6,4.318,-3.465,0.000,1,4.894,2,4.102,3,6.009,4,5.992,255,0,0,0,0
1671457348419,0,91656,6,4.318,-3.465,0.000,1,4.894,2,4.102,3,6.009,4,5.992,255,0,0,0,0
1671457348465,46,91702,6,4.318,-3.465,0.000,1,4.886,2,4.102,3,6.003,4,5.995,255,0,0,0,0
1671457348485,20,91722,6,4.318,-3.465,0.000,1,4.886,2,4.102,3,6.003,4,5.995,255,0,0,0,0
1671457348495,10,91732,6,4.318,-3.465,0.000,1,4.886,2,4.102,3,6.003,4,5.995,255,0,0,0,0
1671457348530,35,91767,6,4.318,-3.465,0.000,1,4.886,2,4.102,3,6.003,4,5.995,255,0,0,0,0
1671457348587,57,91824,6,4.318,-3.465,0.000,1,4.886,2,4.102,3,6.003,4,5.995,255,0,0,0,0
1671457348587,0,91824,6,4.318,-3.465,0.000,1,4.886,2,4.102,3,6.003,4,5.995,255,0,0,0,0
1671457348634,47,91871,6,4.318,-3.465,0.000,1,4.886,2,4.105,3,6.009,4,5.995,255,0,0,0,0
1671457348664,30,91901,6,4.318,-3.465,0.000,1,4.886,2,4.105,3,6.009,4,5.995,255,0,0,0,0
1671457348709,45,91946,6,4.318,-3.465,0.000,1,4.894,2,4.105,3,6.009,4,5.998,255,0,0,0,0
1671457348744,35,91981,6,4.318,-3.465,0.000,1,4.894,2,4.105,3,6.009,4,5.998,255,0,0,0,0
1671457348801,57,92038,6,4.318,-3.465,0.000,1,4.894,2,4.105,3,6.009,4,5.998,255,0,0,0,0
1671457348801,0,92038,6,4.318,-3.465,0.000,1,4.894,2,4.105,3,6.009,4,5.998,255,0,0,0,0
1671457348892,91,92129,6,4.318,-3.465,0.000,1,4.886,2,4.105,3,6.011,4,5.998,255,0,0,0,0
1671457348922,30,92159,6,4.318,-3.465,0.000,1,4.886,2,4.105,3,6.011,4,5.998,255,0,0,0,0
1671457348941,19,92178,6,4.319,-3.473,0.000,1,4.894,2,4.108,3,6.011,4,5.998,255,0,0,0,0
1671457348998,57,92235,6,4.319,-3.473,0.000,1,4.894,2,4.108,3,6.011,4,5.998,255,0,0,0,0
1671457349030,32,92267,6,4.319,-3.473,0.000,1,4.894,2,4.108,3,6.011,4,5.998,255,0,0,0,0
1671457349030,0,92267,6,4.319,-3.473,0.000,1,4.894,2,4.108,3,6.011,4,5.998,255,0,0,0,0
1671457349090,60,92327,6,4.319,-3.473,0.000,1,4.891,2,4.113,3,6.009,4,5.998,255,0,0,0,0
1671457349120,30,92357,6,4.319,-3.473,0.000,1,4.891,2,4.113,3,6.009,4,5.998,255,0,0,0,0
1671457349141,21,92378,6,4.319,-3.473,0.000,1,4.891,2,4.113,3,6.009,4,5.998,255,0,0,0,0
1671457349185,44,92422,6,4.319,-3.473,0.000,1,4.897,2,4.116,3,6.009,4,5.998,255,0,0,0,0
1671457349213,28,92450,6,4.319,-3.473,0.000,1,4.897,2,4.116,3,6.011,4,5.998,255,0,0,0,0
1671457349213,0,92450,6,4.319,-3.473,0.000,1,4.897,2,4.116,3,6.011,4,5.998,255,0,0,0,0
1671457349243,30,92480,6,4.319,-3.473,0.000,1,4.897,2,4.116,3,6.011,4,5.998,255,0,0,0,0
1671457349258,15,92495,6,4.319,-3.473,0.000,1,4.897,2,4.116,3,6.011,4,5.998,255,0,0,0,0
1671457349335,77,92572,6,4.319,-3.473,0.000,1,4.897,2,4.116,3,6.011,4,5.998,255,0,0,0,0
1671457349360,25,92597,6,4.319,-3.473,0.000,1,4.891,2,4.119,3,6.009,4,5.995,255,0,0,0,0
1671457349366,6,92603,6,4.319,-3.473,0.000,1,4.891,2,4.119,3,6.009,4,5.995,255,0,0,0,0
1671457349366,0,92603,6,4.319,-3.473,0.000,1,4.891,2,4.119,3,6.009,4,5.995,255,0,0,0,0
1671457349428,62,92665,6,4.319,-3.473,0.000,1,4.891,2,4.119,3,6.009,4,5.995,255,0,0,0,0
1671457349470,42,92707,6,4.319,-3.473,0.000,1,4.897,2,4.124,3,6.011,4,5.998,255,0,0,0,0
1671457349510,40,92747,6,4.319,-3.473,0.000,1,4.897,2,4.124,3,6.011,4,5.998,255,0,0,0,0
1671457349534,24,92771,6,4.319,-3.473,0.000,1,4.897,2,4.124,3,6.011,4,5.998,255,0,0,0,0
1671457349565,31,92802,6,4.319,-3.473,0.000,1,4.891,2,4.116,3,6.018,4,5.995,255,0,0,0,0
1671457349565,0,92802,6,4.319,-3.473,0.000,1,4.891,2,4.116,3,6.018,4,5.995,255,0,0,0,0
1671457349595,30,92832,6,4.319,-3.473,0.000,1,4.891,2,4.116,3,6.018,4,5.995,255,0,0,0,0
1671457349641,46,92878,6,4.319,-3.473,0.000,1,4.891,2,4.116,3,6.018,4,5.995,255,0,0,0,0
1671457349716,75,92953,6,4.319,-3.473,0.000,1,4.891,2,4.116,3,6.018,4,5.995,255,0,0,0,0
1671457349778,62,93015,6,4.319,-3.473,0.000,1,4.891,2,4.113,3,6.014,4,5.995,255,0,0,0,0
1671457349809,31,93046,6,4.319,-3.473,0.000,1,4.894,2,4.110,3,5.992,4,5.995,255,0,0,0,0
1671457349809,0,93046,6,4.319,-3.473,0.000,1,4.894,2,4.110,3,5.992,4,5.995,255,0,0,0,0
1671457349843,34,93080,6,4.319,-3.473,0.000,1,4.894,2,4.110,3,5.992,4,5.998,255,0,0,0,0
1671457349902,59,93139,6,4.319,-3.473,0.000,1,4.894,2,4.110,3,5.992,4,5.998,255,0,0,0,0
1671457349963,61,93200,6,4.319,-3.473,0.000,1,4.894,2,4.110,3,5.992,4,5.998,255,0,0,0,0
1671457349994,31,93231,6,4.319,-3.473,0.000,1,4.894,2,4.102,3,6.024,4,5.995,255,0,0,0,0
1671457350017,23,93254,6,4.319,-3.473,0.000,1,4.894,2,4.102,3,6.024,4,5.995,255,0,0,0,0
1671457350017,0,93254,6,4.319,-3.473,0.000,1,4.894,2,4.102,3,6.024,4,5.995,255,0,0,0,0
1671457350024,7,93261,6,4.319,-3.473,0.000,1,4.894,2,4.099,3,6.024,4,5.995,255,0,0,0,0
1671457350085,61,93322,6,4.319,-3.473,0.000,1,4.894,2,4.099,3,6.024,4,5.995,255,0,0,0,0
1671457350115,30,93352,6,4.319,-3.474,0.000,1,4.894,2,4.099,3,6.000,4,5.998,255,0,0,0,0
1671457350165,50,93402,6,4.319,-3.474,0.000,1,4.894,2,4.099,3,6.000,4,5.998,255,0,0,0,0
1671457350193,28,93430,6,4.319,-3.474,0.000,1,4.891,2,4.097,3,5.942,4,6.006,255,0,0,0,0
1671457350193,0,93430,6,4.319,-3.474,0.000,1,4.891,2,4.097,3,5.942,4,6.006,255,0,0,0,0
1671457350223,30,93460,6,4.319,-3.474,0.000,1,4.891,2,4.097,3,5.942,4,6.006,255,0,0,0,0
1671457350276,53,93513,6,4.319,-3.474,0.000,1,4.891,2,4.097,3,5.942,4,6.006,255,0,0,0,0
1671457350300,24,93537,6,4.319,-3.474,0.000,1,4.891,2,4.097,3,5.942,4,6.006,255,0,0,0,0
1671457350344,44,93581,6,4.319,-3.474,0.000,1,4.891,2,4.091,3,5.923,4,5.995,255,0,0,0,0
1671457350362,18,93599,6,4.319,-3.474,0.000,1,4.891,2,4.091,3,5.923,4,5.995,255,0,0,0,0
1671457350363,1,93600,6,4.319,-3.474,0.000,1,4.891,2,4.091,3,5.923,4,5.995,255,0,0,0,0
1671457350422,59,93659,1,9.390,-3.685,2.220,255,0,0,0,0
1671457350422,0,93659,2,0.003,-3.685,2.220,255,0,0,0,0
1671457350422,0,93659,3,0.003,0.000,2.220,255,0,0,0,0
1671457350422,0,93659,4,9.390,0.000,2.220,255,0,0,0,0
1671457350422,0,93659,6,4.319,-3.474,0.000,1,4.891,2,4.091,3,5.923,4,5.995,255,0,0,0,0
1671457350467,45,93704,6,4.319,-3.474,0.000,1,4.897,2,4.088,3,5.904,4,5.995,255,0,0,0,0
1671457350498,31,93735,6,4.319,-3.474,0.000,1,4.897,2,4.088,3,5.904,4,5.995,255,0,0,0,0
1671457350558,60,93795,6,4.320,-3.475,0.000,1,4.897,2,4.088,3,5.904,4,5.995,255,0,0,0,0
1671457350619,61,93856,6,4.323,-3.478,0.000,1,4.891,2,4.094,3,5.912,4,5.995,255,0,0,0,0
1671457350619,0,93856,6,4.323,-3.478,0.000,1,4.891,2,4.094,3,5.912,4,5.995,255,0,0,0,0
1671457350648,29,93885,6,4.323,-3.478,0.000,1,4.891,2,4.094,3,5.912,4,5.995,255,0,0,0,0
1671457350677,29,93914,6,4.311,-3.466,0.000,1,4.894,2,4.094,3,5.912,4,5.995,255,0,0,0,0
1671457350694,17,93931,6,4.311,-3.466,0.000,1,4.894,2,4.094,3,5.915,4,5.998,255,0,0,0,0
1671457350724,30,93961,6,4.311,-3.466,0.000,1,4.894,2,4.094,3,5.915,4,5.998,255,0,0,0,0
1671457350779,55,94016,6,4.311,-3.466,0.000,1,4.894,2,4.094,3,5.915,4,5.998,255,0,0,0,0
1671457350779,0,94016,6,4.311,-3.466,0.000,1,4.894,2,4.094,3,5.915,4,5.998,255,0,0,0,0
1671457350823,44,94060,6,4.311,-3.466,0.000,1,4.894,2,4.088,3,5.904,4,5.995,255,0,0,0,0
1671457350876,53,94113,6,4.311,-3.466,0.000,1,4.894,2,4.088,3,5.904,4,5.995,255,0,0,0,0
1671457350908,32,94145,6,4.313,-3.471,0.000,1,4.894,2,4.088,3,5.904,4,5.995,255,0,0,0,0
1671457350937,29,94174,6,4.313,-3.471,0.000,1,4.894,2,4.088,3,5.904,4,5.995,255,0,0,0,0
1671457350998,61,94235,6,4.313,-3.471,0.000,1,4.891,2,4.110,3,5.920,4,5.998,255,0,0,0,0
1671457350998,0,94235,6,4.313,-3.471,0.000,1,4.891,2,4.110,3,5.920,4,5.998,255,0,0,0,0
1671457351045,47,94282,6,4.310,-3.467,0.000,1,4.891,2,4.110,3,5.920,4,5.998,255,0,0,0,0
1671457351089,44,94326,6,4.310,-3.467,0.000,1,4.894,2,4.113,3,5.909,4,5.998,255,0,0,0,0
1671457351110,21,94347,6,4.310,-3.467,0.000,1,4.894,2,4.113,3,5.909,4,5.998,255,0,0,0,0
1671457351120,10,94357,6,4.318,-3.474,0.000,1,4.894,2,4.113,3,5.909,4,5.998,255,0,0,0,0
1671457351179,59,94416,6,4.318,-3.474,0.000,1,4.894,2,4.113,3,5.909,4,5.998,255,0,0,0,0
1671457351179,0,94416,6,4.318,-3.474,0.000,1,4.894,2,4.113,3,5.909,4,5.998,255,0,0,0,0
1671457351218,39,94455,6,4.318,-3.474,0.000,1,4.891,2,4.110,3,5.915,4,5.998,255,0,0,0,0
1671457351261,43,94498,6,4.318,-3.474,0.000,1,4.891,2,4.110,3,5.915,4,5.998,255,0,0,0,0
1671457351285,24,94522,6,4.318,-3.474,0.000,1,4.891,2,4.110,3,5.915,4,5.998,255,0,0,0,0
1671457351316,31,94553,6,4.318,-3.474,0.000,1,4.891,2,4.110,3,5.920,4,5.998,255,0,0,0,0
1671457351377,61,94614,6,4.318,-3.474,0.000,1,4.891,2,4.110,3,5.920,4,5.998,255,0,0,0,0
1671457351377,0,94614,6,4.318,-3.474,0.000,1,4.891,2,4.110,3,5.920,4,5.998,255,0,0,0,0
1671457351407,30,94644,6,4.318,-3.474,0.000,1,4.891,2,4.110,3,5.920,4,5.998,255,0,0,0,0
1671457351468,61,94705,6,4.318,-3.474,0.000,1,4.897,2,4.105,3,5.934,4,5.998,255,0,0,0,0
1671457351498,30,94735,6,4.318,-3.474,0.000,1,4.897,2,4.105,3,5.934,4,5.998,255,0,0,0,0
1671457351560,62,94797,6,4.318,-3.474,0.000,1,4.897,2,4.105,3,5.934,4,5.998,255,0,0,0,0
1671457351591,31,94828,6,4.318,-3.474,0.000,1,4.894,2,4.099,3,5.934,4,5.995,255,0,0,0,0
1671457351591,0,94828,6,4.318,-3.474,0.000,1,4.894,2,4.099,3,5.934,4,5.995,255,0,0,0,0
1671457351651,60,94888,6,4.318,-3.474,0.000,1,4.894,2,4.099,3,5.934,4,5.995,255,0,0,0,0
1671457351729,78,94966,6,4.317,-3.471,0.000,1,4.894,2,4.099,3,5.934,4,5.995,255,0,0,0,0
1671457351757,28,94994,6,4.317,-3.471,0.000,1,4.894,2,4.094,3,5.934,4,5.998,255,0,0,0,0
1671457351772,15,95009,6,4.317,-3.471,0.000,1,4.894,2,4.094,3,5.934,4,5.998,255,0,0,0,0
1671457351810,38,95047,6,4.317,-3.471,0.000,1,4.894,2,4.094,3,5.934,4,5.998,255,0,0,0,0
1671457351811,1,95048,6,4.316,-3.472,0.000,1,4.894,2,4.094,3,5.934,4,5.998,255,0,0,0,0
1671457351893,82,95130,6,4.316,-3.472,0.000,1,4.894,2,4.094,3,5.934,4,5.998,255,0,0,0,0
1671457351924,31,95161,6,4.314,-3.474,0.000,1,4.894,2,4.094,3,5.934,4,5.998,255,0,0,0,0
1671457352000,76,95237,6,4.314,-3.474,0.000,1,4.891,2,4.094,3,5.948,4,5.998,255,0,0,0,0
1671457352046,46,95283,6,4.314,-3.474,0.000,1,4.891,2,4.094,3,5.948,4,5.998,255,0,0,0,0
1671457352107,61,95344,6,4.314,-3.474,0.000,1,4.891,2,4.094,3,5.948,4,5.998,255,0,0,0,0
1671457352107,0,95344,6,4.314,-3.474,0.000,1,4.891,2,4.094,3,5.948,4,5.998,255,0,0,0,0
1671457352168,61,95405,6,4.314,-3.474,0.000,1,4.891,2,4.094,3,5.948,4,5.998,255,0,0,0,0
1671457352216,48,95453,6,4.315,-3.477,0.000,1,4.894,2,4.094,3,5.945,4,5.998,255,0,0,0,0
1671457352248,32,95485,6,4.315,-3.477,0.000,1,4.894,2,4.094,3,5.945,4,5.998,255,0,0,0,0
1671457352307,59,95544,6,4.315,-3.477,0.000,1,4.894,2,4.094,3,5.945,4,5.998,255,0,0,0,0
1671457352369,62,95606,6,4.315,-3.477,0.000,1,4.891,2,4.091,3,5.940,4,5.998,255,0,0,0,0
1671457352369,0,95606,6,4.315,-3.477,0.000,1,4.891,2,4.091,3,5.940,4,5.998,255,0,0,0,0
1671457352400,31,95637,6,4.315,-3.477,0.000,1,4.891,2,4.091,3,5.940,4,5.998,255,0,0,0,0
1671457352422,22,95659,6,4.315,-3.477,0.000,1,4.891,2,4.091,3,5.940,4,5.998,255,0,0,0,0
1671457352467,45,95704,6,4.315,-3.477,0.000,1,4.891,2,4.083,3,5.940,4,5.998,255,0,0,0,0
1671457352493,26,95730,6,4.629,-3.478,0.000,1,4.891,2,4.083,3,5.940,4,5.998,255,0,0,0,0
1671457352522,29,95759,6,4.629,-3.478,0.000,1,4.891,2,4.083,3,5.940,4,5.998,255,0,0,0,0
1671457352522,0,95759,6,4.629,-3.478,0.000,1,4.891,2,4.083,3,5.940,4,5.998,255,0,0,0,0
1671457352537,15,95774,6,4.629,-3.478,0.000,1,4.891,2,4.083,3,5.940,4,5.998,255,0,0,0,0
1671457352598,61,95835,6,4.629,-3.478,0.000,1,4.891,2,4.083,3,5.940,4,5.998,255,0,0,0,0
1671457352630,32,95867,6,4.347,-3.478,0.000,1,4.889,2,4.080,3,5.942,4,5.998,255,0,0,0,0
1671457352660,30,95897,6,4.347,-3.478,0.000,1,4.889,2,4.080,3,5.942,4,5.998,255,0,0,0,0
1671457352720,60,95957,6,4.347,-3.478,0.000,1,4.889,2,4.080,3,5.942,4,5.998,255,0,0,0,0
1671457352720,0,95957,6,4.347,-3.478,0.000,1,4.889,2,4.080,3,5.942,4,5.998,255,0,0,0,0
1671457352766,46,96003,6,4.347,-3.478,0.000,1,4.891,2,4.077,3,5.948,4,5.998,255,0,0,0,0
1671457352843,77,96080,6,4.347,-3.478,0.000,1,4.891,2,4.077,3,5.948,4,5.998,255,0,0,0,0
1671457352903,60,96140,6,4.347,-3.478,0.000,1,4.894,2,4.097,3,5.948,4,5.992,255,0,0,0,0
1671457352934,31,96171,6,4.347,-3.478,0.000,1,4.894,2,4.097,3,5.948,4,5.992,255,0,0,0,0
1671457352965,31,96202,6,4.347,-3.478,0.000,1,4.894,2,4.097,3,5.948,4,5.992,255,0,0,0,0
1671457352967,2,96204,6,4.323,-3.471,0.000,1,4.894,2,4.097,3,5.948,4,5.992,255,0,0,0,0
1671457352980,13,96217,6,4.323,-3.471,0.000,1,4.894,2,4.097,3,5.948,4,5.992,255,0,0,0,0
1671457353043,63,96280,6,4.315,-3.463,0.000,1,4.894,2,4.102,3,5.942,4,5.998,255,0,0,0,0
1671457353088,45,96325,6,4.315,-3.463,0.000,1,4.894,2,4.097,3,5.940,4,5.998,255,0,0,0,0
1671457353120,32,96357,6,4.315,-3.463,0.000,1,4.894,2,4.097,3,5.940,4,5.998,255,0,0,0,0
1671457353181,61,96418,6,4.315,-3.463,0.000,1,4.894,2,4.097,3,5.940,4,5.998,255,0,0,0,0
1671457353181,0,96418,6,4.315,-3.467,0.000,1,4.894,2,4.097,3,5.940,4,5.998,255,0,0,0,0
1671457353244,63,96481,6,4.315,-3.467,0.000,1,4.897,2,4.099,3,5.945,4,5.998,255,0,0,0,0
1671457353275,31,96512,6,4.315,-3.467,0.000,1,4.897,2,4.099,3,5.945,4,5.998,255,0,0,0,0
1671457353300,25,96537,6,4.315,-3.471,0.000,1,4.897,2,4.099,3,5.945,4,5.998,255,0,0,0,0
1671457353305,5,96542,6,4.315,-3.471,0.000,1,4.897,2,4.097,3,5.945,4,5.998,255,0,0,0,0
1671457353367,62,96604,6,4.315,-3.471,0.000,1,4.897,2,4.097,3,5.945,4,5.998,255,0,0,0,0
1671457353368,1,96605,6,4.315,-3.471,0.000,1,4.897,2,4.097,3,5.945,4,5.998,255,0,0,0,0
1671457353398,30,96635,6,4.315,-3.471,0.000,1,4.897,2,4.097,3,5.945,4,5.998,255,0,0,0,0
1671457353474,76,96711,6,4.315,-3.471,0.000,1,4.897,2,4.097,3,5.945,4,5.998,255,0,0,0,0
1671457353504,30,96741,6,4.315,-3.471,0.000,1,4.894,2,4.091,3,5.951,4,5.998,255,0,0,0,0
1671457353558,54,96795,6,4.315,-3.471,0.000,1,4.894,2,4.091,3,5.951,4,5.998,255,0,0,0,0
1671457353594,36,96831,6,4.315,-3.471,0.000,1,4.891,2,4.091,3,5.953,4,5.998,255,0,0,0,0
1671457353594,0,96831,6,4.315,-3.471,0.000,1,4.891,2,4.091,3,5.953,4,5.998,255,0,0,0,0
1671457353640,46,96877,6,4.315,-3.471,0.000,1,4.891,2,4.091,3,5.953,4,5.998,255,0,0,0,0
1671457353670,30,96907,6,4.315,-3.471,0.000,1,4.891,2,4.091,3,5.953,4,5.998,255,0,0,0,0
1671457353747,77,96984,6,4.315,-3.471,0.000,1,4.891,2,4.091,3,5.956,4,5.998,255,0,0,0,0
1671457353777,30,97014,6,4.315,-3.471,0.000,1,4.891,2,4.091,3,5.956,4,5.998,255,0,0,0,0
1671457353859,82,97096,6,4.315,-3.471,0.000,1,4.891,2,4.091,3,5.956,4,5.998,255,0,0,0,0
1671457353862,3,97099,6,4.314,-3.476,0.000,1,4.891,2,4.091,3,5.956,4,5.998,255,0,0,0,0
1671457353898,36,97135,6,4.314,-3.476,0.000,1,4.847,2,4.083,3,5.959,4,5.998,255,0,0,0,0
1671457353974,76,97211,6,4.314,-3.476,0.000,1,4.847,2,4.083,3,5.959,4,5.998,255,0,0,0,0
1671457354005,31,97242,6,4.314,-3.476,0.000,1,4.891,2,4.080,3,5.973,4,5.998,255,0,0,0,0
1671457354034,29,97271,6,4.314,-3.476,0.000,1,4.891,2,4.080,3,5.973,4,5.998,255,0,0,0,0
1671457354106,72,97343,6,4.314,-3.476,0.000,1,4.891,2,4.080,3,5.973,4,5.998,255,0,0,0,0
1671457354106,0,97343,6,4.314,-3.476,0.000,1,4.891,2,4.080,3,5.973,4,5.998,255,0,0,0,0
1671457354126,20,97363,6,4.314,-3.476,0.000,1,4.891,2,4.085,3,5.973,4,5.995,255,0,0,0,0
1671457354156,30,97393,6,4.314,-3.476,0.000,1,4.891,2,4.085,3,5.973,4,5.995,255,0,0,0,0
1671457354188,32,97425,6,4.314,-3.476,0.000,1,4.894,2,4.074,3,5.973,4,5.995,255,0,0,0,0
1671457354234,46,97471,6,4.314,-3.476,0.000,1,4.894,2,4.074,3,5.959,4,5.998,255,0,0,0,0
1671457354295,61,97532,6,4.314,-3.476,0.000,1,4.894,2,4.074,3,5.959,4,5.998,255,0,0,0,0
1671457354295,0,97532,6,4.314,-3.476,0.000,1,4.894,2,4.074,3,5.959,4,5.998,255,0,0,0,0
1671457354371,76,97608,6,4.314,-3.476,0.000,1,4.891,2,4.077,3,5.951,4,5.998,255,0,0,0,0
1671457354403,32,97640,6,4.314,-3.476,0.000,1,4.891,2,4.077,3,5.951,4,5.998,255,0,0,0,0
1671457354438,35,97675,6,4.314,-3.476,0.000,1,4.891,2,4.077,3,5.951,4,5.998,255,0,0,0,0
1671457354496,58,97733,6,4.314,-3.476,0.000,1,4.891,2,4.077,3,5.951,4,5.998,255,0,0,0,0
1671457354543,47,97780,6,4.314,-3.476,0.000,1,4.891,2,4.077,3,5.962,4,5.998,255,0,0,0,0
1671457354547,4,97784,6,4.309,-3.478,0.000,1,4.891,2,4.077,3,5.962,4,5.998,255,0,0,0,0
1671457354573,26,97810,6,4.309,-3.478,0.000,1,4.891,2,4.083,3,5.973,4,5.998,255,0,0,0,0
1671457354604,31,97841,6,4.309,-3.478,0.000,1,4.891,2,4.083,3,5.973,4,5.998,255,0,0,0,0
1671457354653,49,97890,6,4.309,-3.478,0.000,1,4.891,2,4.083,3,5.973,4,5.998,255,0,0,0,0
1671457354682,29,97919,6,4.309,-3.478,0.000,1,4.891,2,4.083,3,5.973,4,5.998,255,0,0,0,0
1671457354719,37,97956,6,4.309,-3.478,0.000,1,4.897,2,4.083,3,5.973,4,5.998,255,0,0,0,0
1671457354719,0,97956,6,4.309,-3.478,0.000,1,4.897,2,4.083,3,5.973,4,5.998,255,0,0,0,0
1671457354728,9,97965,6,4.309,-3.478,0.000,1,4.897,2,4.083,3,5.973,4,5.998,255,0,0,0,0
1671457354788,60,98025,6,4.309,-3.478,0.000,1,4.897,2,4.083,3,5.973,4,5.998,255,0,0,0,0
1671457354820,32,98057,6,4.309,-3.478,0.000,1,4.894,2,4.085,3,5.970,4,5.998,255,0,0,0,0
1671457354881,61,98118,6,4.309,-3.478,0.000,1,4.894,2,4.085,3,5.970,4,5.998,255,0,0,0,0
1671457354910,29,98147,6,4.309,-3.478,0.000,1,4.894,2,4.085,3,5.970,4,5.998,255,0,0,0,0
1671457354910,0,98147,6,4.309,-3.478,0.000,1,4.894,2,4.085,3,5.970,4,5.998,255,0,0,0,0
1671457354979,69,98216,6,4.309,-3.478,0.000,1,4.894,2,4.085,3,5.970,4,5.998,255,0,0,0,0
1671457355002,23,98239,6,4.309,-3.478,0.000,1,4.894,2,4.080,3,5.973,4,5.998,255,0,0,0,0
1671457355037,35,98274,6,4.309,-3.474,0.000,1,4.894,2,4.080,3,5.973,4,5.998,255,0,0,0,0
1671457355064,27,98301,6,4.309,-3.474,0.000,1,4.894,2,4.080,3,5.973,4,5.998,255,0,0,0,0
1671457355110,46,98347,6,4.309,-3.474,0.000,1,4.894,2,4.080,3,5.973,4,5.998,255,0,0,0,0
1671457355110,0,98347,6,4.309,-3.474,0.000,1,4.894,2,4.080,3,5.973,4,5.998,255,0,0,0,0
1671457355173,63,98410,6,4.250,-3.474,0.000,1,4.894,2,4.080,3,5.973,4,5.998,255,0,0,0,0
1671457355248,75,98485,6,4.250,-3.474,0.000,1,4.897,2,4.080,3,5.976,4,5.998,255,0,0,0,0
1671457355280,32,98517,6,4.250,-3.474,0.000,1,4.897,2,4.080,3,5.976,4,5.998,255,0,0,0,0
1671457355311,31,98548,6,4.645,-3.474,0.000,1,4.894,2,4.080,3,5.976,4,5.998,255,0,0,0,0
1671457355372,61,98609,6,4.645,-3.474,0.000,1,4.894,2,4.080,3,5.976,4,5.998,255,0,0,0,0
1671457355372,0,98609,6,4.645,-3.474,0.000,1,4.894,2,4.080,3,5.976,4,5.998,255,0,0,0,0
1671457355420,48,98657,6,4.688,-3.471,0.000,1,4.894,2,4.083,3,5.978,4,5.998,255,0,0,0,0
1671457355451,31,98688,6,4.688,-3.471,0.000,1,4.897,2,4.083,3,5.984,4,5.998,255,0,0,0,0
1671457355481,30,98718,6,4.688,-3.471,0.000,1,4.897,2,4.083,3,5.984,4,5.998,255,0,0,0,0
1671457355496,15,98733,6,4.688,-3.471,0.000,1,4.897,2,4.083,3,5.984,4,5.998,255,0,0,0,0
1671457355559,63,98796,6,4.688,-3.471,0.000,1,4.897,2,4.083,3,5.984,4,5.998,255,0,0,0,0
1671457355559,0,98796,6,4.688,-3.471,0.000,1,4.897,2,4.083,3,5.984,4,5.998,255,0,0,0,0
1671457355595,36,98832,6,4.688,-3.471,0.000,1,4.891,2,4.083,3,5.984,4,5.998,255,0,0,0,0
1671457355635,40,98872,6,4.688,-3.471,0.000,1,4.891,2,4.083,3,5.984,4,5.998,255,0,0,0,0
1671457355666,31,98903,6,4.688,-3.471,0.000,1,4.891,2,4.083,3,5.984,4,5.998,255,0,0,0,0
1671457355697,31,98934,6,4.688,-3.471,0.000,1,4.897,2,4.080,3,5.984,4,5.998,255,0,0,0,0
1671457355744,47,98981,6,4.688,-3.471,0.000,1,4.897,2,4.080,3,5.984,4,5.998,255,0,0,0,0
1671457355744,0,98981,6,4.688,-3.471,0.000,1,4.897,2,4.080,3,5.984,4,5.998,255,0,0,0,0
1671457355776,32,99013,6,4.688,-3.474,0.000,1,4.897,2,4.080,3,5.984,4,5.998,255,0,0,0,0
1671457355804,28,99041,6,4.688,-3.474,0.000,1,4.897,2,4.080,3,5.984,4,5.998,255,0,0,0,0
1671457355858,54,99095,6,4.688,-3.474,0.000,1,4.894,2,4.083,3,5.976,4,5.998,255,0,0,0,0
1671457355911,53,99148,6,4.688,-3.471,0.000,1,4.894,2,4.083,3,5.976,4,5.998,255,0,0,0,0
1671457355969,58,99206,6,4.688,-3.471,0.000,1,4.894,2,4.083,3,5.976,4,5.998,255,0,0,0,0
1671457355969,0,99206,6,4.688,-3.471,0.000,1,4.894,2,4.083,3,5.976,4,5.998,255,0,0,0,0
1671457355988,19,99225,6,4.688,-3.471,0.000,1,4.894,2,4.085,3,5.973,4,5.995,255,0,0,0,0
1671457356019,31,99256,6,4.688,-3.471,0.000,1,4.894,2,4.085,3,5.973,4,5.995,255,0,0,0,0
1671457356075,56,99312,6,4.688,-3.471,0.000,1,4.894,2,4.085,3,5.973,4,5.995,255,0,0,0,0
1671457356095,20,99332,6,4.688,-3.471,0.000,1,4.872,2,4.097,3,5.959,4,6.009,255,0,0,0,0
1671457356126,31,99363,6,4.688,-3.471,0.000,1,4.872,2,4.097,3,5.959,4,6.009,255,0,0,0,0
1671457356126,0,99363,6,4.688,-3.471,0.000,1,4.872,2,4.097,3,5.959,4,6.009,255,0,0,0,0
1671457356157,31,99394,6,4.688,-3.471,0.000,1,4.872,2,4.097,3,5.959,4,6.009,255,0,0,0,0
1671457356187,30,99424,6,4.688,-3.471,0.000,1,4.872,2,4.097,3,5.959,4,6.009,255,0,0,0,0
1671457356248,61,99485,6,4.688,-3.471,0.000,1,4.872,2,4.097,3,5.959,4,6.009,255,0,0,0,0
1671457356297,49,99534,6,4.362,-3.515,0.000,1,4.897,2,4.083,3,5.970,4,5.998,255,0,0,0,0
1671457356324,27,99561,6,4.362,-3.515,0.000,1,4.864,2,4.105,3,6.006,4,5.992,255,0,0,0,0
1671457356324,0,99561,6,4.362,-3.515,0.000,1,4.864,2,4.105,3,6.006,4,5.992,255,0,0,0,0
1671457356354,30,99591,6,4.362,-3.515,0.000,1,4.864,2,4.105,3,6.006,4,5.992,255,0,0,0,0
1671457356369,15,99606,6,4.362,-3.515,0.000,1,4.864,2,4.105,3,6.006,4,5.992,255,0,0,0,0
1671457356430,61,99667,6,4.362,-3.515,0.000,1,4.864,2,4.105,3,6.006,4,5.992,255,0,0,0,0
1671457356469,39,99706,6,4.362,-3.515,0.000,1,4.894,2,4.074,3,6.003,4,5.995,255,0,0,0,0
1671457356510,41,99747,6,4.362,-3.515,0.000,1,4.894,2,4.074,3,6.003,4,5.995,255,0,0,0,0
1671457356510,0,99747,6,4.362,-3.515,0.000,1,4.894,2,4.074,3,6.003,4,5.995,255,0,0,0,0
1671457356537,27,99774,6,4.362,-3.515,0.000,1,4.894,2,4.074,3,6.003,4,5.995,255,0,0,0,0
1671457356567,30,99804,6,4.362,-3.515,0.000,1,4.867,2,4.085,3,6.009,4,5.995,255,0,0,0,0
1671457356598,31,99835,6,4.362,-3.515,0.000,1,4.867,2,4.085,3,6.009,4,5.995,255,0,0,0,0
1671457356662,64,99899,6,4.674,-3.472,0.000,1,4.867,2,4.085,3,6.009,4,5.995,255,0,0,0,0
1671457356689,27,99926,6,4.674,-3.472,0.000,1,4.894,2,4.080,3,6.009,4,5.995,255,0,0,0,0
1671457356689,0,99926,6,4.674,-3.472,0.000,1,4.894,2,4.080,3,6.009,4,5.995,255,0,0,0,0
1671457356750,61,99987,6,4.674,-3.472,0.000,1,4.894,2,4.080,3,6.057,4,5.998,255,0,0,0,0
1671457356796,46,100033,6,4.674,-3.472,0.000,1,4.894,2,4.080,3,6.057,4,5.998,255,0,0,0,0
1671457356843,47,100080,6,4.674,-3.472,0.000,1,4.891,2,4.080,3,5.500,4,5.998,255,0,0,0,0
1671457356903,60,100140,6,4.674,-3.472,0.000,1,4.891,2,4.080,3,5.500,4,5.998,255,0,0,0,0
1671457356919,16,100156,6,4.674,-3.472,0.000,1,4.891,2,4.080,3,5.500,4,5.998,255,0,0,0,0
1671457356920,1,100157,6,4.600,-3.475,0.000,1,4.891,2,4.080,3,5.500,4,5.998,255,0,0,0,0
1671457356965,45,100202,6,4.600,-3.475,0.000,1,4.891,2,4.080,3,5.500,4,5.998,255,0,0,0,0
1671457357017,52,100254,6,4.600,-3.475,0.000,1,4.894,2,4.077,3,5.500,4,5.998,255,0,0,0,0
1671457357028,11,100265,6,4.435,-3.476,0.000,1,4.894,2,4.077,3,5.500,4,5.998,255,0,0,0,0
1671457357104,76,100341,6,4.435,-3.476,0.000,1,4.894,2,4.077,3,5.500,4,5.998,255,0,0,0,0
1671457357125,21,100362,6,4.435,-3.476,0.000,1,4.886,2,4.094,3,5.500,4,5.998,255,0,0,0,0
1671457357125,0,100362,6,4.435,-3.476,0.000,1,4.886,2,4.094,3,5.500,4,5.998,255,0,0,0,0
1671457357169,44,100406,6,4.395,-3.474,0.000,1,4.886,2,4.094,3,5.500,4,5.998,255,0,0,0,0
1671457357196,27,100433,6,4.395,-3.474,0.000,1,4.894,2,4.102,3,5.503,4,5.998,255,0,0,0,0
1671457357227,31,100464,6,4.395,-3.474,0.000,1,4.894,2,4.102,3,5.503,4,5.998,255,0,0,0,0
1671457357243,16,100480,6,4.341,-3.482,0.000,1,4.894,2,4.102,3,5.503,4,5.998,255,0,0,0,0
1671457357279,36,100516,6,4.341,-3.482,0.000,1,4.894,2,4.102,3,5.503,4,5.998,255,0,0,0,0
1671457357279,0,100516,6,4.341,-3.482,0.000,1,4.894,2,4.102,3,5.503,4,5.998,255,0,0,0,0
1671457357341,62,100578,6,4.341,-3.482,0.000,1,4.894,2,4.102,3,5.503,4,5.998,255,0,0,0,0
1671457357385,44,100622,6,4.341,-3.482,0.000,1,4.897,2,4.094,3,5.503,4,5.998,255,0,0,0,0
1671457357410,25,100647,6,4.309,-3.448,0.000,1,4.897,2,4.094,3,5.503,4,5.998,255,0,0,0,0
1671457357441,31,100678,6,4.309,-3.448,0.000,1,4.897,2,4.094,3,5.500,4,5.998,255,0,0,0,0
1671457357471,30,100708,6,4.309,-3.448,0.000,1,4.897,2,4.094,3,5.500,4,5.998,255,0,0,0,0
1671457357471,0,100708,6,4.309,-3.448,0.000,1,4.897,2,4.094,3,5.500,4,5.998,255,0,0,0,0
1671457357534,63,100771,6,4.388,-3.663,0.000,1,4.897,2,4.094,3,5.500,4,5.998,255,0,0,0,0
1671457357605,71,100842,6,4.388,-3.663,0.000,1,4.894,2,4.108,3,5.500,4,5.998,255,0,0,0,0
1671457357655,50,100892,6,4.388,-3.663,0.000,1,4.894,2,4.108,3,5.500,4,5.998,255,0,0,0,0
1671457357686,31,100923,6,4.388,-3.663,0.000,1,4.894,2,4.108,3,5.500,4,5.998,255,0,0,0,0
1671457357731,45,100968,6,4.388,-3.663,0.000,1,4.894,2,4.091,3,5.500,4,5.998,255,0,0,0,0
1671457357732,1,100969,6,4.390,-3.631,0.000,1,4.894,2,4.091,3,5.500,4,5.998,255,0,0,0,0
1671457357782,50,101019,6,4.390,-3.631,0.000,1,4.894,2,4.091,3,5.500,4,5.998,255,0,0,0,0
1671457357824,42,101061,6,4.392,-3.650,0.000,1,4.891,2,4.088,3,5.500,4,5.998,255,0,0,0,0
1671457357884,60,101121,6,4.392,-3.650,0.000,1,4.891,2,4.088,3,5.500,4,5.998,255,0,0,0,0
1671457357900,16,101137,6,4.392,-3.650,0.000,1,4.891,2,4.088,3,5.500,4,5.998,255,0,0,0,0
1671457357977,77,101214,6,4.392,-3.650,0.000,1,4.886,2,4.088,3,5.500,4,5.998,255,0,0,0,0
1671457357978,1,101215,6,4.392,-3.665,0.000,1,4.886,2,4.088,3,5.500,4,5.998,255,0,0,0,0
1671457358002,24,101239,6,4.392,-3.665,0.000,1,4.886,2,4.088,3,5.503,4,5.998,255,0,0,0,0
1671457358008,6,101245,6,4.380,-3.642,0.000,1,4.886,2,4.088,3,5.503,4,5.998,255,0,0,0,0
1671457358067,59,101304,6,4.380,-3.642,0.000,1,4.886,2,4.088,3,5.503,4,5.998,255,0,0,0,0
1671457358098,31,101335,6,4.380,-3.642,0.000,1,4.886,2,4.085,3,5.506,4,5.998,255,0,0,0,0
1671457358129,31,101366,6,4.380,-3.642,0.000,1,4.886,2,4.085,3,5.506,4,5.998,255,0,0,0,0
1671457358130,1,101367,6,4.355,-3.582,0.000,1,4.886,2,4.085,3,5.506,4,5.998,255,0,0,0,0
1671457358190,60,101427,6,4.355,-3.582,0.000,1,4.886,2,4.085,3,5.506,4,5.998,255,0,0,0,0
1671457358218,28,101455,6,4.355,-3.582,0.000,1,4.894,2,4.088,3,5.503,4,5.998,255,0,0,0,0
1671457358267,49,101504,6,4.355,-3.582,0.000,1,4.894,2,4.088,3,5.503,4,5.998,255,0,0,0,0
1671457358299,32,101536,6,4.392,-3.681,0.000,1,4.894,2,4.088,3,5.503,4,5.998,255,0,0,0,0
1671457358345,46,101582,6,4.392,-3.681,0.000,1,4.883,2,4.088,3,5.509,4,5.998,255,0,0,0,0
1671457358345,0,101582,6,4.392,-3.681,0.000,1,4.883,2,4.088,3,5.509,4,5.998,255,0,0,0,0
1671457358376,31,101613,6,4.392,-3.681,0.000,1,4.883,2,4.088,3,5.509,4,5.998,255,0,0,0,0
1671457358407,31,101644,6,4.407,-3.716,0.000,1,4.883,2,4.088,3,5.509,4,5.998,255,0,0,0,0
1671457358468,61,101705,6,4.407,-3.716,0.000,1,4.883,2,4.088,3,5.509,4,5.998,255,0,0,0,0
1671457358530,62,101767,6,4.407,-3.716,0.000,1,4.894,2,4.085,3,5.503,4,5.998,255,0,0,0,0
1671457358560,30,101797,6,4.407,-3.716,0.000,1,4.894,2,4.085,3,5.503,4,5.998,255,0,0,0,0
1671457358561,1,101798,6,4.383,-3.599,0.000,1,4.894,2,4.085,3,5.503,4,5.998,255,0,0,0,0
1671457358605,44,101842,6,4.383,-3.599,0.000,1,4.897,2,4.091,3,5.506,4,5.998,255,0,0,0,0
1671457358665,60,101902,6,4.383,-3.599,0.000,1,4.897,2,4.091,3,5.506,4,5.998,255,0,0,0,0
1671457358730,65,101967,6,4.392,-3.481,0.000,1,4.889,2,4.091,3,5.506,4,5.998,255,0,0,0,0
1671457358759,29,101996,6,4.392,-3.481,0.000,1,4.889,2,4.091,3,5.506,4,5.998,255,0,0,0,0
1671457358774,15,102011,6,4.392,-3.481,0.000,1,4.889,2,4.091,3,5.506,4,5.998,255,0,0,0,0
1671457358774,0,102011,6,4.392,-3.481,0.000,1,4.889,2,4.091,3,5.506,4,5.998,255,0,0,0,0
1671457358882,108,102119,6,4.401,-3.453,0.000,1,4.889,2,4.091,3,5.506,4,5.998,255,0,0,0,0
1671457358924,42,102161,6,4.401,-3.453,0.000,1,4.889,2,4.091,3,5.506,4,5.998,255,0,0,0,0
1671457359002,78,102239,6,4.324,-3.653,0.000,1,4.900,2,4.091,3,5.503,4,5.998,255,0,0,0,0
1671457359062,60,102299,6,4.324,-3.653,0.000,1,4.900,2,4.091,3,5.503,4,5.998,255,0,0,0,0
1671457359108,46,102345,6,4.324,-3.653,0.000,1,4.894,2,4.091,3,5.503,4,5.998,255,0,0,0,0
1671457359109,1,102346,6,4.346,-3.568,0.000,1,4.894,2,4.091,3,5.503,4,5.998,255,0,0,0,0
1671457359143,34,102380,6,4.346,-3.568,0.000,1,4.894,2,4.091,3,5.503,4,5.998,255,0,0,0,0
1671457359199,56,102436,6,4.406,-3.430,0.000,1,4.894,2,4.091,3,5.503,4,5.998,255,0,0,0,0
1671457359229,30,102466,6,4.406,-3.430,0.000,1,4.883,2,4.083,3,5.506,4,5.998,255,0,0,0,0
1671457359289,60,102526,6,4.406,-3.430,0.000,1,4.883,2,4.083,3,5.506,4,5.998,255,0,0,0,0
1671457359312,23,102549,6,4.406,-3.430,0.000,1,4.886,2,4.083,3,5.503,4,5.998,255,0,0,0,0
1671457359313,1,102550,6,4.350,-3.585,0.000,1,4.886,2,4.083,3,5.503,4,5.998,255,0,0,0,0
1671457359357,44,102594,6,4.350,-3.585,0.000,1,4.886,2,4.083,3,5.503,4,5.998,255,0,0,0,0
1671457359379,22,102616,6,4.350,-3.585,0.000,1,4.886,2,4.083,3,5.503,4,5.998,255,0,0,0,0
1671457359410,31,102647,6,4.316,-3.690,0.000,1,4.886,2,4.083,3,5.503,4,5.998,255,0,0,0,0
1671457359440,30,102677,6,4.316,-3.690,0.000,1,4.900,2,4.083,3,5.503,4,5.998,255,0,0,0,0
1671457359485,45,102722,6,4.316,-3.690,0.000,1,4.900,2,4.083,3,5.503,4,5.998,255,0,0,0,0
1671457359485,0,102722,6,4.316,-3.690,0.000,1,4.900,2,4.083,3,5.503,4,5.998,255,0,0,0,0
1671457359546,61,102783,6,4.313,-3.691,0.000,1,4.900,2,4.083,3,5.503,4,5.998,255,0,0,0,0
1671457359607,61,102844,6,4.313,-3.691,0.000,1,4.886,2,4.091,3,5.498,4,5.998,255,0,0,0,0
1671457359751,144,102988,6,4.313,-3.691,0.000,1,4.886,2,4.091,3,5.498,4,5.998,255,0,0,0,0
1671457359756,5,102993,6,4.313,-3.691,0.000,1,4.886,2,4.091,3,5.498,4,5.998,255,0,0,0,0
1671457359756,0,102993,6,4.313,-3.691,0.000,1,4.886,2,4.091,3,5.498,4,5.998,255,0,0,0,0
1671457359818,62,103055,6,4.394,-3.469,0.000,1,4.886,2,4.091,3,5.498,4,5.998,255,0,0,0,0
1671457359879,61,103116,6,4.394,-3.469,0.000,1,4.894,2,4.080,3,5.506,4,5.998,255,0,0,0,0
1671457359926,47,103163,6,4.302,-3.698,0.000,1,4.894,2,4.080,3,5.506,4,5.998,255,0,0,0,0
1671457359971,45,103208,6,4.302,-3.698,0.000,1,4.894,2,4.080,3,5.506,4,5.998,255,0,0,0,0
1671457360011,40,103248,6,4.302,-3.698,0.000,1,4.894,2,4.080,3,5.506,4,5.998,255,0,0,0,0
1671457360011,0,103248,6,4.302,-3.698,0.000,1,4.894,2,4.080,3,5.506,4,5.998,255,0,0,0,0
1671457360062,51,103299,6,4.386,-3.498,0.000,1,4.900,2,4.088,3,5.503,4,5.998,255,0,0,0,0
1671457360106,44,103343,6,4.386,-3.498,0.000,1,4.900,2,4.080,3,5.506,4,5.998,255,0,0,0,0
1671457360168,62,103405,6,4.386,-3.498,0.000,1,4.900,2,4.080,3,5.506,4,5.998,255,0,0,0,0
1671457360190,22,103427,6,4.374,-3.478,0.000,1,4.894,2,4.088,3,5.506,4,5.998,255,0,0,0,0
1671457360233,43,103470,6,4.374,-3.478,0.000,1,4.894,2,4.088,3,5.506,4,5.998,255,0,0,0,0
1671457360233,0,103470,6,4.374,-3.478,0.000,1,4.894,2,4.088,3,5.506,4,5.998,255,0,0,0,0
1671457360289,56,103526,6,4.374,-3.478,0.000,1,4.894,2,4.088,3,5.506,4,5.998,255,0,0,0,0
1671457360320,31,103557,6,4.325,-3.512,0.000,1,4.894,2,4.088,3,5.506,4,5.998,255,0,0,0,0
1671457360380,60,103617,6,4.325,-3.512,0.000,1,4.894,2,4.088,3,5.506,4,5.998,255,0,0,0,0
1671457360406,26,103643,6,4.325,-3.512,0.000,1,4.894,2,4.088,3,5.511,4,5.998,255,0,0,0,0
1671457360447,41,103684,6,4.325,-3.512,0.000,1,4.894,2,4.088,3,5.511,4,5.998,255,0,0,0,0
1671457360447,0,103684,1,9.390,-3.685,2.220,255,0,0,0,0
1671457360447,0,103684,2,0.003,-3.685,2.220,255,0,0,0,0
1671457360447,0,103684,3,0.003,0.000,2.220,255,0,0,0,0
1671457360447,0,103684,4,9.390,0.000,2.220,255,0,0,0,0
1671457360447,0,103684,6,4.317,-3.523,0.000,1,4.894,2,4.088,3,5.511,4,5.998,255,0,0,0,0
1671457360471,24,103708,6,4.317,-3.523,0.000,1,4.894,2,4.088,3,5.506,4,5.998,255,0,0,0,0
1671457360502,31,103739,6,4.311,-3.482,0.000,1,4.894,2,4.088,3,5.506,4,5.998,255,0,0,0,0
1671457360532,30,103769,6,4.311,-3.482,0.000,1,4.894,2,4.088,3,5.506,4,5.998,255,0,0,0,0
1671457360562,30,103799,6,4.311,-3.482,0.000,1,4.894,2,4.088,3,5.506,4,5.998,255,0,0,0,0
1671457360624,62,103861,6,4.311,-3.482,0.000,1,4.894,2,4.088,3,5.506,4,5.998,255,0,0,0,0
1671457360624,0,103861,6,4.311,-3.482,0.000,1,4.894,2,4.088,3,5.506,4,5.998,255,0,0,0,0
1671457360669,45,103906,6,4.311,-3.482,0.000,1,4.886,2,4.085,3,5.511,4,5.998,255,0,0,0,0
1671457360701,32,103938,6,4.311,-3.482,0.000,1,4.894,2,4.091,3,5.511,4,5.998,255,0,0,0,0
1671457360731,30,103968,6,4.311,-3.482,0.000,1,4.894,2,4.091,3,5.511,4,5.998,255,0,0,0,0
1671457360778,47,104015,6,4.385,-3.667,0.000,1,4.894,2,4.091,3,5.511,4,5.998,255,0,0,0,0
1671457360807,29,104044,6,4.385,-3.667,0.000,1,4.894,2,4.091,3,5.511,4,5.998,255,0,0,0,0
1671457360807,0,104044,6,4.385,-3.667,0.000,1,4.894,2,4.091,3,5.511,4,5.998,255,0,0,0,0
1671457360852,45,104089,6,4.385,-3.667,0.000,1,4.891,2,4.091,3,5.506,4,5.998,255,0,0,0,0
1671457360899,47,104136,6,4.385,-3.667,0.000,1,4.891,2,4.091,3,5.506,4,5.998,255,0,0,0,0
1671457360975,76,104212,6,4.309,-3.693,0.000,1,4.891,2,4.091,3,5.506,4,5.998,255,0,0,0,0
1671457361005,30,104242,6,4.309,-3.693,0.000,1,4.886,2,4.091,3,5.511,4,5.998,255,0,0,0,0
1671457361035,30,104272,6,4.309,-3.693,0.000,1,4.886,2,4.091,3,5.511,4,5.998,255,0,0,0,0
1671457361035,0,104272,6,4.309,-3.693,0.000,1,4.886,2,4.091,3,5.511,4,5.998,255,0,0,0,0
1671457361106,71,104343,6,4.384,-3.685,0.000,1,4.886,2,4.091,3,5.511,4,5.998,255,0,0,0,0
1671457361128,22,104365,6,4.384,-3.685,0.000,1,4.886,2,4.099,3,5.492,4,6.003,255,0,0,0,0
1671457361158,30,104395,6,4.399,-3.694,0.000,1,4.886,2,4.099,3,5.492,4,6.003,255,0,0,0,0
1671457361218,60,104455,6,4.399,-3.694,0.000,1,4.886,2,4.099,3,5.492,4,6.003,255,0,0,0,0
1671457361264,46,104501,6,4.399,-3.694,0.000,1,4.886,2,4.083,3,5.506,4,5.995,255,0,0,0,0
1671457361265,1,104502,6,4.399,-3.694,0.000,1,4.886,2,4.083,3,5.506,4,5.995,255,0,0,0,0
1671457361297,32,104534,6,4.395,-3.654,0.000,1,4.886,2,4.083,3,5.506,4,5.995,255,0,0,0,0
1671457361326,29,104563,6,4.395,-3.654,0.000,1,4.886,2,4.083,3,5.506,4,5.995,255,0,0,0,0
1671457361387,61,104624,6,4.395,-3.654,0.000,1,4.867,2,4.083,3,5.511,4,5.998,255,0,0,0,0
1671457361403,16,104640,6,4.352,-3.685,0.000,1,4.867,2,4.083,3,5.511,4,5.998,255,0,0,0,0
1671457361479,76,104716,6,4.352,-3.685,0.000,1,4.867,2,4.083,3,5.511,4,5.998,255,0,0,0,0
1671457361479,0,104716,6,4.352,-3.685,0.000,1,4.867,2,4.083,3,5.511,4,5.998,255,0,0,0,0
1671457361500,21,104737,6,4.352,-3.685,0.000,1,4.897,2,4.074,3,5.506,4,5.998,255,0,0,0,0
1671457361544,44,104781,6,4.402,-3.701,0.000,1,4.897,2,4.074,3,5.506,4,5.998,255,0,0,0,0
1671457361571,27,104808,6,4.402,-3.701,0.000,1,4.886,2,4.074,3,5.506,4,5.998,255,0,0,0,0
1671457361602,31,104839,6,4.402,-3.701,0.000,1,4.886,2,4.074,3,5.506,4,5.995,255,0,0,0,0
1671457361618,16,104855,6,4.402,-3.701,0.000,1,4.886,2,4.074,3,5.506,4,5.995,255,0,0,0,0
1671457361619,1,104856,6,4.358,-3.702,0.000,1,4.886,2,4.074,3,5.506,4,5.995,255,0,0,0,0
1671457361650,31,104887,6,4.358,-3.702,0.000,1,4.886,2,4.074,3,5.506,4,5.995,255,0,0,0,0
1671457361727,77,104964,6,4.358,-3.702,0.000,1,4.886,2,4.074,3,5.506,4,5.995,255,0,0,0,0
1671457361787,60,105024,6,4.358,-3.702,0.000,1,4.883,2,4.074,3,5.506,4,5.998,255,0,0,0,0
1671457361818,31,105055,6,4.402,-3.703,0.000,1,4.894,2,4.083,3,5.506,4,5.998,255,0,0,0,0
1671457361880,62,105117,6,4.402,-3.703,0.000,1,4.894,2,4.083,3,5.506,4,5.998,255,0,0,0,0
1671457361880,0,105117,6,4.402,-3.703,0.000,1,4.894,2,4.083,3,5.506,4,5.998,255,0,0,0,0
1671457361936,56,105173,6,4.402,-3.703,0.000,1,4.894,2,4.083,3,5.506,4,5.998,255,0,0,0,0
1671457361983,47,105220,6,4.329,-3.702,0.000,1,4.886,2,4.083,3,5.506,4,5.995,255,0,0,0,0
1671457362032,49,105269,6,4.329,-3.702,0.000,1,4.886,2,4.083,3,5.506,4,5.995,255,0,0,0,0
1671457362063,31,105300,6,4.396,-3.719,0.000,1,4.886,2,4.083,3,5.506,4,5.995,255,0,0,0,0
1671457362064,1,105301,6,4.396,-3.719,0.000,1,4.886,2,4.083,3,5.506,4,5.995,255,0,0,0,0
1671457362109,45,105346,6,4.396,-3.719,0.000,1,4.886,2,4.083,3,5.506,4,5.995,255,0,0,0,0
1671457362170,61,105407,6,4.396,-3.719,0.000,1,4.886,2,4.083,3,5.506,4,5.995,255,0,0,0,0
1671457362233,63,105470,6,4.310,-3.471,0.000,1,4.886,2,4.074,3,5.511,4,5.998,255,0,0,0,0
1671457362263,30,105500,6,4.310,-3.471,0.000,1,4.886,2,4.074,3,5.511,4,5.998,255,0,0,0,0
1671457362308,45,105545,6,4.310,-3.471,0.000,1,4.886,2,4.074,3,5.511,4,5.998,255,0,0,0,0
1671457362308,0,105545,6,4.310,-3.471,0.000,1,4.886,2,4.074,3,5.511,4,5.998,255,0,0,0,0
1671457362357,49,105594,6,4.385,-3.665,0.000,1,4.886,2,4.074,3,5.511,4,5.995,255,0,0,0,0
1671457362386,29,105623,6,4.385,-3.665,0.000,1,4.886,2,4.074,3,5.511,4,5.995,255,0,0,0,0
1671457362445,59,105682,6,4.307,-3.740,0.000,1,4.886,2,4.074,3,5.511,4,5.995,255,0,0,0,0
1671457362493,48,105730,6,4.307,-3.740,0.000,1,4.886,2,4.074,3,5.511,4,5.995,255,0,0,0,0
1671457362527,34,105764,6,4.307,-3.740,0.000,1,4.897,2,4.077,3,5.506,4,5.998,255,0,0,0,0
1671457362527,0,105764,6,4.307,-3.740,0.000,1,4.897,2,4.077,3,5.506,4,5.998,255,0,0,0,0
1671457362600,73,105837,6,4.389,-3.508,0.000,1,4.897,2,4.077,3,5.506,4,5.998,255,0,0,0,0
1671457362662,62,105899,6,4.389,-3.508,0.000,1,4.886,2,4.080,3,5.506,4,5.998,255,0,0,0,0
1671457362693,31,105930,6,4.404,-3.449,0.000,1,4.894,2,4.080,3,5.506,4,5.998,255,0,0,0,0
1671457362747,54,105984,6,4.404,-3.449,0.000,1,4.894,2,4.080,3,5.506,4,5.995,255,0,0,0,0
1671457362769,22,106006,6,4.404,-3.449,0.000,1,4.894,2,4.080,3,5.506,4,5.995,255,0,0,0,0
1671457362769,0,106006,6,4.404,-3.449,0.000,1,4.894,2,4.080,3,5.506,4,5.995,255,0,0,0,0
1671457362831,62,106068,6,4.307,-3.709,0.000,1,4.894,2,4.080,3,5.506,4,5.995,255,0,0,0,0
1671457362891,60,106128,6,4.307,-3.709,0.000,1,4.883,2,4.085,3,5.506,4,5.995,255,0,0,0,0
1671457362938,47,106175,6,4.307,-3.709,0.000,1,4.883,2,4.085,3,5.506,4,5.995,255,0,0,0,0
1671457363015,77,106252,6,4.389,-3.492,0.000,1,4.894,2,4.091,3,5.506,4,5.995,255,0,0,0,0
1671457363044,29,106281,6,4.389,-3.492,0.000,1,4.894,2,4.091,3,5.506,4,5.995,255,0,0,0,0
1671457363044,0,106281,6,4.389,-3.492,0.000,1,4.894,2,4.091,3,5.506,4,5.995,255,0,0,0,0
1671457363106,62,106343,6,4.401,-3.479,0.000,1,4.894,2,4.091,3,5.506,4,5.995,255,0,0,0,0
1671457363134,28,106371,6,4.401,-3.479,0.000,1,4.894,2,4.091,3,5.506,4,5.998,255,0,0,0,0
1671457363151,17,106388,6,4.355,-3.512,0.000,1,4.894,2,4.091,3,5.506,4,5.998,255,0,0,0,0
1671457363185,34,106422,6,4.355,-3.512,0.000,1,4.894,2,4.091,3,5.506,4,5.998,255,0,0,0,0
1671457363249,64,106486,6,4.355,-3.512,0.000,1,4.894,2,4.091,3,5.506,4,5.998,255,0,0,0,0
1671457363249,0,106486,6,4.355,-3.512,0.000,1,4.894,2,4.091,3,5.506,4,5.998,255,0,0,0,0
1671457363294,45,106531,6,4.395,-3.673,0.000,1,4.886,2,4.097,3,5.506,4,5.998,255,0,0,0,0
1671457363319,25,106556,6,4.395,-3.673,0.000,1,4.891,2,4.091,3,5.506,4,5.998,255,0,0,0,0
1671457363351,32,106588,6,4.395,-3.673,0.000,1,4.891,2,4.091,3,5.511,4,5.995,255,0,0,0,0
1671457363402,51,106639,6,4.325,-3.680,0.000,1,4.891,2,4.091,3,5.511,4,5.995,255,0,0,0,0
1671457363428,26,106665,6,4.325,-3.680,0.000,1,4.891,2,4.091,3,5.511,4,5.995,255,0,0,0,0
1671457363428,0,106665,6,4.325,-3.680,0.000,1,4.891,2,4.091,3,5.511,4,5.995,255,0,0,0,0
1671457363460,32,106697,6,4.325,-3.680,0.000,1,4.894,2,4.094,3,5.506,4,5.998,255,0,0,0,0
1671457363473,13,106710,6,4.325,-3.680,0.000,1,4.894,2,4.094,3,5.506,4,5.998,255,0,0,0,0
1671457363536,63,106773,6,4.393,-3.691,0.000,1,4.894,2,4.094,3,5.506,4,5.998,255,0,0,0,0
1671457363567,31,106804,6,4.393,-3.691,0.000,1,4.894,2,4.094,3,5.506,4,5.998,255,0,0,0,0
1671457363622,55,106859,6,4.393,-3.691,0.000,1,4.894,2,4.094,3,5.506,4,5.998,255,0,0,0,0
1671457363622,0,106859,6,4.393,-3.691,0.000,1,4.894,2,4.094,3,5.506,4,5.998,255,0,0,0,0
1671457363674,52,106911,6,4.393,-3.691,0.000,1,4.894,2,4.094,3,5.506,4,5.998,255,0,0,0,0
1671457363704,30,106941,6,4.308,-3.682,0.000,1,4.894,2,4.091,3,5.506,4,5.995,255,0,0,0,0
1671457363780,76,107017,6,4.308,-3.682,0.000,1,4.894,2,4.091,3,5.506,4,5.995,255,0,0,0,0
1671457363810,30,107047,6,4.308,-3.682,0.000,1,4.894,2,4.091,3,5.506,4,5.995,255,0,0,0,0
1671457363857,47,107094,6,4.308,-3.682,0.000,1,4.894,2,4.097,3,5.506,4,5.998,255,0,0,0,0
1671457363858,1,107095,6,4.323,-3.591,0.000,1,4.894,2,4.097,3,5.506,4,5.998,255,0,0,0,0
1671457363918,60,107155,6,4.323,-3.591,0.000,1,4.894,2,4.097,3,5.506,4,5.998,255,0,0,0,0
1671457363949,31,107186,6,4.301,-3.449,0.000,1,4.894,2,4.097,3,5.506,4,5.998,255,0,0,0,0
1671457364009,60,107246,6,4.301,-3.449,0.000,1,4.894,2,4.097,3,5.506,4,5.998,255,0,0,0,0
1671457364058,49,107295,6,4.301,-3.449,0.000,1,4.894,2,4.099,3,5.506,4,5.995,255,0,0,0,0
1671457364099,41,107336,6,4.301,-3.449,0.000,1,4.891,2,4.097,3,5.506,4,5.995,255,0,0,0,0
1671457364100,1,107337,6,4.322,-3.579,0.000,1,4.891,2,4.097,3,5.506,4,5.995,255,0,0,0,0
1671457364127,27,107364,6,4.322,-3.579,0.000,1,4.891,2,4.097,3,5.506,4,5.995,255,0,0,0,0
1671457364169,42,107406,6,4.302,-3.665,0.000,1,4.891,2,4.097,3,5.506,4,5.995,255,0,0,0,0
1671457364197,28,107434,6,4.302,-3.665,0.000,1,4.891,2,4.097,3,5.506,4,5.995,255,0,0,0,0
1671457364235,38,107472,6,4.302,-3.665,0.000,1,4.891,2,4.091,3,5.506,4,5.998,255,0,0,0,0
1671457364251,16,107488,6,4.302,-3.665,0.000,1,4.891,2,4.091,3,5.506,4,5.998,255,0,0,0,0
1671457364252,1,107489,6,4.361,-3.674,0.000,1,4.891,2,4.091,3,5.506,4,5.998,255,0,0,0,0
1671457364281,29,107518,6,4.361,-3.674,0.000,1,4.891,2,4.091,3,5.506,4,5.998,255,0,0,0,0
1671457364357,76,107594,6,4.361,-3.674,0.000,1,4.891,2,4.091,3,5.506,4,5.998,255,0,0,0,0
1671457364421,64,107658,6,4.361,-3.674,0.000,1,4.894,2,4.088,3,5.511,4,5.998,255,0,0,0,0
1671457364450,29,107687,6,4.393,-3.682,0.000,1,4.891,2,4.088,3,5.506,4,5.998,255,0,0,0,0
1671457364511,61,107748,6,4.393,-3.682,0.000,1,4.891,2,4.088,3,5.506,4,5.995,255,0,0,0,0
1671457364511,0,107748,6,4.393,-3.682,0.000,1,4.891,2,4.088,3,5.506,4,5.995,255,0,0,0,0
1671457364542,31,107779,6,4.393,-3.682,0.000,1,4.891,2,4.088,3,5.506,4,5.995,255,0,0,0,0
1671457364574,32,107811,6,4.397,-3.688,0.000,1,4.891,2,4.085,3,5.506,4,5.995,255,0,0,0,0
1671457364605,31,107842,6,4.397,-3.688,0.000,1,4.891,2,4.085,3,5.509,4,5.995,255,0,0,0,0
1671457364667,62,107904,6,4.398,-3.688,0.000,1,4.891,2,4.085,3,5.509,4,5.995,255,0,0,0,0
1671457364682,15,107919,6,4.398,-3.688,0.000,1,4.886,2,4.085,3,5.509,4,5.995,255,0,0,0,0
1671457364682,0,107919,6,4.398,-3.688,0.000,1,4.886,2,4.085,3,5.509,4,5.995,255,0,0,0,0
1671457364756,74,107993,6,4.398,-3.688,0.000,1,4.886,2,4.085,3,5.509,4,5.995,255,0,0,0,0
1671457364779,23,108016,6,4.398,-3.688,0.000,1,4.886,2,4.085,3,5.506,4,5.995,255,0,0,0,0
1671457364825,46,108062,6,4.399,-3.695,0.000,1,4.886,2,4.085,3,5.506,4,5.995,255,0,0,0,0
1671457364880,55,108117,6,4.399,-3.695,0.000,1,4.894,2,4.077,3,5.506,4,5.995,255,0,0,0,0
1671457364896,16,108133,6,4.399,-3.695,0.000,1,4.894,2,4.077,3,5.506,4,5.995,255,0,0,0,0
1671457364896,0,108133,6,4.398,-3.695,0.000,1,4.894,2,4.077,3,5.506,4,5.995,255,0,0,0,0
1671457364934,38,108171,6,4.398,-3.695,0.000,1,4.894,2,4.077,3,5.506,4,5.995,255,0,0,0,0
1671457364986,52,108223,6,4.398,-3.695,0.000,1,4.894,2,4.077,3,5.511,4,5.995,255,0,0,0,0
1671457365017,31,108254,6,4.398,-3.700,0.000,1,4.894,2,4.077,3,5.511,4,5.995,255,0,0,0,0
1671457365063,46,108300,6,4.398,-3.700,0.000,1,4.894,2,4.077,3,5.511,4,5.995,255,0,0,0,0
1671457365124,61,108361,6,4.398,-3.700,0.000,1,4.891,2,4.074,3,5.509,4,5.995,255,0,0,0,0
1671457365124,0,108361,6,4.398,-3.700,0.000,1,4.891,2,4.074,3,5.509,4,5.995,255,0,0,0,0
1671457365185,61,108422,6,4.398,-3.700,0.000,1,4.891,2,4.074,3,5.509,4,5.995,255,0,0,0,0
1671457365233,48,108470,6,4.400,-3.707,0.000,1,4.894,2,4.077,3,5.511,4,5.995,255,0,0,0,0
1671457365291,58,108528,6,4.400,-3.707,0.000,1,4.894,2,4.077,3,5.511,4,5.995,255,0,0,0,0
1671457365324,33,108561,6,4.409,-3.707,0.000,1,4.894,2,4.080,3,5.511,4,5.995,255,0,0,0,0
1671457365354,30,108591,6,4.409,-3.707,0.000,1,4.894,2,4.080,3,5.511,4,5.995,255,0,0,0,0
1671457365354,0,108591,6,4.409,-3.707,0.000,1,4.894,2,4.080,3,5.511,4,5.995,255,0,0,0,0
1671457365385,31,108622,6,4.409,-3.707,0.000,1,4.894,2,4.080,3,5.511,4,5.995,255,0,0,0,0
1671457365439,54,108676,6,4.298,-3.709,0.000,1,4.894,2,4.080,3,5.511,4,5.995,255,0,0,0,0
1671457365494,55,108731,6,4.298,-3.709,0.000,1,4.886,2,4.083,3,5.500,4,5.998,255,0,0,0,0
1671457365525,31,108762,6,4.298,-3.709,0.000,1,4.886,2,4.083,3,5.500,4,5.998,255,0,0,0,0
1671457365547,22,108784,6,4.298,-3.709,0.000,1,4.886,2,4.083,3,5.500,4,5.998,255,0,0,0,0
1671457365549,2,108786,6,4.325,-3.701,0.000,1,4.886,2,4.083,3,5.500,4,5.998,255,0,0,0,0
1671457365600,51,108837,6,4.325,-3.701,0.000,1,4.891,2,4.083,3,5.511,4,5.995,255,0,0,0,0
1671457365630,30,108867,6,4.325,-3.701,0.000,1,4.891,2,4.083,3,5.511,4,5.995,255,0,0,0,0
1671457365658,28,108895,6,4.334,-3.692,0.000,1,4.891,2,4.083,3,5.511,4,5.995,255,0,0,0,0
1671457365677,19,108914,6,4.334,-3.692,0.000,1,4.891,2,4.083,3,5.511,4,5.995,255,0,0,0,0
1671457365764,87,109001,6,4.334,-3.692,0.000,1,4.891,2,4.083,3,5.511,4,5.995,255,0,0,0,0
1671457365764,0,109001,6,4.334,-3.692,0.000,1,4.891,2,4.083,3,5.511,4,5.995,255,0,0,0,0
1671457365786,22,109023,6,4.366,-3.678,0.000,1,4.856,2,4.110,3,5.489,4,5.995,255,0,0,0,0
1671457365873,87,109110,6,4.366,-3.678,0.000,1,4.856,2,4.110,3,5.489,4,5.995,255,0,0,0,0
1671457365894,21,109131,6,4.366,-3.678,0.000,1,4.856,2,4.110,3,5.489,4,5.995,255,0,0,0,0
1671457365956,62,109193,6,4.385,-3.633,0.000,1,4.894,2,4.080,3,5.509,4,5.995,255,0,0,0,0
1671457365984,28,109221,6,4.385,-3.633,0.000,1,4.891,2,4.083,3,5.509,4,5.995,255,0,0,0,0
1671457365984,0,109221,6,4.385,-3.633,0.000,1,4.891,2,4.083,3,5.509,4,5.995,255,0,0,0,0
1671457366004,20,109241,6,4.338,-3.531,0.000,1,4.891,2,4.083,3,5.509,4,5.995,255,0,0,0,0
1671457366066,62,109303,6,4.338,-3.531,0.000,1,4.891,2,4.083,3,5.509,4,5.995,255,0,0,0,0
1671457366112,46,109349,6,4.338,-3.531,0.000,1,4.891,2,4.080,3,5.506,4,5.995,255,0,0,0,0
1671457366142,30,109379,6,4.338,-3.531,0.000,1,4.891,2,4.080,3,5.506,4,5.995,255,0,0,0,0
1671457366204,62,109441,6,4.338,-3.531,0.000,1,4.891,2,4.080,3,5.506,4,5.995,255,0,0,0,0
1671457366205,1,109442,6,4.370,-3.619,0.000,1,4.891,2,4.080,3,5.506,4,5.995,255,0,0,0,0
1671457366266,61,109503,6,4.370,-3.619,0.000,1,4.891,2,4.080,3,5.511,4,5.995,255,0,0,0,0
1671457366297,31,109534,6,4.370,-3.619,0.000,1,4.891,2,4.080,3,5.511,4,5.995,255,0,0,0,0
1671457366329,32,109566,6,4.395,-3.687,0.000,1,4.894,2,4.080,3,5.509,4,5.995,255,0,0,0,0
1671457366389,60,109626,6,4.395,-3.687,0.000,1,4.894,2,4.080,3,5.509,4,5.995,255,0,0,0,0
1671457366420,31,109657,6,4.395,-3.687,0.000,1,4.894,2,4.080,3,5.509,4,5.995,255,0,0,0,0
1671457366421,1,109658,6,4.369,-3.696,0.000,1,4.894,2,4.080,3,5.509,4,5.995,255,0,0,0,0
1671457366436,15,109673,6,4.369,-3.696,0.000,1,4.894,2,4.077,3,5.509,4,5.995,255,0,0,0,0
1671457366483,47,109720,6,4.369,-3.696,0.000,1,4.894,2,4.077,3,5.509,4,5.995,255,0,0,0,0
1671457366547,64,109784,6,4.313,-3.700,0.000,1,4.894,2,4.077,3,5.509,4,5.995,255,0,0,0,0
1671457366623,76,109860,6,4.313,-3.700,0.000,1,4.894,2,4.077,3,5.509,4,5.998,255,0,0,0,0
1671457366655,32,109892,6,4.313,-3.700,0.000,1,4.894,2,4.077,3,5.509,4,5.998,255,0,0,0,0
1671457366655,0,109892,6,4.313,-3.700,0.000,1,4.894,2,4.077,3,5.509,4,5.998,255,0,0,0,0
1671457366734,79,109971,6,4.313,-3.700,0.000,1,4.894,2,4.077,3,5.509,4,5.998,255,0,0,0,0
1671457366766,32,110003,6,4.364,-3.703,0.000,1,4.894,2,4.077,3,5.509,4,5.998,255,0,0,0,0
1671457366799,33,110036,6,4.364,-3.703,0.000,1,4.894,2,4.077,3,5.509,4,5.998,255,0,0,0,0
1671457366874,75,110111,6,4.396,-3.704,0.000,1,4.894,2,4.077,3,5.509,4,5.998,255,0,0,0,0
1671457366907,33,110144,6,4.396,-3.704,0.000,1,4.894,2,4.077,3,5.509,4,5.998,255,0,0,0,0
1671457366907,0,110144,6,4.396,-3.704,0.000,1,4.894,2,4.077,3,5.509,4,5.998,255,0,0,0,0
1671457366936,29,110173,6,4.396,-3.704,0.000,1,4.894,2,4.077,3,5.511,4,5.998,255,0,0,0,0
1671457367022,86,110259,6,4.396,-3.704,0.000,1,4.894,2,4.077,3,5.511,4,5.998,255,0,0,0,0
1671457367074,52,110311,6,4.300,-3.455,0.000,1,4.894,2,4.077,3,5.511,4,5.998,255,0,0,0,0
1671457367166,92,110403,6,4.300,-3.455,0.000,1,4.894,2,4.077,3,5.511,4,5.995,255,0,0,0,0
1671457367188,22,110425,6,4.300,-3.455,0.000,1,4.894,2,4.077,3,5.511,4,5.995,255,0,0,0,0
1671457367188,0,110425,6,4.300,-3.455,0.000,1,4.894,2,4.077,3,5.511,4,5.995,255,0,0,0,0
1671457367198,10,110435,6,4.355,-3.594,0.000,1,4.894,2,4.077,3,5.509,4,5.998,255,0,0,0,0
1671457367258,60,110495,6,4.355,-3.594,0.000,1,4.894,2,4.077,3,5.509,4,5.998,255,0,0,0,0
1671457367289,31,110526,6,4.355,-3.594,0.000,1,4.894,2,4.077,3,5.509,4,5.998,255,0,0,0,0
1671457367353,64,110590,6,4.355,-3.594,0.000,1,4.894,2,4.077,3,5.509,4,5.998,255,0,0,0,0
1671457367382,29,110619,6,4.355,-3.594,0.000,1,4.891,2,4.085,3,5.514,4,5.995,255,0,0,0,0
1671457367382,0,110619,6,4.355,-3.594,0.000,1,4.891,2,4.085,3,5.514,4,5.995,255,0,0,0,0
1671457367407,25,110644,6,4.389,-3.677,0.000,1,4.891,2,4.085,3,5.514,4,5.995,255,0,0,0,0
1671457367449,42,110686,6,4.389,-3.677,0.000,1,4.891,2,4.085,3,5.514,4,5.995,255,0,0,0,0
1671457367488,39,110725,6,4.389,-3.677,0.000,1,4.894,2,4.085,3,5.517,4,5.995,255,0,0,0,0
1671457367517,29,110754,6,4.401,-3.702,0.000,1,4.894,2,4.085,3,5.517,4,5.995,255,0,0,0,0
1671457367534,17,110771,6,4.401,-3.702,0.000,1,4.894,2,4.085,3,5.517,4,5.995,255,0,0,0,0
1671457367535,1,110772,6,4.401,-3.702,0.000,1,4.894,2,4.085,3,5.517,4,5.995,255,0,0,0,0
1671457367565,30,110802,6,4.401,-3.702,0.000,1,4.894,2,4.085,3,5.517,4,5.995,255,0,0,0,0
1671457367643,78,110880,6,4.401,-3.702,0.000,1,4.894,2,4.085,3,5.517,4,5.995,255,0,0,0,0
1671457367871,228,111108,6,4.410,-3.708,0.000,1,4.894,2,4.091,3,5.511,4,5.998,255,0,0,0,0
1671457367901,30,111138,6,4.410,-3.708,0.000,1,4.894,2,4.091,3,5.511,4,5.998,255,0,0,0,0
1671457367901,0,111138,6,4.410,-3.708,0.000,1,4.894,2,4.091,3,5.511,4,5.998,255,0,0,0,0
1671457367931,30,111168,6,4.410,-3.708,0.000,1,4.894,2,4.091,3,5.511,4,5.998,255,0,0,0,0
1671457367997,66,111234,6,4.335,-3.670,0.000,1,4.891,2,4.091,3,5.511,4,5.995,255,0,0,0,0
1671457368023,26,111260,6,4.388,-3.515,0.000,1,4.891,2,4.091,3,5.511,4,5.995,255,0,0,0,0
1671457368053,30,111290,6,4.388,-3.515,0.000,1,4.891,2,4.091,3,5.511,4,5.995,255,0,0,0,0
1671457368069,16,111306,6,4.388,-3.515,0.000,1,4.891,2,4.088,3,5.511,4,5.998,255,0,0,0,0
1671457368069,0,111306,6,4.388,-3.515,0.000,1,4.891,2,4.088,3,5.511,4,5.998,255,0,0,0,0
1671457368131,62,111368,6,4.388,-3.515,0.000,1,4.891,2,4.088,3,5.511,4,5.998,255,0,0,0,0
1671457368163,32,111400,6,4.401,-3.711,0.000,1,4.891,2,4.088,3,5.511,4,5.998,255,0,0,0,0
1671457368212,49,111449,6,4.401,-3.711,0.000,1,4.891,2,4.088,3,5.511,4,5.998,255,0,0,0,0
1671457368239,27,111476,6,4.401,-3.711,0.000,1,4.894,2,4.094,3,5.509,4,5.995,255,0,0,0,0
1671457368270,31,111507,6,4.401,-3.711,0.000,1,4.894,2,4.094,3,5.509,4,5.995,255,0,0,0,0
1671457368270,0,111507,6,4.386,-3.577,0.000,1,4.894,2,4.094,3,5.509,4,5.995,255,0,0,0,0
1671457368301,31,111538,6,4.386,-3.577,0.000,1,4.894,2,4.094,3,5.509,4,5.995,255,0,0,0,0
1671457368389,88,111626,6,4.386,-3.577,0.000,1,4.894,2,4.094,3,5.509,4,5.995,255,0,0,0,0
1671457368433,44,111670,6,4.386,-3.577,0.000,1,4.891,2,4.094,3,5.509,4,5.995,255,0,0,0,0
1671457368456,23,111693,6,4.371,-3.584,0.000,1,4.894,2,4.074,3,5.511,4,5.995,255,0,0,0,0
1671457368487,31,111724,6,4.371,-3.584,0.000,1,4.894,2,4.074,3,5.511,4,5.998,255,0,0,0,0
1671457368487,0,111724,6,4.371,-3.584,0.000,1,4.894,2,4.074,3,5.511,4,5.998,255,0,0,0,0
1671457368553,66,111790,6,4.395,-3.674,0.000,1,4.894,2,4.074,3,5.511,4,5.998,255,0,0,0,0
1671457368578,25,111815,6,4.395,-3.674,0.000,1,4.894,2,4.074,3,5.511,4,5.998,255,0,0,0,0
1671457368607,29,111844,6,4.395,-3.674,0.000,1,4.891,2,4.085,3,5.511,4,5.995,255,0,0,0,0
1671457368622,15,111859,6,4.395,-3.674,0.000,1,4.891,2,4.085,3,5.511,4,5.995,255,0,0,0,0
1671457368653,31,111890,6,4.395,-3.674,0.000,1,4.891,2,4.085,3,5.511,4,5.995,255,0,0,0,0
1671457368654,1,111891,6,4.398,-3.525,0.000,1,4.891,2,4.085,3,5.511,4,5.995,255,0,0,0,0
1671457368729,75,111966,6,4.398,-3.525,0.000,1,4.891,2,4.085,3,5.511,4,5.995,255,0,0,0,0
1671457368791,62,112028,6,4.398,-3.525,0.000,1,4.894,2,4.085,3,5.511,4,5.995,255,0,0,0,0
1671457368821,30,112058,6,4.400,-3.458,0.000,1,4.894,2,4.085,3,5.511,4,5.995,255,0,0,0,0
1671457368884,63,112121,6,4.400,-3.458,0.000,1,4.886,2,4.085,3,5.509,4,5.998,255,0,0,0,0
1671457368937,53,112174,6,4.400,-3.458,0.000,1,4.886,2,4.085,3,5.509,4,5.998,255,0,0,0,0
1671457368937,0,112174,6,4.400,-3.458,0.000,1,4.886,2,4.085,3,5.509,4,5.998,255,0,0,0,0
1671457368945,8,112182,6,4.399,-3.611,0.000,1,4.891,2,4.088,3,5.492,4,5.995,255,0,0,0,0
1671457369021,76,112258,6,4.399,-3.611,0.000,1,4.891,2,4.088,3,5.492,4,5.995,255,0,0,0,0
1671457369046,25,112283,6,4.398,-3.717,0.000,1,4.891,2,4.088,3,5.492,4,5.995,255,0,0,0,0
1671457369053,7,112290,6,4.398,-3.717,0.000,1,4.883,2,4.085,3,5.514,4,5.995,255,0,0,0,0
1671457369113,60,112350,6,4.398,-3.717,0.000,1,4.883,2,4.085,3,5.514,4,5.995,255,0,0,0,0
1671457369113,0,112350,6,4.398,-3.717,0.000,1,4.883,2,4.085,3,5.514,4,5.995,255,0,0,0,0
1671457369146,33,112383,6,4.391,-3.493,0.000,1,4.883,2,4.085,3,5.514,4,5.995,255,0,0,0,0
1671457369175,29,112412,6,4.391,-3.493,0.000,1,4.883,2,4.085,3,5.514,4,5.995,255,0,0,0,0
1671457369236,61,112473,6,4.391,-3.493,0.000,1,4.883,2,4.085,3,5.514,4,5.995,255,0,0,0,0
1671457369282,46,112519,6,4.391,-3.493,0.000,1,4.886,2,4.091,3,5.511,4,5.998,255,0,0,0,0
1671457369358,76,112595,6,4.391,-3.493,0.000,1,4.886,2,4.091,3,5.511,4,5.998,255,0,0,0,0
1671457369359,1,112596,6,4.396,-3.488,0.000,1,4.886,2,4.091,3,5.511,4,5.998,255,0,0,0,0
1671457369389,30,112626,6,4.396,-3.488,0.000,1,4.894,2,4.088,3,5.511,4,5.998,255,0,0,0,0
1671457369419,30,112656,6,4.396,-3.488,0.000,1,4.894,2,4.088,3,5.511,4,5.998,255,0,0,0,0
1671457369918,499,113155,6,4.415,-3.444,0.000,1,4.894,2,4.088,3,5.511,4,5.998,255,0,0,0,0
1671457370010,92,113247,6,4.415,-3.444,0.000,1,4.894,2,4.088,3,5.511,4,5.998,255,0,0,0,0
1671457370032,22,113269,6,4.415,-3.444,0.000,1,4.894,2,4.088,3,5.511,4,5.998,255,0,0,0,0
1671457370032,0,113269,6,4.411,-3.454,0.000,1,4.894,2,4.088,3,5.511,4,5.998,255,0,0,0,0
1671457370041,9,113278,6,4.411,-3.454,0.000,1,4.894,2,4.088,3,5.511,4,5.998,255,0,0,0,0
1671457370077,36,113314,6,4.402,-3.478,0.000,1,4.894,2,4.088,3,5.511,4,5.998,255,0,0,0,0
1671457370182,105,113419,6,4.402,-3.478,0.000,1,4.891,2,4.077,3,5.511,4,5.995,255,0,0,0,0
1671457370211,29,113448,6,4.402,-3.478,0.000,1,4.891,2,4.077,3,5.511,4,5.995,255,0,0,0,0
1671457370241,30,113478,6,4.402,-3.478,0.000,1,4.891,2,4.077,3,5.511,4,5.995,255,0,0,0,0
1671457370241,0,113478,6,4.402,-3.478,0.000,1,4.891,2,4.077,3,5.511,4,5.995,255,0,0,0,0
1671457370257,16,113494,6,4.402,-3.478,0.000,1,4.891,2,4.077,3,5.511,4,5.995,255,0,0,0,0
1671457370318,61,113555,6,4.402,-3.478,0.000,1,4.891,2,4.077,3,5.511,4,5.995,255,0,0,0,0
1671457370349,31,113586,6,4.402,-3.478,0.000,1,4.891,2,4.077,3,5.511,4,5.995,255,0,0,0,0
1671457370403,54,113640,6,4.402,-3.478,0.000,1,4.891,2,4.077,3,5.511,4,5.995,255,0,0,0,0
1671457370426,23,113663,6,4.402,-3.478,0.000,1,4.856,2,4.077,3,5.511,4,5.995,255,0,0,0,0
1671457370426,0,113663,6,4.402,-3.478,0.000,1,4.856,2,4.077,3,5.511,4,5.995,255,0,0,0,0
1671457370457,31,113694,1,9.390,-3.685,2.220,255,0,0,0,0
1671457370457,0,113694,2,0.003,-3.685,2.220,255,0,0,0,0
1671457370457,0,113694,3,0.003,0.000,2.220,255,0,0,0,0
1671457370457,0,113694,4,9.390,0.000,2.220,255,0,0,0,0
1671457370457,0,113694,6,4.402,-3.478,0.000,1,4.856,2,4.077,3,5.511,4,5.995,255,0,0,0,0
1671457370487,30,113724,6,4.402,-3.478,0.000,1,4.856,2,4.077,3,5.511,4,5.995,255,0,0,0,0
1671457370549,62,113786,6,4.402,-3.478,0.000,1,4.856,2,4.077,3,5.511,4,5.995,255,0,0,0,0
1671457370595,46,113832,6,4.402,-3.478,0.000,1,4.856,2,4.077,3,5.511,4,5.995,255,0,0,0,0
1671457370656,61,113893,6,4.402,-3.478,0.000,1,4.894,2,4.088,3,5.511,4,5.995,255,0,0,0,0
1671457370656,0,113893,6,4.402,-3.478,0.000,1,4.894,2,4.088,3,5.511,4,5.995,255,0,0,0,0
1671457370688,32,113925,6,4.402,-3.478,0.000,1,4.894,2,4.088,3,5.511,4,5.998,255,0,0,0,0
1671457370734,46,113971,6,4.402,-3.478,0.000,1,4.894,2,4.088,3,5.511,4,5.998,255,0,0,0,0
1671457370764,30,114001,6,4.402,-3.478,0.000,1,4.883,2,4.088,3,5.509,4,5.995,255,0,0,0,0
1671457370793,29,114030,6,4.402,-3.478,0.000,1,4.883,2,4.088,3,5.509,4,5.995,255,0,0,0,0
1671457370850,57,114087,6,4.402,-3.478,0.000,1,4.883,2,4.088,3,5.509,4,5.995,255,0,0,0,0
1671457370857,7,114094,6,4.399,-3.675,0.000,1,4.883,2,4.088,3,5.509,4,5.995,255,0,0,0,0
1671457370916,59,114153,6,4.399,-3.675,0.000,1,4.883,2,4.088,3,5.509,4,5.995,255,0,0,0,0
1671457370949,33,114186,6,4.399,-3.675,0.000,1,4.883,2,4.088,3,5.509,4,5.995,255,0,0,0,0
1671457371009,60,114246,6,4.399,-3.690,0.000,1,4.886,2,4.088,3,5.511,4,5.995,255,0,0,0,0
1671457371038,29,114275,6,4.399,-3.690,0.000,1,4.883,2,4.088,3,5.509,4,5.995,255,0,0,0,0
1671457371101,63,114338,6,4.399,-3.690,0.000,1,4.883,2,4.088,3,5.509,4,5.995,255,0,0,0,0
1671457371102,1,114339,6,4.400,-3.693,0.000,1,4.883,2,4.088,3,5.509,4,5.995,255,0,0,0,0
1671457371126,24,114363,6,4.400,-3.693,0.000,1,4.886,2,4.088,3,5.506,4,5.995,255,0,0,0,0
1671457371169,43,114406,6,4.400,-3.693,0.000,1,4.886,2,4.088,3,5.506,4,5.995,255,0,0,0,0
1671457371193,24,114430,6,4.400,-3.693,0.000,1,4.886,2,4.088,3,5.506,4,5.995,255,0,0,0,0
1671457371256,63,114493,6,4.405,-3.692,0.000,1,4.886,2,4.088,3,5.506,4,5.995,255,0,0,0,0
1671457371285,29,114522,6,4.405,-3.692,0.000,1,4.891,2,4.088,3,5.511,4,5.995,255,0,0,0,0
1671457371285,0,114522,6,4.405,-3.692,0.000,1,4.891,2,4.088,3,5.511,4,5.995,255,0,0,0,0
1671457371344,59,114581,6,4.405,-3.692,0.000,1,4.891,2,4.088,3,5.511,4,5.995,255,0,0,0,0
1671457371361,17,114598,6,4.370,-3.691,0.000,1,4.886,2,4.094,3,5.511,4,5.995,255,0,0,0,0
1671457371437,76,114674,6,4.370,-3.691,0.000,1,4.886,2,4.094,3,5.511,4,5.995,255,0,0,0,0
1671457371468,31,114705,6,4.370,-3.691,0.000,1,4.886,2,4.094,3,5.503,4,5.995,255,0,0,0,0
1671457371543,75,114780,6,4.370,-3.691,0.000,1,4.886,2,4.094,3,5.503,4,5.995,255,0,0,0,0
1671457371544,1,114781,6,4.386,-3.599,0.000,1,4.886,2,4.094,3,5.503,4,5.995,255,0,0,0,0
1671457371574,30,114811,6,4.386,-3.599,0.000,1,4.883,2,4.091,3,5.503,4,5.995,255,0,0,0,0
1671457371606,32,114843,6,4.395,-3.463,0.000,1,4.883,2,4.091,3,5.503,4,5.995,255,0,0,0,0
1671457371669,63,114906,6,4.395,-3.463,0.000,1,4.883,2,4.091,3,5.503,4,5.995,255,0,0,0,0
1671457371716,47,114953,6,4.395,-3.463,0.000,1,4.883,2,4.091,3,5.503,4,5.995,255,0,0,0,0
1671457371745,29,114982,6,4.395,-3.463,0.000,1,4.883,2,4.091,3,5.503,4,5.995,255,0,0,0,0
1671457371746,1,114983,6,4.396,-3.529,0.000,1,4.883,2,4.091,3,5.503,4,5.995,255,0,0,0,0
1671457371816,70,115053,6,4.396,-3.529,0.000,1,4.883,2,4.094,3,5.484,4,5.995,255,0,0,0,0
1671457371913,97,115150,6,4.396,-3.529,0.000,1,4.883,2,4.094,3,5.484,4,5.995,255,0,0,0,0
1671457371945,32,115182,6,4.395,-3.487,0.000,1,4.883,2,4.094,3,5.484,4,5.995,255,0,0,0,0
1671457371998,53,115235,6,4.395,-3.487,0.000,1,4.894,2,4.094,3,5.511,4,5.995,255,0,0,0,0
1671457372042,44,115279,6,4.395,-3.487,0.000,1,4.883,2,4.094,3,5.509,4,5.995,255,0,0,0,0
1671457372043,1,115280,6,4.370,-3.481,0.000,1,4.883,2,4.094,3,5.509,4,5.995,255,0,0,0,0
1671457372066,23,115303,6,4.370,-3.481,0.000,1,4.883,2,4.094,3,5.509,4,5.995,255,0,0,0,0
1671457372097,31,115334,6,4.304,-3.467,0.000,1,4.883,2,4.094,3,5.509,4,5.995,255,0,0,0,0
1671457372126,29,115363,6,4.304,-3.467,0.000,1,4.886,2,4.088,3,5.509,4,5.995,255,0,0,0,0
1671457372218,92,115455,6,4.304,-3.467,0.000,1,4.886,2,4.088,3,5.509,4,5.995,255,0,0,0,0
1671457372235,17,115472,6,4.304,-3.467,0.000,1,4.883,2,4.091,3,5.503,4,5.995,255,0,0,0,0
1671457372239,4,115476,6,4.355,-3.474,0.000,1,4.883,2,4.091,3,5.503,4,5.995,255,0,0,0,0
1671457372294,55,115531,6,4.355,-3.474,0.000,1,4.883,2,4.091,3,5.503,4,5.995,255,0,0,0,0
1671457372339,45,115576,6,4.355,-3.474,0.000,1,4.883,2,4.091,3,5.503,4,5.995,255,0,0,0,0
1671457372373,34,115610,6,4.395,-3.479,0.000,1,4.880,2,4.099,3,5.509,4,5.995,255,0,0,0,0
1671457372438,65,115675,6,4.395,-3.479,0.000,1,4.880,2,4.099,3,5.509,4,5.995,255,0,0,0,0
1671457372446,8,115683,6,4.395,-3.479,0.000,1,4.880,2,4.099,3,5.506,4,5.995,255,0,0,0,0
1671457372446,0,115683,6,4.395,-3.479,0.000,1,4.880,2,4.099,3,5.506,4,5.995,255,0,0,0,0
1671457372508,62,115745,6,4.399,-3.482,0.000,1,4.880,2,4.099,3,5.506,4,5.995,255,0,0,0,0
1671457372538,30,115775,6,4.399,-3.482,0.000,1,4.883,2,4.102,3,5.509,4,5.995,255,0,0,0,0
1671457372588,50,115825,6,4.398,-3.487,0.000,1,4.883,2,4.102,3,5.509,4,5.995,255,0,0,0,0
1671457372615,27,115852,6,4.398,-3.487,0.000,1,4.883,2,4.102,3,5.509,4,5.995,255,0,0,0,0
1671457372656,41,115893,6,4.398,-3.487,0.000,1,4.886,2,4.102,3,5.509,4,5.995,255,0,0,0,0
1671457372656,0,115893,6,4.398,-3.487,0.000,1,4.886,2,4.102,3,5.509,4,5.995,255,0,0,0,0
1671457372676,20,115913,6,4.398,-3.487,0.000,1,4.886,2,4.102,3,5.509,4,5.995,255,0,0,0,0
1671457372739,63,115976,6,4.319,-3.662,0.000,1,4.886,2,4.102,3,5.509,4,5.995,255,0,0,0,0
1671457372784,45,116021,6,4.319,-3.662,0.000,1,4.886,2,4.102,3,5.509,4,5.995,255,0,0,0,0
1671457372891,107,116128,6,4.319,-3.662,0.000,1,4.886,2,4.102,3,5.509,4,5.995,255,0,0,0,0
1671457372922,31,116159,6,4.319,-3.662,0.000,1,4.886,2,4.102,3,5.509,4,5.995,255,0,0,0,0
1671457372922,0,116159,6,4.348,-3.625,0.000,1,4.886,2,4.102,3,5.509,4,5.995,255,0,0,0,0
1671457372983,61,116220,6,4.348,-3.625,0.000,1,4.883,2,4.108,3,5.506,4,5.995,255,0,0,0,0
1671457373044,61,116281,6,4.348,-3.625,0.000,1,4.880,2,4.116,3,5.498,4,6.009,255,0,0,0,0
1671457373076,32,116313,6,4.386,-3.518,0.000,1,4.880,2,4.116,3,5.498,4,6.009,255,0,0,0,0
1671457373106,30,116343,6,4.400,-3.494,0.000,1,4.880,2,4.116,3,5.498,4,6.009,255,0,0,0,0
1671457373167,61,116404,6,4.400,-3.494,0.000,1,4.886,2,4.097,3,5.509,4,6.009,255,0,0,0,0
1671457373167,0,116404,6,4.400,-3.494,0.000,1,4.886,2,4.097,3,5.509,4,6.009,255,0,0,0,0
1671457373197,30,116434,6,4.400,-3.494,0.000,1,4.886,2,4.097,3,5.509,4,5.995,255,0,0,0,0
1671457373213,16,116450,6,4.364,-3.499,0.000,1,4.886,2,4.097,3,5.509,4,5.995,255,0,0,0,0
1671457373288,75,116525,6,4.364,-3.499,0.000,1,4.886,2,4.097,3,5.509,4,5.995,255,0,0,0,0
1671457373652,364,116889,6,4.364,-3.499,0.000,1,4.886,2,4.094,3,5.503,4,5.995,255,0,0,0,0
1671457373761,109,116998,6,4.364,-3.499,0.000,1,4.886,2,4.094,3,5.503,4,5.995,255,0,0,0,0
1671457373762,1,116999,6,4.372,-3.529,0.000,1,4.886,2,4.094,3,5.503,4,5.995,255,0,0,0,0
1671457373791,29,117028,6,4.372,-3.529,0.000,1,4.886,2,4.094,3,5.503,4,5.995,255,0,0,0,0
1671457373822,31,117059,6,4.372,-3.529,0.000,1,4.886,2,4.094,3,5.503,4,5.995,255,0,0,0,0
1671457373872,50,117109,6,4.391,-3.648,0.000,1,4.886,2,4.094,3,5.503,4,5.995,255,0,0,0,0
1671457374189,317,117426,6,4.391,-3.648,0.000,1,4.886,2,4.094,3,5.503,4,5.995,255,0,0,0,0
1671457374233,44,117470,6,4.391,-3.648,0.000,1,4.886,2,4.094,3,5.503,4,5.995,255,0,0,0,0
1671457374234,1,117471,6,4.391,-3.648,0.000,1,4.886,2,4.094,3,5.503,4,5.995,255,0,0,0,0
1671457374299,65,117536,6,4.391,-3.648,0.000,1,4.883,2,4.085,3,5.514,4,5.995,255,0,0,0,0
1671457374309,10,117546,6,4.391,-3.648,0.000,1,4.883,2,4.085,3,5.514,4,5.995,255,0,0,0,0
1671457374370,61,117607,6,4.391,-3.648,0.000,1,4.883,2,4.085,3,5.514,4,5.995,255,0,0,0,0
1671457374400,30,117637,6,4.391,-3.648,0.000,1,4.883,2,4.083,3,5.509,4,5.998,255,0,0,0,0
1671457374450,50,117687,6,4.391,-3.648,0.000,1,4.883,2,4.083,3,5.509,4,5.998,255,0,0,0,0
1671457374454,4,117691,6,4.400,-3.697,0.000,1,4.883,2,4.083,3,5.509,4,5.998,255,0,0,0,0
1671457374477,23,117714,6,4.400,-3.697,0.000,1,4.883,2,4.083,3,5.509,4,5.998,255,0,0,0,0
1671457374507,30,117744,6,4.400,-3.697,0.000,1,4.883,2,4.085,3,5.514,4,5.998,255,0,0,0,0
1671457374570,63,117807,6,4.400,-3.697,0.000,1,4.883,2,4.085,3,5.514,4,5.998,255,0,0,0,0
1671457374602,32,117839,6,4.403,-3.697,0.000,1,4.883,2,4.085,3,5.514,4,5.998,255,0,0,0,0
1671457374625,23,117862,6,4.403,-3.697,0.000,1,4.880,2,4.074,3,5.514,4,5.998,255,0,0,0,0
1671457374625,0,117862,6,4.403,-3.697,0.000,1,4.880,2,4.074,3,5.514,4,5.998,255,0,0,0,0
1671457374693,68,117930,6,4.403,-3.697,0.000,1,4.880,2,4.074,3,5.514,4,5.998,255,0,0,0,0
1671457374724,31,117961,6,4.326,-3.700,0.000,1,4.880,2,4.074,3,5.514,4,5.998,255,0,0,0,0
1671457374739,15,117976,6,4.326,-3.700,0.000,1,4.883,2,4.083,3,5.514,4,5.998,255,0,0,0,0
1671457374801,62,118038,6,4.326,-3.700,0.000,1,4.883,2,4.083,3,5.514,4,5.998,255,0,0,0,0
1671457374833,32,118070,6,4.326,-3.700,0.000,1,4.883,2,4.083,3,5.514,4,5.998,255,0,0,0,0
1671457374834,1,118071,6,4.346,-3.706,0.000,1,4.883,2,4.083,3,5.514,4,5.998,255,0,0,0,0
1671457374884,50,118121,6,4.346,-3.706,0.000,1,4.883,2,4.083,3,5.514,4,5.998,255,0,0,0,0
1671457374908,24,118145,6,4.346,-3.706,0.000,1,4.883,2,4.083,3,5.514,4,5.998,255,0,0,0,0
1671457374938,30,118175,6,4.394,-3.706,0.000,1,4.883,2,4.083,3,5.514,4,5.998,255,0,0,0,0
1671457374969,31,118206,6,4.394,-3.706,0.000,1,4.883,2,4.083,3,5.514,4,5.998,255,0,0,0,0
1671457375030,61,118267,6,4.394,-3.706,0.000,1,4.883,2,4.083,3,5.514,4,5.998,255,0,0,0,0
1671457375030,0,118267,6,4.394,-3.706,0.000,1,4.883,2,4.083,3,5.514,4,5.998,255,0,0,0,0
1671457375075,45,118312,6,4.394,-3.706,0.000,1,4.894,2,4.077,3,5.514,4,5.998,255,0,0,0,0
1671457375153,78,118390,6,4.321,-3.510,0.000,1,4.894,2,4.077,3,5.514,4,5.998,255,0,0,0,0
1671457375183,30,118420,6,4.321,-3.510,0.000,1,4.886,2,4.083,3,5.511,4,5.998,255,0,0,0,0
1671457375245,62,118482,6,4.321,-3.510,0.000,1,4.886,2,4.083,3,5.511,4,5.998,255,0,0,0,0
1671457375282,37,118519,6,4.321,-3.510,0.000,1,4.883,2,4.085,3,5.503,4,5.998,255,0,0,0,0
1671457375283,1,118520,6,4.316,-3.495,0.000,1,4.883,2,4.085,3,5.503,4,5.998,255,0,0,0,0
1671457375290,7,118527,6,4.316,-3.495,0.000,1,4.883,2,4.085,3,5.503,4,5.998,255,0,0,0,0
1671457375381,91,118618,6,4.305,-3.466,0.000,1,4.894,2,4.085,3,5.511,4,5.998,255,0,0,0,0
1671457375411,30,118648,6,4.305,-3.466,0.000,1,4.894,2,4.085,3,5.511,4,5.998,255,0,0,0,0
1671457375859,448,119096,6,4.305,-3.466,0.000,1,4.894,2,4.085,3,5.511,4,5.998,255,0,0,0,0
1671457375859,0,119096,6,4.305,-3.466,0.000,1,4.894,2,4.085,3,5.511,4,5.998,255,0,0,0,0
1671457375956,97,119193,6,4.361,-3.605,0.000,1,4.894,2,4.085,3,5.511,4,5.998,255,0,0,0,0
1671457375987,31,119224,6,4.361,-3.605,0.000,1,4.894,2,4.085,3,5.511,4,5.998,255,0,0,0,0
1671457376018,31,119255,6,4.361,-3.605,0.000,1,4.894,2,4.085,3,5.511,4,5.998,255,0,0,0,0
1671457376053,35,119290,6,4.394,-3.688,0.000,1,4.894,2,4.085,3,5.511,4,5.998,255,0,0,0,0
1671457376124,71,119361,6,4.394,-3.688,0.000,1,4.894,2,4.085,3,5.511,4,5.998,255,0,0,0,0
1671457376124,0,119361,6,4.394,-3.688,0.000,1,4.894,2,4.085,3,5.511,4,5.998,255,0,0,0,0
1671457376171,47,119408,6,4.394,-3.688,0.000,1,4.886,2,4.083,3,5.511,4,5.998,255,0,0,0,0
1671457376202,31,119439,6,4.394,-3.688,0.000,1,4.886,2,4.083,3,5.511,4,5.998,255,0,0,0,0
1671457376232,30,119469,6,4.394,-3.688,0.000,1,4.886,2,4.083,3,5.511,4,5.998,255,0,0,0,0
1671457376264,32,119501,6,4.394,-3.688,0.000,1,4.886,2,4.083,3,5.511,4,5.998,255,0,0,0,0
1671457376431,167,119668,6,4.394,-3.688,0.000,1,4.886,2,4.083,3,5.511,4,5.998,255,0,0,0,0
1671457376507,76,119744,6,4.394,-3.688,0.000,1,4.886,2,4.083,3,5.511,4,5.998,255,0,0,0,0
1671457376538,31,119775,6,4.394,-3.688,0.000,1,4.894,2,4.074,3,5.503,4,5.998,255,0,0,0,0
1671457376568,30,119805,6,4.394,-3.688,0.000,1,4.894,2,4.074,3,5.503,4,5.998,255,0,0,0,0
1671457376599,31,119836,6,4.394,-3.688,0.000,1,4.894,2,4.074,3,5.503,4,5.998,255,0,0,0,0
1671457376599,0,119836,6,4.394,-3.688,0.000,1,4.894,2,4.074,3,5.503,4,5.998,255,0,0,0,0
1671457376638,39,119875,6,4.394,-3.688,0.000,1,4.880,2,4.077,3,5.503,4,5.998,255,0,0,0,0
1671457376664,26,119901,6,4.312,-3.488,0.000,1,4.880,2,4.077,3,5.503,4,5.998,255,0,0,0,0
1671457376690,26,119927,6,4.312,-3.488,0.000,1,4.880,2,4.077,3,5.503,4,5.998,255,0,0,0,0
1671457376753,63,119990,6,4.312,-3.488,0.000,1,4.880,2,4.077,3,5.503,4,5.998,255,0,0,0,0
1671457376784,31,120021,6,4.312,-3.488,0.000,1,4.891,2,4.077,3,5.503,4,5.998,255,0,0,0,0
1671457376784,0,120021,6,4.312,-3.488,0.000,1,4.891,2,4.077,3,5.503,4,5.998,255,0,0,0,0
1671457376814,30,120051,6,4.385,-3.674,0.000,1,4.891,2,4.077,3,5.503,4,5.998,255,0,0,0,0
1671457376908,94,120145,6,4.385,-3.674,0.000,1,4.891,2,4.077,3,5.503,4,5.998,255,0,0,0,0
1671457376939,31,120176,6,4.385,-3.674,0.000,1,4.891,2,4.077,3,5.503,4,5.998,255,0,0,0,0
1671457376970,31,120207,6,4.385,-3.674,0.000,1,4.891,2,4.077,3,5.503,4,5.998,255,0,0,0,0
1671457377030,60,120267,6,4.385,-3.674,0.000,1,4.883,2,4.080,3,5.503,4,5.989,255,0,0,0,0
1671457377030,0,120267,6,4.385,-3.674,0.000,1,4.883,2,4.080,3,5.503,4,5.989,255,0,0,0,0
1671457377045,15,120282,6,4.385,-3.674,0.000,1,4.883,2,4.080,3,5.503,4,5.989,255,0,0,0,0
1671457377076,31,120313,6,4.385,-3.674,0.000,1,4.883,2,4.080,3,5.503,4,5.989,255,0,0,0,0
1671457377107,31,120344,6,4.385,-3.674,0.000,1,4.883,2,4.080,3,5.503,4,5.989,255,0,0,0,0
1671457377156,49,120393,6,4.399,-3.691,0.000,1,4.883,2,4.080,3,5.503,4,5.989,255,0,0,0,0
1671457377216,60,120453,6,4.399,-3.691,0.000,1,4.891,2,4.080,3,5.509,4,5.998,255,0,0,0,0
1671457377216,0,120453,6,4.399,-3.691,0.000,1,4.891,2,4.080,3,5.509,4,5.998,255,0,0,0,0
1671457377262,46,120499,6,4.399,-3.691,0.000,1,4.883,2,4.085,3,5.503,4,5.998,255,0,0,0,0
1671457377324,62,120561,6,4.399,-3.691,0.000,1,4.883,2,4.085,3,5.503,4,5.998,255,0,0,0,0
1671457377356,32,120593,6,4.398,-3.470,0.000,1,4.883,2,4.085,3,5.503,4,5.998,255,0,0,0,0
1671457377417,61,120654,6,4.398,-3.470,0.000,1,4.883,2,4.085,3,5.503,4,5.998,255,0,0,0,0
1671457377447,30,120684,6,4.398,-3.470,0.000,1,4.883,2,4.085,3,5.503,4,5.998,255,0,0,0,0
1671457377447,0,120684,6,4.398,-3.470,0.000,1,4.883,2,4.085,3,5.503,4,5.998,255,0,0,0,0
1671457377468,21,120705,6,4.395,-3.619,0.000,1,4.886,2,4.083,3,5.509,4,5.998,255,0,0,0,0
1671457377511,43,120748,6,4.395,-3.619,0.000,1,4.886,2,4.083,3,5.509,4,5.998,255,0,0,0,0
1671457377580,69,120817,6,4.395,-3.619,0.000,1,4.886,2,4.083,3,5.509,4,5.998,255,0,0,0,0
1671457377585,5,120822,6,4.395,-3.619,0.000,1,4.886,2,4.083,3,5.509,4,5.998,255,0,0,0,0
1671457377600,15,120837,6,4.395,-3.619,0.000,1,4.886,2,4.083,3,5.509,4,5.998,255,0,0,0,0
1671457377600,0,120837,6,4.395,-3.619,0.000,1,4.886,2,4.083,3,5.509,4,5.998,255,0,0,0,0
1671457377661,61,120898,6,4.395,-3.619,0.000,1,4.886,2,4.083,3,5.509,4,5.998,255,0,0,0,0
1671457377689,28,120926,6,4.380,-3.645,0.000,1,4.880,2,4.085,3,5.503,4,5.998,255,0,0,0,0
1671457377727,38,120964,6,4.380,-3.645,0.000,1,4.891,2,4.085,3,5.503,4,5.998,255,0,0,0,0
1671457377768,41,121005,6,4.380,-3.645,0.000,1,4.891,2,4.085,3,5.503,4,5.998,255,0,0,0,0
1671457377799,31,121036,6,4.380,-3.645,0.000,1,4.891,2,4.085,3,5.503,4,5.998,255,0,0,0,0
1671457377800,1,121037,6,4.360,-3.599,0.000,1,4.891,2,4.085,3,5.503,4,5.998,255,0,0,0,0
1671457377890,90,121127,6,4.360,-3.599,0.000,1,4.891,2,4.085,3,5.503,4,5.998,255,0,0,0,0
1671457377920,30,121157,6,4.360,-3.599,0.000,1,4.891,2,4.085,3,5.503,4,5.998,255,0,0,0,0
1671457377981,61,121218,6,4.360,-3.599,0.000,1,4.883,2,4.088,3,5.503,4,5.998,255,0,0,0,0
1671457378014,33,121251,6,4.391,-3.678,0.000,1,4.894,2,4.091,3,5.503,4,5.992,255,0,0,0,0
1671457378028,14,121265,6,4.391,-3.678,0.000,1,4.894,2,4.091,3,5.503,4,5.992,255,0,0,0,0
1671457378028,0,121265,6,4.391,-3.678,0.000,1,4.894,2,4.091,3,5.503,4,5.992,255,0,0,0,0
1671457378090,62,121327,6,4.409,-3.686,0.000,1,4.894,2,4.091,3,5.503,4,5.992,255,0,0,0,0
1671457378136,46,121373,6,4.409,-3.686,0.000,1,4.894,2,4.088,3,5.503,4,5.998,255,0,0,0,0
1671457378167,31,121404,6,4.409,-3.686,0.000,1,4.894,2,4.088,3,5.503,4,5.998,255,0,0,0,0
1671457378199,32,121436,6,4.311,-3.680,0.000,1,4.894,2,4.088,3,5.503,4,5.998,255,0,0,0,0
1671457378227,28,121464,6,4.311,-3.680,0.000,1,4.894,2,4.088,3,5.503,4,5.998,255,0,0,0,0
1671457378227,0,121464,6,4.311,-3.680,0.000,1,4.894,2,4.088,3,5.503,4,5.998,255,0,0,0,0
1671457378291,64,121528,6,4.311,-3.680,0.000,1,4.894,2,4.088,3,5.503,4,5.998,255,0,0,0,0
1671457378320,29,121557,6,4.385,-3.682,0.000,1,4.891,2,4.085,3,5.509,4,5.998,255,0,0,0,0
1671457378342,22,121579,6,4.385,-3.682,0.000,1,4.883,2,4.080,3,5.509,4,5.998,255,0,0,0,0
1671457378384,42,121621,6,4.385,-3.682,0.000,1,4.883,2,4.080,3,5.503,4,5.998,255,0,0,0,0
1671457378412,28,121649,6,4.385,-3.682,0.000,1,4.883,2,4.080,3,5.503,4,5.998,255,0,0,0,0
1671457378413,1,121650,6,4.392,-3.690,0.000,1,4.883,2,4.080,3,5.503,4,5.998,255,0,0,0,0
1671457378443,30,121680,6,4.392,-3.690,0.000,1,4.883,2,4.080,3,5.503,4,5.998,255,0,0,0,0
1671457378505,62,121742,6,4.392,-3.690,0.000,1,4.891,2,4.080,3,5.503,4,5.998,255,0,0,0,0
1671457378536,31,121773,6,4.392,-3.690,0.000,1,4.891,2,4.080,3,5.509,4,5.998,255,0,0,0,0
1671457378561,25,121798,6,4.394,-3.691,0.000,1,4.891,2,4.080,3,5.509,4,5.998,255,0,0,0,0
1671457378604,43,121841,6,4.394,-3.691,0.000,1,4.891,2,4.080,3,5.509,4,5.998,255,0,0,0,0
1671457378604,0,121841,6,4.394,-3.691,0.000,1,4.891,2,4.080,3,5.509,4,5.998,255,0,0,0,0
1671457378641,37,121878,6,4.394,-3.691,0.000,1,4.883,2,4.080,3,5.503,4,5.998,255,0,0,0,0
1671457378672,31,121909,6,4.397,-3.699,0.000,1,4.883,2,4.080,3,5.503,4,5.998,255,0,0,0,0
1671457378687,15,121924,6,4.397,-3.699,0.000,1,4.883,2,4.080,3,5.503,4,5.998,255,0,0,0,0
1671457378718,31,121955,6,4.397,-3.699,0.000,1,4.883,2,4.080,3,5.503,4,5.998,255,0,0,0,0
1671457378794,76,122031,6,4.397,-3.699,0.000,1,4.883,2,4.080,3,5.503,4,5.998,255,0,0,0,0
1671457378794,0,122031,6,4.397,-3.699,0.000,1,4.883,2,4.080,3,5.503,4,5.998,255,0,0,0,0
1671457378886,92,122123,6,4.400,-3.708,0.000,1,4.875,2,4.083,3,5.500,4,5.998,255,0,0,0,0
1671457378900,14,122137,6,4.400,-3.708,0.000,1,4.875,2,4.083,3,5.500,4,5.998,255,0,0,0,0
1671457379129,229,122366,6,4.400,-3.708,0.000,1,4.883,2,4.080,3,5.503,4,5.998,255,0,0,0,0
1671457379159,30,122396,6,4.331,-3.569,0.000,1,4.889,2,4.077,3,5.503,4,5.998,255,0,0,0,0
1671457379159,0,122396,6,4.331,-3.569,0.000,1,4.889,2,4.077,3,5.503,4,5.998,255,0,0,0,0
1671457379218,59,122455,6,4.331,-3.569,0.000,1,4.889,2,4.077,3,5.503,4,5.998,255,0,0,0,0
1671457379237,19,122474,6,4.343,-3.560,0.000,1,4.883,2,4.077,3,5.503,4,5.998,255,0,0,0,0
1671457379270,33,122507,6,4.374,-3.524,0.000,1,4.883,2,4.077,3,5.503,4,5.998,255,0,0,0,0
1671457379330,60,122567,6,4.386,-3.497,0.000,1,4.883,2,4.077,3,5.503,4,5.998,255,0,0,0,0
1671457379345,15,122582,6,4.386,-3.497,0.000,1,4.883,2,4.080,3,5.503,4,5.998,255,0,0,0,0
1671457379345,0,122582,6,4.386,-3.497,0.000,1,4.883,2,4.080,3,5.503,4,5.998,255,0,0,0,0
1671457379424,79,122661,6,4.386,-3.497,0.000,1,4.883,2,4.080,3,5.503,4,5.998,255,0,0,0,0
1671457379518,94,122755,6,4.409,-3.447,0.000,1,4.883,2,4.080,3,5.503,4,5.998,255,0,0,0,0
1671457379548,30,122785,6,4.409,-3.447,0.000,1,4.891,2,4.080,3,5.500,4,5.998,255,0,0,0,0
1671457379611,63,122848,6,4.409,-3.447,0.000,1,4.891,2,4.080,3,5.500,4,5.998,255,0,0,0,0
1671457379641,30,122878,6,4.409,-3.447,0.000,1,4.894,2,4.085,3,5.503,4,6.003,255,0,0,0,0
1671457379643,2,122880,6,4.388,-3.578,0.000,1,4.894,2,4.085,3,5.503,4,6.003,255,0,0,0,0
1671457379672,29,122909,6,4.388,-3.578,0.000,1,4.894,2,4.085,3,5.503,4,6.003,255,0,0,0,0
1671457379735,63,122972,6,4.391,-3.680,0.000,1,4.894,2,4.085,3,5.503,4,6.003,255,0,0,0,0
1671457379764,29,123001,6,4.391,-3.680,0.000,1,4.891,2,4.083,3,5.503,4,5.998,255,0,0,0,0
1671457379780,16,123017,6,4.391,-3.680,0.000,1,4.891,2,4.083,3,5.503,4,5.998,255,0,0,0,0
1671457379811,31,123048,6,4.391,-3.680,0.000,1,4.891,2,4.083,3,5.503,4,5.998,255,0,0,0,0
1671457379812,1,123049,6,4.369,-3.684,0.000,1,4.891,2,4.083,3,5.503,4,5.998,255,0,0,0,0
1671457379935,123,123172,6,4.369,-3.684,0.000,1,4.891,2,4.083,3,5.503,4,5.998,255,0,0,0,0
1671457379965,30,123202,6,4.369,-3.684,0.000,1,4.891,2,4.083,3,5.503,4,5.998,255,0,0,0,0
1671457380041,76,123278,6,4.317,-3.688,0.000,1,4.883,2,4.074,3,5.503,4,5.998,255,0,0,0,0
1671457380072,31,123309,6,4.317,-3.688,0.000,1,4.883,2,4.074,3,5.503,4,5.998,255,0,0,0,0
1671457380103,31,123340,6,4.317,-3.688,0.000,1,4.891,2,4.072,3,5.503,4,5.998,255,0,0,0,0
1671457380104,1,123341,6,4.313,-3.602,0.000,1,4.891,2,4.072,3,5.503,4,5.998,255,0,0,0,0
1671457380165,61,123402,6,4.313,-3.602,0.000,1,4.891,2,4.072,3,5.506,4,5.998,255,0,0,0,0
1671457380196,31,123433,6,4.297,-3.468,0.000,1,4.891,2,4.072,3,5.506,4,5.998,255,0,0,0,0
1671457380211,15,123448,6,4.297,-3.468,0.000,1,4.883,2,4.072,3,5.506,4,5.998,255,0,0,0,0
1671457380288,77,123525,6,4.297,-3.468,0.000,1,4.883,2,4.072,3,5.506,4,5.998,255,0,0,0,0
1671457380314,26,123551,6,4.297,-3.468,0.000,1,4.883,2,4.072,3,5.503,4,5.998,255,0,0,0,0
1671457380315,1,123552,6,4.330,-3.614,0.000,1,4.883,2,4.072,3,5.503,4,5.998,255,0,0,0,0
1671457380334,19,123571,6,4.330,-3.614,0.000,1,4.883,2,4.072,3,5.503,4,5.998,255,0,0,0,0
1671457380396,62,123633,6,4.330,-3.614,0.000,1,4.883,2,4.072,3,5.503,4,5.998,255,0,0,0,0
1671457380442,46,123679,6,4.313,-3.697,0.000,1,4.883,2,4.072,3,5.503,4,5.998,255,0,0,0,0
1671457380639,197,123876,6,4.313,-3.697,0.000,1,4.883,2,4.072,3,5.503,4,5.998,255,0,0,0,0
1671457380639,0,123876,1,9.390,-3.685,2.220,255,0,0,0,0
1671457380639,0,123876,2,0.003,-3.685,2.220,255,0,0,0,0
1671457380639,0,123876,3,0.003,0.000,2.220,255,0,0,0,0
1671457380639,0,123876,4,9.390,0.000,2.220,255,0,0,0,0
1671457380639,0,123876,6,4.313,-3.697,0.000,1,4.883,2,4.072,3,5.503,4,5.998,255,0,0,0,0
1671457380687,48,123924,6,4.313,-3.697,0.000,1,4.886,2,4.074,3,5.503,4,5.998,255,0,0,0,0
1671457380717,30,123954,6,4.313,-3.697,0.000,1,4.886,2,4.074,3,5.503,4,5.998,255,0,0,0,0
1671457380766,49,124003,6,4.284,-3.701,0.000,1,4.883,2,4.074,3,5.503,4,6.003,255,0,0,0,0
1671457380828,62,124065,6,4.334,-3.697,0.000,1,4.883,2,4.074,3,5.503,4,6.003,255,0,0,0,0
1671457380888,60,124125,6,4.334,-3.697,0.000,1,4.883,2,4.083,3,5.509,4,6.003,255,0,0,0,0
1671457380888,0,124125,6,4.351,-3.698,0.000,1,4.883,2,4.083,3,5.509,4,6.003,255,0,0,0,0
1671457380919,31,124156,6,4.351,-3.698,0.000,1,4.883,2,4.083,3,5.509,4,6.003,255,0,0,0,0
1671457380949,30,124186,6,4.351,-3.698,0.000,1,4.883,2,4.083,3,5.509,4,6.003,255,0,0,0,0
1671457380980,31,124217,6,4.399,-3.698,0.000,1,4.883,2,4.080,3,5.509,4,6.003,255,0,0,0,0
1671457381041,61,124278,6,4.399,-3.698,0.000,1,4.883,2,4.080,3,5.509,4,6.003,255,0,0,0,0
1671457381072,31,124309,6,4.399,-3.698,0.000,1,4.883,2,4.080,3,5.509,4,6.003,255,0,0,0,0
1671457381072,0,124309,6,4.357,-3.641,0.000,1,4.883,2,4.080,3,5.509,4,6.003,255,0,0,0,0
1671457381133,61,124370,6,4.357,-3.641,0.000,1,4.883,2,4.080,3,5.509,4,6.003,255,0,0,0,0
1671457381163,30,124400,6,4.357,-3.641,0.000,1,4.883,2,4.080,3,5.503,4,6.003,255,0,0,0,0
1671457381188,25,124425,6,4.308,-3.486,0.000,1,4.883,2,4.080,3,5.503,4,6.003,255,0,0,0,0
1671457381237,49,124474,6,4.308,-3.486,0.000,1,4.883,2,4.080,3,5.503,4,6.003,255,0,0,0,0
1671457381270,33,124507,6,4.308,-3.486,0.000,1,4.889,2,4.080,3,5.509,4,5.998,255,0,0,0,0
1671457381270,0,124507,6,4.308,-3.486,0.000,1,4.889,2,4.080,3,5.509,4,5.998,255,0,0,0,0
1671457381296,26,124533,6,4.382,-3.669,0.000,1,4.889,2,4.080,3,5.509,4,5.998,255,0,0,0,0
1671457381315,19,124552,6,4.382,-3.669,0.000,1,4.889,2,4.080,3,5.509,4,5.998,255,0,0,0,0
1671457381394,79,124631,6,4.382,-3.669,0.000,1,4.889,2,4.080,3,5.509,4,5.998,255,0,0,0,0
1671457381424,30,124661,6,4.382,-3.669,0.000,1,4.880,2,4.080,3,5.503,4,5.998,255,0,0,0,0
1671457381470,46,124707,6,4.382,-3.669,0.000,1,4.880,2,4.080,3,5.503,4,5.998,255,0,0,0,0
1671457381471,1,124708,6,4.366,-3.623,0.000,1,4.880,2,4.080,3,5.503,4,5.998,255,0,0,0,0
1671457381530,59,124767,6,4.366,-3.623,0.000,1,4.880,2,4.080,3,5.503,4,5.998,255,0,0,0,0
1671457381577,47,124814,6,4.366,-3.623,0.000,1,4.880,2,4.080,3,5.503,4,5.998,255,0,0,0,0
1671457381643,66,124880,6,4.319,-3.501,0.000,1,4.891,2,4.080,3,5.503,4,6.003,255,0,0,0,0
1671457381716,73,124953,6,4.319,-3.501,0.000,1,4.891,2,4.080,3,5.503,4,6.003,255,0,0,0,0
1671457381763,47,125000,6,4.319,-3.501,0.000,1,4.880,2,4.083,3,5.503,4,5.998,255,0,0,0,0
1671457381764,1,125001,6,4.348,-3.579,0.000,1,4.880,2,4.083,3,5.503,4,5.998,255,0,0,0,0
1671457381823,59,125060,6,4.348,-3.579,0.000,1,4.880,2,4.083,3,5.503,4,5.998,255,0,0,0,0
1671457381887,64,125124,6,4.348,-3.579,0.000,1,4.880,2,4.083,3,5.503,4,5.998,255,0,0,0,0
1671457381917,30,125154,6,4.352,-3.657,0.000,1,4.880,2,4.083,3,5.503,4,5.998,255,0,0,0,0
1671457381961,44,125198,6,4.352,-3.657,0.000,1,4.880,2,4.083,3,5.503,4,5.998,255,0,0,0,0
1671457382009,48,125246,6,4.352,-3.657,0.000,1,4.880,2,4.083,3,5.503,4,5.998,255,0,0,0,0
1671457382009,0,125246,6,4.363,-3.673,0.000,1,4.880,2,4.083,3,5.503,4,5.998,255,0,0,0,0
1671457382063,54,125300,6,4.363,-3.673,0.000,1,4.891,2,4.085,3,5.514,4,6.003,255,0,0,0,0
1671457382070,7,125307,6,4.367,-3.651,0.000,1,4.891,2,4.085,3,5.514,4,6.003,255,0,0,0,0
1671457382144,74,125381,6,4.367,-3.651,0.000,1,4.891,2,4.085,3,5.514,4,6.003,255,0,0,0,0
1671457382173,29,125410,6,4.367,-3.651,0.000,1,4.883,2,4.085,3,5.506,4,5.998,255,0,0,0,0
1671457382222,49,125459,6,4.367,-3.651,0.000,1,4.883,2,4.085,3,5.506,4,5.998,255,0,0,0,0
1671457382223,1,125460,6,4.359,-3.612,0.000,1,4.883,2,4.085,3,5.506,4,5.998,255,0,0,0,0
1671457382266,43,125503,6,4.359,-3.612,0.000,1,4.886,2,4.085,3,5.503,4,5.998,255,0,0,0,0
1671457382327,61,125564,6,4.359,-3.612,0.000,1,4.886,2,4.085,3,5.503,4,5.998,255,0,0,0,0
1671457382360,33,125597,6,4.401,-3.708,0.000,1,4.883,2,4.083,3,5.514,4,6.003,255,0,0,0,0
1671457382390,30,125627,6,4.401,-3.708,0.000,1,4.883,2,4.083,3,5.514,4,6.003,255,0,0,0,0
1671457382405,15,125642,6,4.401,-3.708,0.000,1,4.883,2,4.083,3,5.514,4,6.003,255,0,0,0,0
1671457382405,0,125642,6,4.401,-3.708,0.000,1,4.883,2,4.083,3,5.514,4,6.003,255,0,0,0,0
1671457382469,64,125706,6,4.321,-3.481,0.000,1,4.883,2,4.083,3,5.514,4,6.003,255,0,0,0,0
1671457382515,46,125752,6,4.321,-3.481,0.000,1,4.883,2,4.083,3,5.511,4,5.998,255,0,0,0,0
1671457382546,31,125783,6,4.321,-3.481,0.000,1,4.883,2,4.083,3,5.511,4,5.998,255,0,0,0,0
1671457382576,30,125813,6,4.315,-3.683,0.000,1,4.883,2,4.083,3,5.511,4,5.998,255,0,0,0,0
1671457382642,66,125879,6,4.315,-3.683,0.000,1,4.883,2,4.083,3,5.511,4,5.998,255,0,0,0,0
1671457382643,1,125880,6,4.315,-3.683,0.000,1,4.883,2,4.083,3,5.511,4,5.998,255,0,0,0,0
1671457382685,42,125922,6,4.315,-3.683,0.000,1,4.883,2,4.083,3,5.511,4,5.998,255,0,0,0,0
1671457382731,46,125968,6,4.315,-3.740,0.000,1,4.883,2,4.083,3,5.514,4,6.003,255,0,0,0,0
1671457382791,60,126028,6,4.315,-3.740,0.000,1,4.891,2,4.083,3,5.514,4,5.998,255,0,0,0,0
1671457382821,30,126058,6,4.315,-3.740,0.000,1,4.891,2,4.083,3,5.514,4,5.998,255,0,0,0,0
1671457382898,77,126135,6,4.315,-3.740,0.000,1,4.891,2,4.083,3,5.514,4,5.998,255,0,0,0,0
1671457382899,1,126136,6,4.349,-3.690,0.000,1,4.891,2,4.083,3,5.514,4,5.998,255,0,0,0,0
1671457382959,60,126196,6,4.349,-3.690,0.000,1,4.891,2,4.083,3,5.514,4,5.998,255,0,0,0,0
1671457383050,91,126287,6,4.408,-3.742,0.000,1,4.880,2,4.085,3,5.500,4,5.998,255,0,0,0,0
1671457383066,16,126303,6,4.408,-3.742,0.000,1,4.880,2,4.085,3,5.500,4,6.003,255,0,0,0,0
1671457383143,77,126380,6,4.408,-3.742,0.000,1,4.880,2,4.085,3,5.500,4,6.003,255,0,0,0,0
1671457383174,31,126411,6,4.408,-3.742,0.000,1,4.891,2,4.094,3,5.514,4,5.998,255,0,0,0,0
1671457383175,1,126412,6,4.394,-3.697,0.000,1,4.891,2,4.094,3,5.514,4,5.998,255,0,0,0,0
1671457383220,45,126457,6,4.388,-3.682,0.000,1,4.891,2,4.094,3,5.514,4,5.998,255,0,0,0,0
1671457383280,60,126517,6,4.388,-3.682,0.000,1,4.891,2,4.094,3,5.514,4,5.998,255,0,0,0,0
1671457383357,77,126594,6,4.388,-3.682,0.000,1,4.886,2,4.074,3,5.514,4,6.000,255,0,0,0,0
1671457383387,30,126624,6,4.399,-3.673,0.000,1,4.883,2,4.074,3,5.514,4,5.998,255,0,0,0,0
1671457383448,61,126685,6,4.399,-3.673,0.000,1,4.883,2,4.074,3,5.514,4,5.998,255,0,0,0,0
1671457383448,0,126685,6,4.399,-3.673,0.000,1,4.883,2,4.074,3,5.514,4,5.998,255,0,0,0,0
1671457383480,32,126717,6,4.418,-3.474,0.000,1,4.880,2,4.088,3,5.514,4,5.998,255,0,0,0,0
1671457383510,30,126747,6,4.418,-3.474,0.000,1,4.880,2,4.088,3,5.509,4,6.003,255,0,0,0,0
1671457383569,59,126806,6,4.418,-3.474,0.000,1,4.880,2,4.088,3,5.509,4,6.003,255,0,0,0,0
1671457383597,28,126834,6,4.352,-3.615,0.000,1,4.880,2,4.088,3,5.509,4,6.003,255,0,0,0,0
1671457383614,17,126851,6,4.352,-3.615,0.000,1,4.880,2,4.077,3,5.514,4,5.998,255,0,0,0,0
1671457383614,0,126851,6,4.352,-3.615,0.000,1,4.880,2,4.077,3,5.514,4,5.998,255,0,0,0,0
1671457383660,46,126897,6,4.352,-3.615,0.000,1,4.880,2,4.077,3,5.514,4,5.998,255,0,0,0,0
1671457383721,61,126958,6,4.387,-3.518,0.000,1,4.880,2,4.077,3,5.514,4,5.998,255,0,0,0,0
1671457383764,43,127001,6,4.387,-3.518,0.000,1,4.880,2,4.077,3,5.514,4,5.998,255,0,0,0,0
1671457383826,62,127063,6,4.387,-3.518,0.000,1,4.886,2,4.091,3,5.511,4,6.003,255,0,0,0,0
1671457383887,61,127124,6,4.387,-3.518,0.000,1,4.891,2,4.088,3,5.511,4,6.003,255,0,0,0,0
1671457383889,2,127126,6,4.391,-3.508,0.000,1,4.891,2,4.088,3,5.511,4,6.003,255,0,0,0,0
1671457383932,43,127169,6,4.391,-3.508,0.000,1,4.891,2,4.088,3,5.511,4,6.003,255,0,0,0,0
1671457384009,77,127246,6,4.391,-3.508,0.000,1,4.891,2,4.088,3,5.506,4,6.003,255,0,0,0,0
1671457384032,23,127269,6,4.393,-3.561,0.000,1,4.886,2,4.091,3,5.514,4,6.003,255,0,0,0,0
1671457384075,43,127312,6,4.393,-3.561,0.000,1,4.886,2,4.091,3,5.514,4,6.003,255,0,0,0,0
1671457384102,27,127339,6,4.393,-3.561,0.000,1,4.886,2,4.091,3,5.514,4,6.003,255,0,0,0,0
1671457384102,0,127339,6,4.367,-3.623,0.000,1,4.886,2,4.091,3,5.514,4,6.003,255,0,0,0,0
1671457384140,38,127377,6,4.367,-3.623,0.000,1,4.886,2,4.085,3,5.509,4,6.003,255,0,0,0,0
1671457384161,21,127398,6,4.324,-3.688,0.000,1,4.886,2,4.085,3,5.509,4,6.003,255,0,0,0,0
1671457384223,62,127460,6,4.324,-3.688,0.000,1,4.886,2,4.085,3,5.509,4,6.003,255,0,0,0,0
1671457384268,45,127505,6,4.324,-3.688,0.000,1,4.883,2,4.088,3,5.503,4,6.003,255,0,0,0,0
1671457384313,45,127550,6,4.324,-3.688,0.000,1,4.883,2,4.088,3,5.503,4,6.003,255,0,0,0,0
1671457384313,0,127550,6,4.324,-3.688,0.000,1,4.883,2,4.088,3,5.503,4,6.003,255,0,0,0,0
1671457384391,78,127628,6,4.385,-3.698,0.000,1,4.883,2,4.088,3,5.503,4,6.003,255,0,0,0,0
1671457384451,60,127688,6,4.385,-3.698,0.000,1,4.886,2,4.083,3,5.492,4,5.998,255,0,0,0,0
1671457384482,31,127719,6,4.385,-3.698,0.000,1,4.886,2,4.083,3,5.492,4,5.998,255,0,0,0,0
1671457384544,62,127781,6,4.392,-3.685,0.000,1,4.886,2,4.083,3,5.514,4,6.003,255,0,0,0,0
1671457384574,30,127811,6,4.392,-3.685,0.000,1,4.886,2,4.083,3,5.514,4,6.003,255,0,0,0,0
1671457384574,0,127811,6,4.392,-3.685,0.000,1,4.886,2,4.083,3,5.514,4,6.003,255,0,0,0,0
1671457384590,16,127827,6,4.393,-3.692,0.000,1,4.886,2,4.083,3,5.514,4,6.003,255,0,0,0,0
1671457384651,61,127888,6,4.393,-3.692,0.000,1,4.886,2,4.083,3,5.514,4,6.003,255,0,0,0,0
1671457384682,31,127919,6,4.403,-3.706,0.000,1,4.878,2,4.083,3,5.509,4,6.003,255,0,0,0,0
1671457384698,16,127935,6,4.403,-3.706,0.000,1,4.878,2,4.083,3,5.509,4,6.003,255,0,0,0,0
1671457384728,30,127965,6,4.403,-3.706,0.000,1,4.878,2,4.083,3,5.509,4,6.003,255,0,0,0,0
1671457384728,0,127965,6,4.403,-3.706,0.000,1,4.878,2,4.083,3,5.509,4,6.003,255,0,0,0,0
1671457384790,62,128027,6,4.328,-3.698,0.000,1,4.878,2,4.083,3,5.509,4,6.003,255,0,0,0,0
1671457384806,16,128043,6,4.328,-3.698,0.000,1,4.886,2,4.085,3,5.514,4,6.003,255,0,0,0,0
1671457384927,121,128164,6,4.328,-3.698,0.000,1,4.886,2,4.085,3,5.514,4,6.003,255,0,0,0,0
1671457384957,30,128194,6,4.328,-3.698,0.000,1,4.886,2,4.085,3,5.514,4,6.003,255,0,0,0,0
1671457385014,57,128251,6,4.328,-3.698,0.000,1,4.894,2,4.085,3,5.517,4,6.003,255,0,0,0,0
1671457385015,1,128252,6,4.333,-3.622,0.000,1,4.894,2,4.085,3,5.517,4,6.003,255,0,0,0,0
1671457385066,51,128303,6,4.333,-3.622,0.000,1,4.894,2,4.085,3,5.517,4,6.003,255,0,0,0,0
1671457385097,31,128334,6,4.308,-3.472,0.000,1,4.894,2,4.085,3,5.517,4,6.003,255,0,0,0,0
1671457385141,44,128378,6,4.308,-3.472,0.000,1,4.891,2,4.085,3,5.514,4,5.998,255,0,0,0,0
1671457385203,62,128440,6,4.308,-3.472,0.000,1,4.891,2,4.085,3,5.514,4,5.998,255,0,0,0,0
1671457385234,31,128471,6,4.308,-3.472,0.000,1,4.883,2,4.083,3,5.514,4,5.998,255,0,0,0,0
1671457385235,1,128472,6,4.335,-3.540,0.000,1,4.883,2,4.083,3,5.514,4,5.998,255,0,0,0,0
1671457385274,39,128511,6,4.335,-3.540,0.000,1,4.883,2,4.083,3,5.514,4,6.003,255,0,0,0,0
1671457385327,53,128564,6,4.335,-3.540,0.000,1,4.883,2,4.083,3,5.514,4,6.003,255,0,0,0,0
1671457385358,31,128595,6,4.303,-3.453,0.000,1,4.891,2,4.091,3,5.514,4,6.003,255,0,0,0,0
1671457385387,29,128624,6,4.303,-3.453,0.000,1,4.891,2,4.091,3,5.517,4,6.003,255,0,0,0,0
1671457385448,61,128685,6,4.303,-3.453,0.000,1,4.891,2,4.091,3,5.517,4,6.003,255,0,0,0,0
1671457385448,0,128685,6,4.303,-3.453,0.000,1,4.891,2,4.091,3,5.517,4,6.003,255,0,0,0,0
1671457385527,79,128764,6,4.389,-3.686,0.000,1,4.891,2,4.091,3,5.517,4,6.003,255,0,0,0,0
1671457385559,32,128796,6,4.389,-3.686,0.000,1,4.891,2,4.091,3,5.511,4,6.003,255,0,0,0,0
1671457385608,49,128845,6,4.389,-3.686,0.000,1,4.891,2,4.091,3,5.511,4,6.003,255,0,0,0,0
1671457385649,41,128886,6,4.399,-3.702,0.000,1,4.872,2,4.108,3,5.492,4,6.000,255,0,0,0,0
1671457385670,21,128907,6,4.399,-3.702,0.000,1,4.872,2,4.108,3,5.492,4,6.000,255,0,0,0,0
1671457385670,0,128907,6,4.399,-3.702,0.000,1,4.872,2,4.108,3,5.492,4,6.000,255,0,0,0,0
1671457385681,11,128918,6,4.379,-3.683,0.000,1,4.872,2,4.108,3,5.492,4,6.000,255,0,0,0,0
1671457385741,60,128978,6,4.379,-3.683,0.000,1,4.872,2,4.108,3,5.492,4,6.000,255,0,0,0,0
1671457385772,31,129009,6,4.379,-3.683,0.000,1,4.886,2,4.083,3,5.514,4,6.003,255,0,0,0,0
1671457385787,15,129024,6,4.346,-3.656,0.000,1,4.886,2,4.083,3,5.514,4,6.003,255,0,0,0,0
1671457385824,37,129061,6,4.346,-3.656,0.000,1,4.886,2,4.083,3,5.514,4,6.003,255,0,0,0,0
1671457385824,0,129061,6,4.346,-3.656,0.000,1,4.886,2,4.083,3,5.514,4,6.003,255,0,0,0,0
1671457385893,69,129130,6,4.346,-3.656,0.000,1,4.886,2,4.083,3,5.514,4,6.003,255,0,0,0,0
1671457385910,17,129147,6,4.346,-3.656,0.000,1,4.886,2,4.083,3,5.514,4,6.003,255,0,0,0,0
1671457385972,62,129209,6,4.398,-3.717,0.000,1,4.886,2,4.083,3,5.514,4,6.003,255,0,0,0,0
1671457386017,45,129254,6,4.398,-3.717,0.000,1,4.883,2,4.083,3,5.514,4,6.003,255,0,0,0,0
1671457386078,61,129315,6,4.398,-3.717,0.000,1,4.883,2,4.083,3,5.514,4,6.003,255,0,0,0,0
1671457386078,0,129315,6,4.398,-3.717,0.000,1,4.883,2,4.083,3,5.514,4,6.003,255,0,0,0,0
1671457386139,61,129376,6,4.325,-3.523,0.000,1,4.883,2,4.083,3,5.514,4,6.003,255,0,0,0,0
1671457386201,62,129438,6,4.325,-3.523,0.000,1,4.883,2,4.083,3,5.517,4,5.998,255,0,0,0,0
1671457386233,32,129470,6,4.325,-3.523,0.000,1,4.883,2,4.083,3,5.517,4,5.998,255,0,0,0,0
1671457386295,62,129532,6,4.396,-3.696,0.000,1,4.886,2,4.085,3,5.517,4,6.003,255,0,0,0,0
1671457386325,30,129562,6,4.396,-3.696,0.000,1,4.886,2,4.085,3,5.517,4,6.003,255,0,0,0,0
1671457386325,0,129562,6,4.396,-3.696,0.000,1,4.886,2,4.085,3,5.517,4,6.003,255,0,0,0,0
1671457386341,16,129578,6,4.384,-3.703,0.000,1,4.886,2,4.085,3,5.517,4,6.003,255,0,0,0,0
1671457386402,61,129639,6,4.384,-3.703,0.000,1,4.886,2,4.085,3,5.517,4,6.003,255,0,0,0,0
1671457386433,31,129670,6,4.397,-3.707,0.000,1,4.883,2,4.085,3,5.514,4,5.998,255,0,0,0,0
1671457386448,15,129685,6,4.397,-3.707,0.000,1,4.883,2,4.085,3,5.514,4,5.998,255,0,0,0,0
1671457386525,77,129762,6,4.397,-3.707,0.000,1,4.883,2,4.085,3,5.514,4,5.998,255,0,0,0,0
1671457386525,0,129762,6,4.397,-3.707,0.000,1,4.883,2,4.085,3,5.514,4,5.998,255,0,0,0,0
1671457386545,20,129782,6,4.397,-3.707,0.000,1,4.886,2,4.085,3,5.514,4,6.003,255,0,0,0,0
1671457386589,44,129826,6,4.400,-3.703,0.000,1,4.886,2,4.085,3,5.514,4,6.003,255,0,0,0,0
1671457386617,28,129854,6,4.400,-3.703,0.000,1,4.891,2,4.085,3,5.517,4,6.003,255,0,0,0,0
1671457386648,31,129885,6,4.400,-3.703,0.000,1,4.891,2,4.085,3,5.517,4,6.003,255,0,0,0,0
1671457386698,50,129935,6,4.400,-3.703,0.000,1,4.891,2,4.085,3,5.517,4,6.003,255,0,0,0,0
1671457386699,1,129936,6,4.384,-3.704,0.000,1,4.891,2,4.085,3,5.517,4,6.003,255,0,0,0,0
1671457386727,28,129964,6,4.384,-3.704,0.000,1,4.891,2,4.085,3,5.517,4,6.003,255,0,0,0,0
1671457386767,40,130004,6,4.384,-3.704,0.000,1,4.894,2,4.085,3,5.517,4,6.003,255,0,0,0,0
1671457386789,22,130026,6,4.384,-3.704,0.000,1,4.894,2,4.085,3,5.517,4,6.003,255,0,0,0,0
1671457386898,109,130135,6,4.310,-3.707,0.000,1,4.894,2,4.085,3,5.517,4,6.003,255,0,0,0,0
1671457386927,29,130164,6,4.310,-3.707,0.000,1,4.894,2,4.085,3,5.517,4,6.003,255,0,0,0,0
1671457386927,0,130164,6,4.310,-3.707,0.000,1,4.894,2,4.085,3,5.517,4,6.003,255,0,0,0,0
1671457386957,30,130194,6,4.310,-3.707,0.000,1,4.894,2,4.085,3,5.517,4,6.003,255,0,0,0,0
1671457386982,25,130219,6,4.383,-3.707,0.000,1,4.894,2,4.085,3,5.517,4,6.003,255,0,0,0,0
1671457387026,44,130263,6,4.383,-3.707,0.000,1,4.883,2,4.085,3,5.517,4,5.998,255,0,0,0,0
1671457387080,54,130317,6,4.383,-3.707,0.000,1,4.883,2,4.085,3,5.517,4,5.998,255,0,0,0,0
1671457387141,61,130378,6,4.383,-3.707,0.000,1,4.883,2,4.074,3,5.517,4,5.998,255,0,0,0,0
1671457387141,0,130378,6,4.383,-3.707,0.000,1,4.883,2,4.074,3,5.517,4,5.998,255,0,0,0,0
1671457387172,31,130409,6,4.383,-3.707,0.000,1,4.883,2,4.074,3,5.514,4,5.998,255,0,0,0,0
1671457387204,32,130441,6,4.383,-3.707,0.000,1,4.883,2,4.074,3,5.514,4,5.998,255,0,0,0,0
1671457387271,67,130508,6,4.307,-3.744,0.000,1,4.894,2,4.085,3,5.514,4,5.998,255,0,0,0,0
1671457387296,25,130533,6,4.307,-3.744,0.000,1,4.894,2,4.085,3,5.511,4,5.998,255,0,0,0,0
1671457387359,63,130596,6,4.307,-3.744,0.000,1,4.894,2,4.085,3,5.511,4,5.998,255,0,0,0,0
1671457387360,1,130597,6,4.348,-3.626,0.000,1,4.894,2,4.085,3,5.511,4,5.998,255,0,0,0,0
1671457387389,29,130626,6,4.348,-3.626,0.000,1,4.883,2,4.088,3,5.517,4,5.998,255,0,0,0,0
1671457387456,67,130693,6,4.348,-3.626,0.000,1,4.883,2,4.088,3,5.517,4,5.998,255,0,0,0,0
1671457387480,24,130717,6,4.379,-3.535,0.000,1,4.883,2,4.088,3,5.517,4,5.998,255,0,0,0,0
1671457387542,62,130779,6,4.379,-3.535,0.000,1,4.894,2,4.088,3,5.517,4,5.998,255,0,0,0,0
1671457387572,30,130809,6,4.379,-3.535,0.000,1,4.894,2,4.088,3,5.517,4,5.998,255,0,0,0,0
1671457387572,0,130809,6,4.379,-3.535,0.000,1,4.894,2,4.088,3,5.517,4,5.998,255,0,0,0,0
1671457387602,30,130839,6,4.395,-3.496,0.000,1,4.894,2,4.088,3,5.517,4,5.998,255,0,0,0,0
1671457387639,37,130876,6,4.395,-3.496,0.000,1,4.886,2,4.094,3,5.517,4,5.998,255,0,0,0,0
1671457387683,44,130920,6,4.401,-3.477,0.000,1,4.886,2,4.094,3,5.517,4,5.998,255,0,0,0,0
1671457387708,25,130945,6,4.401,-3.477,0.000,1,4.886,2,4.094,3,5.517,4,5.998,255,0,0,0,0
1671457387737,29,130974,6,4.401,-3.477,0.000,1,4.894,2,4.094,3,5.517,4,5.998,255,0,0,0,0
1671457387737,0,130974,6,4.401,-3.477,0.000,1,4.894,2,4.094,3,5.517,4,5.998,255,0,0,0,0
1671457387799,62,131036,6,4.401,-3.477,0.000,1,4.894,2,4.094,3,5.514,4,5.998,255,0,0,0,0
1671457387831,32,131068,6,4.402,-3.684,0.000,1,4.894,2,4.094,3,5.514,4,5.998,255,0,0,0,0
1671457387899,68,131136,6,4.402,-3.684,0.000,1,4.886,2,4.091,3,5.514,4,5.998,255,0,0,0,0
1671457387923,24,131160,6,4.402,-3.684,0.000,1,4.886,2,4.091,3,5.514,4,5.998,255,0,0,0,0
1671457387953,30,131190,6,4.402,-3.684,0.000,1,4.886,2,4.091,3,5.514,4,5.998,255,0,0,0,0
1671457387954,1,131191,6,4.402,-3.691,0.000,1,4.886,2,4.091,3,5.514,4,5.998,255,0,0,0,0
1671457387984,30,131221,6,4.402,-3.691,0.000,1,4.886,2,4.091,3,5.517,4,5.998,255,0,0,0,0
1671457388032,48,131269,6,4.402,-3.691,0.000,1,4.886,2,4.091,3,5.517,4,5.998,255,0,0,0,0
1671457388095,63,131332,6,4.402,-3.699,0.000,1,4.886,2,4.091,3,5.517,4,5.998,255,0,0,0,0
1671457388141,46,131378,6,4.402,-3.699,0.000,1,4.886,2,4.080,3,5.514,4,5.998,255,0,0,0,0
1671457388202,61,131439,6,4.402,-3.699,0.000,1,4.886,2,4.080,3,5.514,4,5.998,255,0,0,0,0
1671457388202,0,131439,6,4.402,-3.699,0.000,1,4.886,2,4.080,3,5.514,4,5.998,255,0,0,0,0
1671457388279,77,131516,6,4.402,-3.699,0.000,1,4.886,2,4.080,3,5.514,4,5.998,255,0,0,0,0
1671457388312,33,131549,6,4.383,-3.560,0.000,1,4.886,2,4.080,3,5.514,4,5.998,255,0,0,0,0
1671457388388,76,131625,6,4.383,-3.560,0.000,1,4.886,2,4.080,3,5.514,4,5.998,255,0,0,0,0
1671457388418,30,131655,6,4.397,-3.505,0.000,1,4.883,2,4.080,3,5.514,4,5.998,255,0,0,0,0
1671457388480,62,131717,6,4.397,-3.505,0.000,1,4.883,2,4.080,3,5.514,4,5.998,255,0,0,0,0
1671457388480,0,131717,6,4.397,-3.505,0.000,1,4.883,2,4.080,3,5.514,4,5.998,255,0,0,0,0
1671457388519,39,131756,6,4.400,-3.672,0.000,1,4.894,2,4.080,3,5.511,4,5.998,255,0,0,0,0
1671457388541,22,131778,6,4.400,-3.672,0.000,1,4.894,2,4.080,3,5.511,4,5.998,255,0,0,0,0
1671457388603,62,131840,6,4.400,-3.672,0.000,1,4.894,2,4.080,3,5.511,4,5.998,255,0,0,0,0
1671457388646,43,131883,6,4.400,-3.672,0.000,1,4.891,2,4.080,3,5.514,4,5.998,255,0,0,0,0
1671457388676,30,131913,6,4.400,-3.672,0.000,1,4.891,2,4.080,3,5.514,4,5.998,255,0,0,0,0
1671457388676,0,131913,6,4.400,-3.672,0.000,1,4.891,2,4.080,3,5.514,4,5.998,255,0,0,0,0
1671457388733,57,131970,6,4.294,-3.706,0.000,1,4.891,2,4.080,3,5.514,4,5.998,255,0,0,0,0
1671457388776,43,132013,6,4.294,-3.706,0.000,1,4.883,2,4.088,3,5.511,4,6.000,255,0,0,0,0
1671457388798,22,132035,6,4.294,-3.706,0.000,1,4.883,2,4.088,3,5.511,4,6.000,255,0,0,0,0
1671457388830,32,132067,6,4.396,-3.725,0.000,1,4.883,2,4.088,3,5.511,4,6.000,255,0,0,0,0
1671457388892,62,132129,6,4.396,-3.725,0.000,1,4.883,2,4.088,3,5.511,4,6.000,255,0,0,0,0
1671457388892,0,132129,6,4.396,-3.725,0.000,1,4.883,2,4.088,3,5.511,4,6.000,255,0,0,0,0
1671457388921,29,132158,6,4.396,-3.725,0.000,1,4.883,2,4.088,3,5.511,4,6.000,255,0,0,0,0
1671457388971,50,132208,6,4.398,-3.512,0.000,1,4.883,2,4.083,3,5.517,4,5.998,255,0,0,0,0
1671457389030,59,132267,6,4.398,-3.512,0.000,1,4.883,2,4.083,3,5.517,4,5.998,255,0,0,0,0
1671457389077,47,132314,6,4.398,-3.512,0.000,1,4.886,2,4.085,3,5.517,4,5.998,255,0,0,0,0
1671457389109,32,132346,6,4.398,-3.512,0.000,1,4.886,2,4.085,3,5.517,4,5.998,255,0,0,0,0
1671457389110,1,132347,6,4.377,-3.499,0.000,1,4.886,2,4.085,3,5.517,4,5.998,255,0,0,0,0
1671457389155,45,132392,6,4.377,-3.499,0.000,1,4.886,2,4.085,3,5.517,4,5.998,255,0,0,0,0
1671457389217,62,132454,6,4.377,-3.499,0.000,1,4.894,2,4.091,3,5.514,4,5.998,255,0,0,0,0
1671457389265,48,132502,6,4.308,-3.487,0.000,1,4.894,2,4.091,3,5.514,4,5.998,255,0,0,0,0
1671457389295,30,132532,6,4.308,-3.487,0.000,1,4.886,2,4.097,3,5.514,4,5.998,255,0,0,0,0
1671457389355,60,132592,6,4.308,-3.487,0.000,1,4.886,2,4.097,3,5.514,4,5.998,255,0,0,0,0
1671457389355,0,132592,6,4.308,-3.487,0.000,1,4.886,2,4.097,3,5.514,4,5.998,255,0,0,0,0
1671457389392,37,132629,6,4.383,-3.476,0.000,1,4.894,2,4.097,3,5.517,4,5.998,255,0,0,0,0
1671457389448,56,132685,6,4.383,-3.476,0.000,1,4.894,2,4.097,3,5.517,4,5.998,255,0,0,0,0
1671457389488,40,132725,6,4.321,-3.485,0.000,1,4.894,2,4.097,3,5.517,4,5.998,255,0,0,0,0
1671457389526,38,132763,6,4.321,-3.485,0.000,1,4.894,2,4.085,3,5.511,4,5.998,255,0,0,0,0
1671457389587,61,132824,6,4.321,-3.485,0.000,1,4.894,2,4.085,3,5.511,4,5.998,255,0,0,0,0
1671457389587,0,132824,6,4.321,-3.485,0.000,1,4.894,2,4.085,3,5.511,4,5.998,255,0,0,0,0
1671457389611,24,132848,6,4.371,-3.478,0.000,1,4.894,2,4.083,3,5.517,4,5.998,255,0,0,0,0
1671457389653,42,132890,6,4.371,-3.478,0.000,1,4.894,2,4.083,3,5.517,4,5.998,255,0,0,0,0
1671457389713,60,132950,6,4.371,-3.478,0.000,1,4.894,2,4.083,3,5.517,4,5.998,255,0,0,0,0
1671457389730,17,132967,6,4.392,-3.475,0.000,1,4.886,2,4.083,3,5.514,4,5.998,255,0,0,0,0
1671457389804,74,133041,6,4.392,-3.475,0.000,1,4.886,2,4.083,3,5.514,4,5.998,255,0,0,0,0
1671457389804,0,133041,6,4.392,-3.475,0.000,1,4.886,2,4.083,3,5.514,4,5.998,255,0,0,0,0
1671457389831,27,133068,6,4.392,-3.475,0.000,1,4.886,2,4.083,3,5.514,4,5.998,255,0,0,0,0
1671457389873,42,133110,6,4.402,-3.474,0.000,1,4.897,2,4.097,3,5.514,4,5.998,255,0,0,0,0
1671457389926,53,133163,6,4.402,-3.474,0.000,1,4.897,2,4.097,3,5.514,4,5.998,255,0,0,0,0
1671457389981,55,133218,6,4.406,-3.485,0.000,1,4.897,2,4.097,3,5.509,4,5.998,255,0,0,0,0
1671457390019,38,133256,6,4.406,-3.485,0.000,1,4.853,2,4.077,3,5.517,4,5.998,255,0,0,0,0
1671457390019,0,133256,6,4.406,-3.485,0.000,1,4.853,2,4.077,3,5.517,4,5.998,255,0,0,0,0
1671457390049,30,133286,6,4.406,-3.485,0.000,1,4.853,2,4.077,3,5.517,4,5.998,255,0,0,0,0
1671457390064,15,133301,6,4.363,-3.515,0.000,1,4.853,2,4.077,3,5.517,4,5.998,255,0,0,0,0
1671457390142,78,133379,6,4.363,-3.515,0.000,1,4.853,2,4.077,3,5.517,4,5.998,255,0,0,0,0
1671457390173,31,133410,6,4.363,-3.515,0.000,1,4.886,2,4.077,3,5.517,4,5.998,255,0,0,0,0
1671457390204,31,133441,6,4.363,-3.515,0.000,1,4.886,2,4.077,3,5.517,4,5.998,255,0,0,0,0
1671457390205,1,133442,6,4.385,-3.628,0.000,1,4.886,2,4.077,3,5.517,4,5.998,255,0,0,0,0
1671457390234,29,133471,6,4.385,-3.628,0.000,1,4.886,2,4.077,3,5.517,4,5.998,255,0,0,0,0
1671457390310,76,133547,6,4.385,-3.628,0.000,1,4.894,2,4.085,3,5.517,4,5.998,255,0,0,0,0
1671457390486,176,133723,6,4.385,-3.628,0.000,1,4.894,2,4.085,3,5.517,4,5.998,255,0,0,0,0
1671457390527,41,133764,6,4.385,-3.628,0.000,1,4.894,2,4.085,3,5.511,4,5.998,255,0,0,0,0
1671457390527,0,133764,6,4.385,-3.628,0.000,1,4.894,2,4.085,3,5.511,4,5.998,255,0,0,0,0
1671457390554,27,133791,6,4.385,-3.628,0.000,1,4.894,2,4.085,3,5.511,4,5.998,255,0,0,0,0
1671457390587,33,133824,6,4.360,-3.678,0.000,1,4.894,2,4.085,3,5.511,4,5.998,255,0,0,0,0
1671457390646,59,133883,3,0.003,0.000,2.220,255,0,0,0,0
1671457390646,0,133883,4,9.390,0.000,2.220,255,0,0,0,0
1671457390647,1,133884,6,4.307,-3.719,0.000,1,4.894,2,4.088,3,5.511,4,5.998,255,0,0,0,0
1671457390647,0,133884,1,9.390,-3.685,2.220,255,0,0,0,0
1671457390647,0,133884,2,0.003,-3.685,2.220,255,0,0,0,0
1671457390678,31,133915,6,4.307,-3.719,0.000,1,4.894,2,4.088,3,5.517,4,5.998,255,0,0,0,0
1671457390701,23,133938,6,4.307,-3.719,0.000,1,4.894,2,4.088,3,5.517,4,5.998,255,0,0,0,0
1671457390701,0,133938,6,4.325,-3.656,0.000,1,4.894,2,4.088,3,5.517,4,5.998,255,0,0,0,0
1671457390709,8,133946,6,4.325,-3.656,0.000,1,4.894,2,4.088,3,5.517,4,5.998,255,0,0,0,0
1671457390770,61,134007,6,4.325,-3.656,0.000,1,4.894,2,4.088,3,5.517,4,5.998,255,0,0,0,0
1671457390801,31,134038,6,4.313,-3.485,0.000,1,4.894,2,4.088,3,5.517,4,5.998,255,0,0,0,0
1671457390832,31,134069,6,4.313,-3.485,0.000,1,4.894,2,4.088,3,5.517,4,5.998,255,0,0,0,0
1671457390893,61,134130,6,4.313,-3.485,0.000,1,4.894,2,4.088,3,5.517,4,5.998,255,0,0,0,0
1671457390893,0,134130,6,4.313,-3.485,0.000,1,4.894,2,4.088,3,5.517,4,5.998,255,0,0,0,0
1671457390938,45,134175,6,4.313,-3.485,0.000,1,4.894,2,4.088,3,5.517,4,5.998,255,0,0,0,0
1671457390970,32,134207,6,4.408,-3.675,0.000,1,4.894,2,4.088,3,5.517,4,5.998,255,0,0,0,0
1671457391001,31,134238,6,4.408,-3.675,0.000,1,4.894,2,4.083,3,5.511,4,5.998,255,0,0,0,0
1671457391045,44,134282,6,4.408,-3.675,0.000,1,4.894,2,4.083,3,5.511,4,5.998,255,0,0,0,0
1671457391109,64,134346,6,4.408,-3.675,0.000,1,4.894,2,4.083,3,5.511,4,5.998,255,0,0,0,0
1671457391110,1,134347,6,4.347,-3.692,0.000,1,4.894,2,4.083,3,5.511,4,5.998,255,0,0,0,0
1671457391156,46,134393,6,4.347,-3.692,0.000,1,4.894,2,4.085,3,5.486,4,5.998,255,0,0,0,0
1671457391185,29,134422,6,4.347,-3.692,0.000,1,4.894,2,4.085,3,5.486,4,5.998,255,0,0,0,0
1671457391250,65,134487,6,4.312,-3.741,0.000,1,4.894,2,4.085,3,5.486,4,5.998,255,0,0,0,0
1671457391280,30,134517,6,4.312,-3.741,0.000,1,4.891,2,4.085,3,5.511,4,5.998,255,0,0,0,0
1671457391313,33,134550,6,4.312,-3.741,0.000,1,4.891,2,4.085,3,5.511,4,5.998,255,0,0,0,0
1671457391313,0,134550,6,4.312,-3.741,0.000,1,4.891,2,4.085,3,5.511,4,5.998,255,0,0,0,0
1671457391375,62,134612,6,4.291,-3.451,0.000,1,4.891,2,4.085,3,5.511,4,5.998,255,0,0,0,0
1671457391405,30,134642,6,4.291,-3.451,0.000,1,4.886,2,4.085,3,5.517,4,5.998,255,0,0,0,0
1671457391467,62,134704,6,4.291,-3.451,0.000,1,4.886,2,4.085,3,5.517,4,5.998,255,0,0,0,0
1671457391530,63,134767,6,4.399,-3.672,0.000,1,4.886,2,4.091,3,5.511,4,5.998,255,0,0,0,0
1671457391558,28,134795,6,4.399,-3.672,0.000,1,4.886,2,4.091,3,5.511,4,5.998,255,0,0,0,0
1671457391558,0,134795,6,4.399,-3.672,0.000,1,4.886,2,4.091,3,5.511,4,5.998,255,0,0,0,0
1671457391589,31,134826,6,4.399,-3.672,0.000,1,4.886,2,4.091,3,5.511,4,5.998,255,0,0,0,0
1671457391654,65,134891,6,4.322,-3.712,0.000,1,4.897,2,4.091,3,5.511,4,5.998,255,0,0,0,0
1671457391684,30,134921,6,4.322,-3.712,0.000,1,4.897,2,4.091,3,5.511,4,5.998,255,0,0,0,0
1671457391746,62,134983,6,4.392,-3.503,0.000,1,4.897,2,4.091,3,5.511,4,5.998,255,0,0,0,0
1671457391778,32,135015,6,4.392,-3.503,0.000,1,4.886,2,4.083,3,5.511,4,5.998,255,0,0,0,0
1671457391778,0,135015,6,4.392,-3.503,0.000,1,4.886,2,4.083,3,5.511,4,5.998,255,0,0,0,0
1671457391798,20,135035,6,4.392,-3.503,0.000,1,4.886,2,4.083,3,5.511,4,5.998,255,0,0,0,0
1671457391809,11,135046,6,4.396,-3.484,0.000,1,4.886,2,4.083,3,5.511,4,5.998,255,0,0,0,0
1671457391900,91,135137,6,4.396,-3.484,0.000,1,4.886,2,4.083,3,5.511,4,5.998,255,0,0,0,0
1671457391916,16,135153,6,4.396,-3.484,0.000,1,4.886,2,4.083,3,5.511,4,5.998,255,0,0,0,0
1671457391949,33,135186,6,4.396,-3.484,0.000,1,4.891,2,4.085,3,5.514,4,5.998,255,0,0,0,0
1671457391950,1,135187,6,4.398,-3.483,0.000,1,4.891,2,4.085,3,5.514,4,5.998,255,0,0,0,0
1671457392024,74,135261,6,4.398,-3.483,0.000,1,4.891,2,4.085,3,5.514,4,5.998,255,0,0,0,0
1671457392085,61,135322,6,4.398,-3.483,0.000,1,4.894,2,4.083,3,5.509,4,5.998,255,0,0,0,0
1671457392116,31,135353,6,4.400,-3.479,0.000,1,4.897,2,4.088,3,5.509,4,5.998,255,0,0,0,0
1671457392177,61,135414,6,4.400,-3.479,0.000,1,4.897,2,4.088,3,5.506,4,5.998,255,0,0,0,0
1671457392207,30,135444,6,4.400,-3.479,0.000,1,4.897,2,4.088,3,5.506,4,5.998,255,0,0,0,0
1671457392207,0,135444,6,4.400,-3.479,0.000,1,4.897,2,4.088,3,5.506,4,5.998,255,0,0,0,0
1671457392237,30,135474,6,4.356,-3.579,0.000,1,4.891,2,4.088,3,5.506,4,5.998,255,0,0,0,0
1671457392254,17,135491,6,4.356,-3.579,0.000,1,4.891,2,4.088,3,6.068,4,5.998,255,0,0,0,0
1671457392316,62,135553,6,4.315,-3.676,0.000,1,4.891,2,4.088,3,6.068,4,5.998,255,0,0,0,0
1671457392345,29,135582,6,4.315,-3.676,0.000,1,4.891,2,4.088,3,6.068,4,5.998,255,0,0,0,0
1671457392364,19,135601,6,4.315,-3.676,0.000,1,4.886,2,4.094,3,6.009,4,5.998,255,0,0,0,0
1671457392364,0,135601,6,4.315,-3.676,0.000,1,4.886,2,4.094,3,6.009,4,5.998,255,0,0,0,0
1671457392395,31,135632,6,4.315,-3.676,0.000,1,4.886,2,4.094,3,6.009,4,5.998,255,0,0,0,0
1671457392453,58,135690,6,4.312,-3.499,0.000,1,4.886,2,4.094,3,6.009,4,5.998,255,0,0,0,0
1671457392471,18,135708,6,4.312,-3.499,0.000,1,4.886,2,4.094,3,6.009,4,5.998,255,0,0,0,0
1671457392550,79,135787,6,4.312,-3.499,0.000,1,4.886,2,4.094,3,6.009,4,5.998,255,0,0,0,0
1671457392607,57,135844,6,4.312,-3.499,0.000,1,4.886,2,4.102,3,5.967,4,5.998,255,0,0,0,0
1671457392607,0,135844,6,4.312,-3.499,0.000,1,4.886,2,4.102,3,5.967,4,5.998,255,0,0,0,0
1671457392645,38,135882,6,4.666,-3.484,0.000,1,4.894,2,4.099,3,6.006,4,5.998,255,0,0,0,0
1671457392672,27,135909,6,4.666,-3.484,0.000,1,4.894,2,4.099,3,6.006,4,5.998,255,0,0,0,0
1671457392705,33,135942,6,4.666,-3.484,0.000,1,4.894,2,4.099,3,6.006,4,5.998,255,0,0,0,0
1671457392735,30,135972,6,4.666,-3.484,0.000,1,4.894,2,4.099,3,6.006,4,5.998,255,0,0,0,0
1671457392780,45,136017,6,4.666,-3.484,0.000,1,4.894,2,4.108,3,6.003,4,5.998,255,0,0,0,0
1671457392780,0,136017,6,4.666,-3.484,0.000,1,4.894,2,4.108,3,6.003,4,5.998,255,0,0,0,0
1671457392828,48,136065,6,4.666,-3.484,0.000,1,4.894,2,4.108,3,6.003,4,5.998,255,0,0,0,0
1671457392905,77,136142,6,4.666,-3.484,0.000,1,4.894,2,4.108,3,6.003,4,5.998,255,0,0,0,0
1671457392936,31,136173,6,4.666,-3.484,0.000,1,4.894,2,4.108,3,6.003,4,5.998,255,0,0,0,0
1671457392966,30,136203,6,4.666,-3.484,0.000,1,4.894,2,4.108,3,6.003,4,5.998,255,0,0,0,0
1671457393029,63,136266,6,4.666,-3.484,0.000,1,4.894,2,4.105,3,6.040,4,5.998,255,0,0,0,0
1671457393029,0,136266,6,4.666,-3.484,0.000,1,4.894,2,4.105,3,6.040,4,5.998,255,0,0,0,0
1671457393060,31,136297,6,4.666,-3.484,0.000,1,4.894,2,4.105,3,6.040,4,5.998,255,0,0,0,0
1671457393120,60,136357,6,4.666,-3.484,0.000,1,4.894,2,4.105,3,6.040,4,5.998,255,0,0,0,0
1671457393182,62,136419,6,4.666,-3.484,0.000,1,4.894,2,4.110,3,6.026,4,5.998,255,0,0,0,0
1671457393212,30,136449,6,4.666,-3.484,0.000,1,4.894,2,4.110,3,6.026,4,5.998,255,0,0,0,0
1671457393273,61,136510,6,4.666,-3.484,0.000,1,4.894,2,4.102,3,6.026,4,5.998,255,0,0,0,0
1671457393273,0,136510,6,4.666,-3.484,0.000,1,4.894,2,4.102,3,6.026,4,5.998,255,0,0,0,0
1671457393303,30,136540,6,4.666,-3.484,0.000,1,4.894,2,4.102,3,6.070,4,5.998,255,0,0,0,0
1671457393338,35,136575,6,4.351,-3.475,0.000,1,4.894,2,4.102,3,6.070,4,5.998,255,0,0,0,0
1671457393350,12,136587,6,4.351,-3.475,0.000,1,4.897,2,4.105,3,6.070,4,5.998,255,0,0,0,0
1671457393427,77,136664,6,4.351,-3.475,0.000,1,4.897,2,4.105,3,6.070,4,5.998,255,0,0,0,0
1671457393457,30,136694,6,4.351,-3.475,0.000,1,4.897,2,4.105,3,5.506,4,5.998,255,0,0,0,0
1671457393457,0,136694,6,4.351,-3.475,0.000,1,4.897,2,4.105,3,5.506,4,5.998,255,0,0,0,0
1671457393489,32,136726,6,4.351,-3.475,0.000,1,4.897,2,4.105,3,5.506,4,5.998,255,0,0,0,0
1671457393550,61,136787,6,4.351,-3.475,0.000,1,4.897,2,4.105,3,5.506,4,5.998,255,0,0,0,0
1671457393568,18,136805,6,4.339,-3.514,0.000,1,4.894,2,4.105,3,5.509,4,5.998,255,0,0,0,0
1671457393644,76,136881,6,4.339,-3.514,0.000,1,4.894,2,4.105,3,5.509,4,5.998,255,0,0,0,0
1671457393707,63,136944,6,4.339,-3.514,0.000,1,4.891,2,4.105,3,5.506,4,5.998,255,0,0,0,0
1671457393707,0,136944,6,4.339,-3.514,0.000,1,4.891,2,4.105,3,5.506,4,5.998,255,0,0,0,0
1671457393740,33,136977,6,4.391,-3.658,0.000,1,4.894,2,4.080,3,5.506,4,5.998,255,0,0,0,0
1671457393770,30,137007,6,4.391,-3.658,0.000,1,4.894,2,4.080,3,5.506,4,5.998,255,0,0,0,0
1671457393831,61,137068,6,4.391,-3.658,0.000,1,4.894,2,4.080,3,5.506,4,5.998,255,0,0,0,0
1671457393918,87,137155,6,4.396,-3.668,0.000,1,4.894,2,4.080,3,5.506,4,5.998,255,0,0,0,0
1671457393939,21,137176,6,4.396,-3.668,0.000,1,4.894,2,4.080,3,5.506,4,5.998,255,0,0,0,0
1671457393939,0,137176,6,4.396,-3.668,0.000,1,4.894,2,4.080,3,5.506,4,5.998,255,0,0,0,0
1671457393999,60,137236,6,4.396,-3.668,0.000,1,4.886,2,4.097,3,5.506,4,5.998,255,0,0,0,0
1671457394030,31,137267,6,4.395,-3.690,0.000,1,4.886,2,4.097,3,5.506,4,5.998,255,0,0,0,0
1671457394090,60,137327,6,4.395,-3.690,0.000,1,4.894,2,4.102,3,5.495,4,5.998,255,0,0,0,0
1671457394106,16,137343,6,4.394,-3.678,0.000,1,4.894,2,4.105,3,5.495,4,5.998,255,0,0,0,0
1671457394181,75,137418,6,4.394,-3.678,0.000,1,4.894,2,4.105,3,5.495,4,5.998,255,0,0,0,0
1671457394181,0,137418,6,4.394,-3.678,0.000,1,4.894,2,4.105,3,5.495,4,5.998,255,0,0,0,0
1671457394212,31,137449,6,4.394,-3.678,0.000,1,4.894,2,4.105,3,6.065,4,5.992,255,0,0,0,0
1671457394273,61,137510,6,4.389,-3.656,0.000,1,4.894,2,4.113,3,6.065,4,5.992,255,0,0,0,0
1671457394302,29,137539,6,4.389,-3.656,0.000,1,4.894,2,4.113,3,6.068,4,5.998,255,0,0,0,0
1671457394354,52,137591,6,4.389,-3.656,0.000,1,4.894,2,4.113,3,6.068,4,5.998,255,0,0,0,0
1671457394378,24,137615,6,4.389,-3.656,0.000,1,4.894,2,4.113,3,5.503,4,5.998,255,0,0,0,0
1671457394378,0,137615,6,4.389,-3.656,0.000,1,4.894,2,4.113,3,5.503,4,5.998,255,0,0,0,0
1671457394422,44,137659,6,4.389,-3.656,0.000,1,4.894,2,4.113,3,5.503,4,5.998,255,0,0,0,0
1671457394438,16,137675,6,4.389,-3.656,0.000,1,4.894,2,4.113,3,5.503,4,5.998,255,0,0,0,0
1671457394499,61,137736,6,4.389,-3.656,0.000,1,4.894,2,4.113,3,5.503,4,5.998,255,0,0,0,0
1671457394531,32,137768,6,4.389,-3.656,0.000,1,4.883,2,4.110,3,5.506,4,5.998,255,0,0,0,0
1671457394546,15,137783,6,4.389,-3.656,0.000,1,4.883,2,4.110,3,5.506,4,5.998,255,0,0,0,0
1671457394548,2,137785,6,4.348,-3.657,0.000,1,4.883,2,4.110,3,5.506,4,5.998,255,0,0,0,0
1671457394577,29,137814,6,4.348,-3.657,0.000,1,4.883,2,4.110,3,5.506,4,5.998,255,0,0,0,0
1671457394653,76,137890,6,4.348,-3.657,0.000,1,4.883,2,4.110,3,5.506,4,5.998,255,0,0,0,0
1671457394684,31,137921,6,4.348,-3.657,0.000,1,4.886,2,4.116,3,6.051,4,5.998,255,0,0,0,0
1671457394746,62,137983,6,4.393,-3.663,0.000,1,4.886,2,4.116,3,6.051,4,5.998,255,0,0,0,0
1671457394806,60,138043,6,4.393,-3.663,0.000,1,4.894,2,4.113,3,6.054,4,5.998,255,0,0,0,0
1671457394806,0,138043,6,4.393,-3.663,0.000,1,4.894,2,4.113,3,6.054,4,5.998,255,0,0,0,0
1671457394836,30,138073,6,4.393,-3.663,0.000,1,4.894,2,4.113,3,6.054,4,5.998,255,0,0,0,0
1671457394903,67,138140,6,4.393,-3.663,0.000,1,4.891,2,4.116,3,6.054,4,5.998,255,0,0,0,0
1671457394927,24,138164,6,4.393,-3.663,0.000,1,4.891,2,4.116,3,6.054,4,5.998,255,0,0,0,0
1671457394989,62,138226,6,4.324,-3.477,0.000,1,4.891,2,4.116,3,6.029,4,5.998,255,0,0,0,0
1671457395065,76,138302,6,4.324,-3.477,0.000,1,4.886,2,4.116,3,6.006,4,5.998,255,0,0,0,0
1671457395065,0,138302,6,4.324,-3.477,0.000,1,4.886,2,4.116,3,6.006,4,5.998,255,0,0,0,0
1671457395095,30,138332,6,4.324,-3.477,0.000,1,4.886,2,4.116,3,6.006,4,5.998,255,0,0,0,0
1671457395186,91,138423,6,4.324,-3.477,0.000,1,4.886,2,4.116,3,6.006,4,5.998,255,0,0,0,0
1671457395203,17,138440,6,4.324,-3.477,0.000,1,4.883,2,4.097,3,5.945,4,5.998,255,0,0,0,0
1671457395279,76,138516,6,4.324,-3.477,0.000,1,4.883,2,4.097,3,5.945,4,5.998,255,0,0,0,0
1671457395298,19,138535,6,4.324,-3.477,0.000,1,4.891,2,4.091,3,5.503,4,5.998,255,0,0,0,0
1671457395298,0,138535,6,4.324,-3.477,0.000,1,4.891,2,4.091,3,5.503,4,5.998,255,0,0,0,0
1671457395348,50,138585,6,4.324,-3.477,0.000,1,4.891,2,4.091,3,5.503,4,5.998,255,0,0,0,0
1671457395370,22,138607,6,4.324,-3.477,0.000,1,4.891,2,4.091,3,5.503,4,5.998,255,0,0,0,0
1671457395400,30,138637,6,4.324,-3.477,0.000,1,4.891,2,4.091,3,5.503,4,5.998,255,0,0,0,0
1671457395452,52,138689,6,4.315,-3.664,0.000,1,4.891,2,4.091,3,5.503,4,5.998,255,0,0,0,0
1671457395478,26,138715,6,4.315,-3.664,0.000,1,4.891,2,4.091,3,5.503,4,5.998,255,0,0,0,0
1671457395478,0,138715,6,4.315,-3.664,0.000,1,4.891,2,4.091,3,5.503,4,5.998,255,0,0,0,0
1671457395524,46,138761,6,4.315,-3.664,0.000,1,4.894,2,4.108,3,5.511,4,5.998,255,0,0,0,0
1671457395558,34,138795,6,4.315,-3.664,0.000,1,4.894,2,4.108,3,5.511,4,5.998,255,0,0,0,0
1671457395667,109,138904,6,4.315,-3.664,0.000,1,4.886,2,4.097,3,5.517,4,5.998,255,0,0,0,0
1671457395691,24,138928,6,4.315,-3.664,0.000,1,4.886,2,4.097,3,5.517,4,5.998,255,0,0,0,0
1671457395691,0,138928,6,4.315,-3.664,0.000,1,4.886,2,4.097,3,5.517,4,5.998,255,0,0,0,0
1671457395751,60,138988,6,4.315,-3.664,0.000,1,4.886,2,4.097,3,5.517,4,5.998,255,0,0,0,0
1671457395798,47,139035,6,4.356,-3.680,0.000,1,4.886,2,4.094,3,5.514,4,5.998,255,0,0,0,0
1671457395905,107,139142,6,4.356,-3.680,0.000,1,4.886,2,4.094,3,5.514,4,5.998,255,0,0,0,0
1671457395937,32,139174,6,4.388,-3.692,0.000,1,4.886,2,4.094,3,5.514,4,5.998,255,0,0,0,0
1671457395997,60,139234,6,4.388,-3.692,0.000,1,4.891,2,4.091,3,5.517,4,5.998,255,0,0,0,0
1671457395997,0,139234,6,4.388,-3.692,0.000,1,4.891,2,4.091,3,5.517,4,5.998,255,0,0,0,0
1671457396030,33,139267,6,4.331,-3.693,0.000,1,4.894,2,4.094,3,5.514,4,5.998,255,0,0,0,0
1671457396059,29,139296,6,4.331,-3.693,0.000,1,4.894,2,4.094,3,5.514,4,5.998,255,0,0,0,0
1671457396108,49,139345,6,4.394,-3.701,0.000,1,4.894,2,4.094,3,5.514,4,5.998,255,0,0,0,0
1671457396150,42,139387,6,4.394,-3.701,0.000,1,4.894,2,4.102,3,5.514,4,5.998,255,0,0,0,0
1671457396174,24,139411,6,4.394,-3.701,0.000,1,4.894,2,4.102,3,5.514,4,5.998,255,0,0,0,0
1671457396174,0,139411,6,4.394,-3.701,0.000,1,4.894,2,4.102,3,5.514,4,5.998,255,0,0,0,0
1671457396182,8,139419,6,4.374,-3.694,0.000,1,4.894,2,4.102,3,5.514,4,5.998,255,0,0,0,0
1671457396242,60,139479,6,4.374,-3.694,0.000,1,4.894,2,4.102,3,5.514,4,5.998,255,0,0,0,0
1671457396272,30,139509,6,4.374,-3.694,0.000,1,4.883,2,4.110,3,5.509,4,5.998,255,0,0,0,0
1671457396302,30,139539,6,4.319,-3.684,0.000,1,4.883,2,4.110,3,5.509,4,5.998,255,0,0,0,0
1671457396364,62,139601,6,4.319,-3.684,0.000,1,4.883,2,4.110,3,5.509,4,5.998,255,0,0,0,0
1671457396364,0,139601,6,4.319,-3.684,0.000,1,4.883,2,4.110,3,5.509,4,5.998,255,0,0,0,0
1671457396410,46,139647,6,4.319,-3.684,0.000,1,4.894,2,4.110,3,5.520,4,5.998,255,0,0,0,0
1671457396469,59,139706,6,4.319,-3.684,0.000,1,4.894,2,4.110,3,5.520,4,5.998,255,0,0,0,0
1671457396502,33,139739,6,4.398,-3.706,0.000,1,4.886,2,4.099,3,5.514,4,5.998,255,0,0,0,0
1671457396563,61,139800,6,4.398,-3.706,0.000,1,4.886,2,4.099,3,5.514,4,6.003,255,0,0,0,0
1671457396608,45,139845,6,4.398,-3.706,0.000,1,4.886,2,4.099,3,5.514,4,6.003,255,0,0,0,0
1671457396608,0,139845,6,4.398,-3.706,0.000,1,4.886,2,4.099,3,5.514,4,6.003,255,0,0,0,0
1671457396624,16,139861,6,4.347,-3.653,0.000,1,4.894,2,4.099,3,5.489,4,5.998,255,0,0,0,0
1671457396684,60,139921,6,4.347,-3.653,0.000,1,4.894,2,4.099,3,5.489,4,5.998,255,0,0,0,0
1671457396717,33,139954,6,4.323,-3.712,0.000,1,4.894,2,4.099,3,5.489,4,5.998,255,0,0,0,0
1671457396731,14,139968,6,4.323,-3.712,0.000,1,4.858,2,4.102,3,5.489,4,5.998,255,0,0,0,0
1671457396778,47,140015,6,4.323,-3.712,0.000,1,4.858,2,4.102,3,5.489,4,5.998,255,0,0,0,0
1671457396778,0,140015,6,4.323,-3.712,0.000,1,4.858,2,4.102,3,5.489,4,5.998,255,0,0,0,0
1671457396840,62,140077,6,4.316,-3.493,0.000,1,4.858,2,4.102,3,5.489,4,5.998,255,0,0,0,0
1671457396900,60,140137,6,4.316,-3.493,0.000,1,4.891,2,4.099,3,5.509,4,5.998,255,0,0,0,0
1671457396945,45,140182,6,4.316,-3.493,0.000,1,4.891,2,4.099,3,5.509,4,5.998,255,0,0,0,0
1671457396979,34,140216,6,4.316,-3.493,0.000,1,4.891,2,4.099,3,5.509,4,5.998,255,0,0,0,0
1671457397036,57,140273,6,4.316,-3.493,0.000,1,4.891,2,4.099,3,5.509,4,5.992,255,0,0,0,0
1671457397037,1,140274,6,4.362,-3.598,0.000,1,4.891,2,4.099,3,5.509,4,5.992,255,0,0,0,0
1671457397090,53,140327,6,4.362,-3.598,0.000,1,4.891,2,4.099,3,5.509,4,5.992,255,0,0,0,0
1671457397113,23,140350,6,4.383,-3.646,0.000,1,4.891,2,4.099,3,5.509,4,5.992,255,0,0,0,0
1671457397156,43,140393,6,4.383,-3.646,0.000,1,4.883,2,4.091,3,5.517,4,5.998,255,0,0,0,0
1671457397205,49,140442,6,4.383,-3.646,0.000,1,4.883,2,4.091,3,5.517,4,5.998,255,0,0,0,0
1671457397236,31,140473,6,4.383,-3.646,0.000,1,4.883,2,4.091,3,5.517,4,5.998,255,0,0,0,0
1671457397237,1,140474,6,4.367,-3.605,0.000,1,4.883,2,4.091,3,5.517,4,5.998,255,0,0,0,0
1671457397283,46,140520,6,4.367,-3.605,0.000,1,4.891,2,4.088,3,5.506,4,5.998,255,0,0,0,0
1671457397313,30,140550,6,4.367,-3.605,0.000,1,4.891,2,4.088,3,5.506,4,5.998,255,0,0,0,0
1671457397376,63,140613,6,4.314,-3.475,0.000,1,4.891,2,4.088,3,5.506,4,5.998,255,0,0,0,0
1671457397405,29,140642,6,4.314,-3.475,0.000,1,4.894,2,4.094,3,5.514,4,5.998,255,0,0,0,0
1671457397467,62,140704,6,4.314,-3.475,0.000,1,4.894,2,4.094,3,5.514,4,5.998,255,0,0,0,0
1671457397467,0,140704,6,4.314,-3.475,0.000,1,4.894,2,4.094,3,5.514,4,5.998,255,0,0,0,0
1671457397497,30,140734,6,4.383,-3.658,0.000,1,4.894,2,4.099,3,5.514,4,5.998,255,0,0,0,0
1671457397559,62,140796,6,4.383,-3.658,0.000,1,4.894,2,4.099,3,5.514,4,5.998,255,0,0,0,0
1671457397590,31,140827,6,4.383,-3.658,0.000,1,4.894,2,4.099,3,5.514,4,5.998,255,0,0,0,0
1671457397651,61,140888,6,4.398,-3.689,0.000,1,4.883,2,4.077,3,5.514,4,5.998,255,0,0,0,0
1671457397682,31,140919,6,4.398,-3.689,0.000,1,4.883,2,4.077,3,5.506,4,5.998,255,0,0,0,0
1671457397682,0,140919,6,4.398,-3.689,0.000,1,4.883,2,4.077,3,5.506,4,5.998,255,0,0,0,0
1671457397704,22,140941,6,4.327,-3.470,0.000,1,4.883,2,4.077,3,5.506,4,5.998,255,0,0,0,0
1671457397713,9,140950,6,4.327,-3.470,0.000,1,4.883,2,4.077,3,5.506,4,5.998,255,0,0,0,0
1671457397775,62,141012,6,4.327,-3.470,0.000,1,4.883,2,4.077,3,5.506,4,5.998,255,0,0,0,0
1671457397805,30,141042,6,4.311,-3.681,0.000,1,4.886,2,4.088,3,5.506,4,5.998,255,0,0,0,0
1671457397820,15,141057,6,4.311,-3.681,0.000,1,4.886,2,4.088,3,5.506,4,5.998,255,0,0,0,0
1671457397820,0,141057,6,4.311,-3.681,0.000,1,4.886,2,4.088,3,5.506,4,5.998,255,0,0,0,0
1671457397881,61,141118,6,4.311,-3.681,0.000,1,4.886,2,4.088,3,5.506,4,5.998,255,0,0,0,0
1671457397913,32,141150,6,4.311,-3.681,0.000,1,4.886,2,4.088,3,5.506,4,5.998,255,0,0,0,0
1671457397944,31,141181,6,4.316,-3.691,0.000,1,4.886,2,4.088,3,5.506,4,5.998,255,0,0,0,0
1671457398005,61,141242,6,4.316,-3.691,0.000,1,4.886,2,4.088,3,5.506,4,5.998,255,0,0,0,0
1671457398030,25,141267,6,4.316,-3.691,0.000,1,4.891,2,4.088,3,5.511,4,5.998,255,0,0,0,0
1671457398030,0,141267,6,4.316,-3.691,0.000,1,4.891,2,4.088,3,5.511,4,5.998,255,0,0,0,0
1671457398075,45,141312,6,4.316,-3.691,0.000,1,4.891,2,4.088,3,5.511,4,5.998,255,0,0,0,0
1671457398098,23,141335,6,4.316,-3.691,0.000,1,4.891,2,4.088,3,5.511,4,5.998,255,0,0,0,0
1671457398129,31,141366,6,4.316,-3.691,0.000,1,4.883,2,4.088,3,5.506,4,5.998,255,0,0,0,0
1671457398191,62,141428,6,4.316,-3.691,0.000,1,4.883,2,4.088,3,5.506,4,5.998,255,0,0,0,0
1671457398222,31,141459,6,4.316,-3.691,0.000,1,4.883,2,4.088,3,5.506,4,5.998,255,0,0,0,0
1671457398224,2,141461,6,4.350,-3.616,0.000,1,4.883,2,4.088,3,5.506,4,5.998,255,0,0,0,0
1671457398249,25,141486,6,4.350,-3.616,0.000,1,4.894,2,4.083,3,5.506,4,5.998,255,0,0,0,0
1671457398314,65,141551,6,4.350,-3.616,0.000,1,4.894,2,4.083,3,5.506,4,5.998,255,0,0,0,0
1671457398359,45,141596,6,4.312,-3.477,0.000,1,4.894,2,4.083,3,5.506,4,5.998,255,0,0,0,0
1671457398376,17,141613,6,4.312,-3.477,0.000,1,4.858,2,4.083,3,5.509,4,5.998,255,0,0,0,0
1671457398435,59,141672,6,4.312,-3.477,0.000,1,4.858,2,4.083,3,5.509,4,5.998,255,0,0,0,0
1671457398435,0,141672,6,4.312,-3.477,0.000,1,4.858,2,4.083,3,5.509,4,5.998,255,0,0,0,0
1671457398468,33,141705,6,4.397,-3.696,0.000,1,4.858,2,4.083,3,5.509,4,5.998,255,0,0,0,0
1671457398483,15,141720,6,4.397,-3.696,0.000,1,4.883,2,4.085,3,5.509,4,5.998,255,0,0,0,0
1671457398560,77,141797,6,4.397,-3.696,0.000,1,4.883,2,4.085,3,5.509,4,5.998,255,0,0,0,0
1671457398591,31,141828,6,4.329,-3.523,0.000,1,4.883,2,4.085,3,5.506,4,5.998,255,0,0,0,0
1671457398651,60,141888,6,4.329,-3.523,0.000,1,4.894,2,4.085,3,5.506,4,5.998,255,0,0,0,0
1671457398651,0,141888,6,4.329,-3.523,0.000,1,4.894,2,4.085,3,5.506,4,5.998,255,0,0,0,0
1671457398682,31,141919,6,4.329,-3.523,0.000,1,4.894,2,4.085,3,5.514,4,5.998,255,0,0,0,0
1671457398729,47,141966,6,4.387,-3.669,0.000,1,4.894,2,4.085,3,5.514,4,5.998,255,0,0,0,0
1671457398757,28,141994,6,4.387,-3.669,0.000,1,4.894,2,4.088,3,5.511,4,5.998,255,0,0,0,0
1671457398788,31,142025,6,4.387,-3.669,0.000,1,4.894,2,4.088,3,5.511,4,5.998,255,0,0,0,0
1671457398804,16,142041,6,4.387,-3.669,0.000,1,4.894,2,4.088,3,5.511,4,5.998,255,0,0,0,0
1671457398805,1,142042,6,4.394,-3.689,0.000,1,4.894,2,4.088,3,5.511,4,5.998,255,0,0,0,0
1671457398907,102,142144,6,4.394,-3.689,0.000,1,4.894,2,4.088,3,5.511,4,5.998,255,0,0,0,0
1671457398926,19,142163,6,4.394,-3.689,0.000,1,4.894,2,4.088,3,5.511,4,5.998,255,0,0,0,0
1671457398956,30,142193,6,4.394,-3.689,0.000,1,4.894,2,4.088,3,5.511,4,5.998,255,0,0,0,0
1671457398988,32,142225,6,4.401,-3.696,0.000,1,4.894,2,4.088,3,5.511,4,5.998,255,0,0,0,0
1671457399075,87,142312,6,4.401,-3.696,0.000,1,4.897,2,4.099,3,5.520,4,5.998,255,0,0,0,0
1671457399075,0,142312,6,4.401,-3.696,0.000,1,4.897,2,4.099,3,5.520,4,5.998,255,0,0,0,0
1671457399097,22,142334,6,4.379,-3.697,0.000,1,4.897,2,4.099,3,5.520,4,5.998,255,0,0,0,0
1671457399124,27,142361,6,4.379,-3.697,0.000,1,4.897,2,4.102,3,5.520,4,5.998,255,0,0,0,0
1671457399187,63,142424,6,4.379,-3.697,0.000,1,4.897,2,4.102,3,5.506,4,5.998,255,0,0,0,0
1671457399235,48,142472,6,4.405,-3.697,0.000,1,4.897,2,4.102,3,5.506,4,5.998,255,0,0,0,0
1671457399280,45,142517,6,4.405,-3.697,0.000,1,4.886,2,4.099,3,5.509,4,5.998,255,0,0,0,0
1671457399280,0,142517,6,4.405,-3.697,0.000,1,4.886,2,4.099,3,5.509,4,5.998,255,0,0,0,0
1671457399310,30,142547,6,4.405,-3.697,0.000,1,4.886,2,4.099,3,5.509,4,5.998,255,0,0,0,0
1671457399341,31,142578,6,4.311,-3.673,0.000,1,4.886,2,4.099,3,5.509,4,5.998,255,0,0,0,0
1671457399402,61,142639,6,4.311,-3.673,0.000,1,4.891,2,4.099,3,5.509,4,5.998,255,0,0,0,0
1671457399434,32,142671,6,4.311,-3.673,0.000,1,4.891,2,4.094,3,5.509,4,5.998,255,0,0,0,0
1671457399454,20,142691,6,4.311,-3.673,0.000,1,4.891,2,4.094,3,5.509,4,5.998,255,0,0,0,0
1671457399455,1,142692,6,4.336,-3.678,0.000,1,4.891,2,4.094,3,5.509,4,5.998,255,0,0,0,0
1671457399464,9,142701,6,4.336,-3.678,0.000,1,4.891,2,4.094,3,5.509,4,5.998,255,0,0,0,0
1671457399540,76,142777,6,4.336,-3.678,0.000,1,4.891,2,4.094,3,5.509,4,5.998,255,0,0,0,0
1671457399564,24,142801,6,4.320,-3.684,0.000,1,4.894,2,4.088,3,5.514,4,5.998,255,0,0,0,0
1671457399572,8,142809,6,4.320,-3.684,0.000,1,4.894,2,4.088,3,5.514,4,5.998,255,0,0,0,0
1671457399633,61,142870,6,4.320,-3.684,0.000,1,4.894,2,4.088,3,5.514,4,5.998,255,0,0,0,0
1671457399633,0,142870,6,4.320,-3.684,0.000,1,4.894,2,4.088,3,5.514,4,5.998,255,0,0,0,0
1671457399663,30,142900,6,4.320,-3.684,0.000,1,4.886,2,4.094,3,5.509,4,5.998,255,0,0,0,0
1671457399716,53,142953,6,4.392,-3.699,0.000,1,4.886,2,4.094,3,5.509,4,5.998,255,0,0,0,0
1671457399739,23,142976,6,4.392,-3.699,0.000,1,4.886,2,4.094,3,5.509,4,5.998,255,0,0,0,0
1671457399780,41,143017,6,4.392,-3.699,0.000,1,4.897,2,4.085,3,5.520,4,5.998,255,0,0,0,0
1671457399832,52,143069,6,4.392,-3.699,0.000,1,4.897,2,4.085,3,5.520,4,5.998,255,0,0,0,0
1671457399832,0,143069,6,4.392,-3.699,0.000,1,4.897,2,4.085,3,5.520,4,5.998,255,0,0,0,0
1671457399909,77,143146,6,4.324,-3.499,0.000,1,4.886,2,4.085,3,5.520,4,5.998,255,0,0,0,0
1671457399939,30,143176,6,4.324,-3.499,0.000,1,4.886,2,4.085,3,5.520,4,5.998,255,0,0,0,0
1671457399970,31,143207,6,4.324,-3.499,0.000,1,4.886,2,4.085,3,5.520,4,5.998,255,0,0,0,0
1671457400032,62,143269,6,4.309,-3.470,0.000,1,4.886,2,4.091,3,5.509,4,5.998,255,0,0,0,0
1671457400062,30,143299,6,4.309,-3.470,0.000,1,4.886,2,4.091,3,5.509,4,5.998,255,0,0,0,0
1671457400062,0,143299,6,4.309,-3.470,0.000,1,4.886,2,4.091,3,5.509,4,5.998,255,0,0,0,0
1671457400093,31,143330,6,4.315,-3.453,0.000,1,4.886,2,4.091,3,5.509,4,5.998,255,0,0,0,0
1671457400122,29,143359,6,4.315,-3.453,0.000,1,4.894,2,4.099,3,5.520,4,5.998,255,0,0,0,0
1671457400153,31,143390,6,4.315,-3.453,0.000,1,4.894,2,4.099,3,5.514,4,5.998,255,0,0,0,0
1671457400215,62,143452,6,4.317,-3.688,0.000,1,4.894,2,4.099,3,5.514,4,5.998,255,0,0,0,0
1671457400275,60,143512,6,4.317,-3.688,0.000,1,4.894,2,4.099,3,5.514,4,5.998,255,0,0,0,0
1671457400275,0,143512,6,4.317,-3.688,0.000,1,4.894,2,4.099,3,5.514,4,5.998,255,0,0,0,0
1671457400307,32,143544,6,4.317,-3.688,0.000,1,4.894,2,4.099,3,5.509,4,5.998,255,0,0,0,0
1671457400329,22,143566,6,4.317,-3.688,0.000,1,4.894,2,4.099,3,5.509,4,5.998,255,0,0,0,0
1671457400371,42,143608,6,4.394,-3.695,0.000,1,4.894,2,4.099,3,5.509,4,5.998,255,0,0,0,0
1671457400415,44,143652,6,4.394,-3.695,0.000,1,4.883,2,4.099,3,5.506,4,5.998,255,0,0,0,0
1671457400439,24,143676,6,4.394,-3.695,0.000,1,4.883,2,4.099,3,5.506,4,5.998,255,0,0,0,0
1671457400439,0,143676,6,4.384,-3.686,0.000,1,4.883,2,4.099,3,5.506,4,5.998,255,0,0,0,0
1671457400480,41,143717,6,4.384,-3.686,0.000,1,4.883,2,4.099,3,5.506,4,5.998,255,0,0,0,0
1671457400506,26,143743,6,4.384,-3.686,0.000,1,4.894,2,4.110,3,5.520,4,5.998,255,0,0,0,0
1671457400536,30,143773,6,4.384,-3.686,0.000,1,4.894,2,4.110,3,5.520,4,5.998,255,0,0,0,0
1671457400566,30,143803,6,4.325,-3.676,0.000,1,4.894,2,4.110,3,5.520,4,5.998,255,0,0,0,0
1671457400627,61,143864,6,4.325,-3.676,0.000,1,4.894,2,4.110,3,5.520,4,5.998,255,0,0,0,0
1671457400627,0,143864,6,4.325,-3.676,0.000,1,4.894,2,4.110,3,5.520,4,5.998,255,0,0,0,0
1671457400655,28,143892,1,9.390,-3.685,2.220,255,0,0,0,0
1671457400655,0,143892,2,0.003,-3.685,2.220,255,0,0,0,0
1671457400655,0,143892,3,0.003,0.000,2.220,255,0,0,0,0
1671457400655,0,143892,4,9.390,0.000,2.220,255,0,0,0,0
1671457400655,0,143892,6,4.325,-3.676,0.000,1,4.894,2,4.113,3,5.517,4,5.998,255,0,0,0,0
1671457400674,19,143911,6,4.325,-3.676,0.000,1,4.894,2,4.113,3,5.517,4,5.998,255,0,0,0,0
1671457400736,62,143973,6,4.305,-3.684,0.000,1,4.894,2,4.113,3,5.517,4,5.998,255,0,0,0,0
1671457400782,46,144019,6,4.305,-3.684,0.000,1,4.891,2,4.108,3,5.506,4,5.998,255,0,0,0,0
1671457400873,91,144110,6,4.305,-3.684,0.000,1,4.891,2,4.108,3,5.506,4,5.998,255,0,0,0,0
1671457400873,0,144110,6,4.305,-3.684,0.000,1,4.891,2,4.108,3,5.506,4,5.998,255,0,0,0,0
1671457400920,47,144157,6,4.398,-3.679,0.000,1,4.891,2,4.108,3,5.506,4,5.998,255,0,0,0,0
1671457400982,62,144219,6,4.398,-3.679,0.000,1,4.894,2,4.105,3,5.514,4,5.998,255,0,0,0,0
1671457400996,14,144233,6,4.398,-3.679,0.000,1,4.891,2,4.099,3,5.520,4,5.998,255,0,0,0,0
1671457401058,62,144295,6,4.327,-3.664,0.000,1,4.891,2,4.099,3,5.520,4,5.998,255,0,0,0,0
1671457401088,30,144325,6,4.327,-3.664,0.000,1,4.891,2,4.099,3,5.520,4,5.998,255,0,0,0,0
1671457401088,0,144325,6,4.327,-3.664,0.000,1,4.891,2,4.099,3,5.520,4,5.998,255,0,0,0,0
1671457401103,15,144340,6,4.321,-3.585,0.000,1,4.891,2,4.099,3,5.520,4,5.998,255,0,0,0,0
1671457401135,32,144372,6,4.321,-3.585,0.000,1,4.891,2,4.099,3,5.520,4,5.998,255,0,0,0,0
1671457401195,60,144432,6,4.318,-3.491,0.000,1,4.891,2,4.099,3,5.520,4,5.998,255,0,0,0,0
1671457401211,16,144448,6,4.318,-3.491,0.000,1,4.894,2,4.099,3,5.520,4,5.998,255,0,0,0,0
1671457401287,76,144524,6,4.318,-3.491,0.000,1,4.894,2,4.099,3,5.520,4,5.998,255,0,0,0,0
1671457401287,0,144524,6,4.318,-3.491,0.000,1,4.894,2,4.099,3,5.520,4,5.998,255,0,0,0,0
1671457401314,27,144551,6,4.318,-3.491,0.000,1,4.894,2,4.099,3,5.514,4,5.998,255,0,0,0,0
1671457401354,40,144591,6,4.398,-3.682,0.000,1,4.894,2,4.099,3,5.514,4,5.998,255,0,0,0,0
1671457401378,24,144615,6,4.398,-3.682,0.000,1,4.894,2,4.097,3,5.492,4,5.998,255,0,0,0,0
1671457401409,31,144646,6,4.398,-3.682,0.000,1,4.894,2,4.097,3,5.492,4,5.998,255,0,0,0,0
1671457401453,44,144690,6,4.398,-3.682,0.000,1,4.894,2,4.097,3,5.492,4,5.998,255,0,0,0,0
1671457401453,0,144690,6,4.397,-3.681,0.000,1,4.894,2,4.097,3,5.492,4,5.998,255,0,0,0,0
1671457401484,31,144721,6,4.397,-3.681,0.000,1,4.894,2,4.097,3,5.492,4,5.998,255,0,0,0,0
1671457401529,45,144766,6,4.397,-3.681,0.000,1,4.886,2,4.097,3,5.509,4,5.998,255,0,0,0,0
1671457401574,45,144811,6,4.397,-3.681,0.000,1,4.886,2,4.097,3,5.509,4,5.998,255,0,0,0,0
1671457401605,31,144842,6,4.387,-3.656,0.000,1,4.886,2,4.097,3,5.509,4,5.998,255,0,0,0,0
1671457401636,31,144873,6,4.387,-3.656,0.000,1,4.894,2,4.085,3,5.520,4,5.998,255,0,0,0,0
1671457401636,0,144873,6,4.387,-3.656,0.000,1,4.894,2,4.085,3,5.520,4,5.998,255,0,0,0,0
1671457401666,30,144903,6,4.387,-3.656,0.000,1,4.894,2,4.085,3,5.520,4,5.998,255,0,0,0,0
1671457401728,62,144965,6,4.396,-3.680,0.000,1,4.894,2,4.085,3,5.520,4,5.998,255,0,0,0,0
1671457401752,24,144989,6,4.396,-3.680,0.000,1,4.886,2,4.091,3,5.514,4,5.998,255,0,0,0,0
1671457401793,41,145030,6,4.396,-3.680,0.000,1,4.886,2,4.091,3,5.514,4,5.998,255,0,0,0,0
1671457401879,86,145116,6,4.396,-3.680,0.000,1,4.886,2,4.091,3,5.514,4,5.998,255,0,0,0,0
1671457401879,0,145116,6,4.396,-3.680,0.000,1,4.886,2,4.091,3,5.514,4,5.998,255,0,0,0,0
1671457401917,38,145154,6,4.308,-3.469,0.000,1,4.886,2,4.091,3,5.514,4,5.998,255,0,0,0,0
1671457401969,52,145206,6,4.308,-3.469,0.000,1,4.886,2,4.091,3,5.509,4,5.998,255,0,0,0,0
1671457402032,63,145269,6,4.308,-3.469,0.000,1,4.891,2,4.083,3,5.509,4,5.998,255,0,0,0,0
1671457402079,47,145316,6,4.394,-3.682,0.000,1,4.891,2,4.083,3,5.514,4,5.998,255,0,0,0,0
1671457402093,14,145330,6,4.394,-3.682,0.000,1,4.891,2,4.083,3,5.514,4,5.998,255,0,0,0,0
1671457402093,0,145330,6,4.394,-3.682,0.000,1,4.891,2,4.083,3,5.514,4,5.998,255,0,0,0,0
1671457402155,62,145392,6,4.398,-3.690,0.000,1,4.891,2,4.083,3,5.514,4,5.998,255,0,0,0,0
1671457402186,31,145423,6,4.398,-3.690,0.000,1,4.894,2,4.083,3,5.514,4,5.998,255,0,0,0,0
1671457402203,17,145440,6,4.381,-3.701,0.000,1,4.894,2,4.083,3,5.514,4,5.998,255,0,0,0,0
1671457402232,29,145469,6,4.381,-3.701,0.000,1,4.894,2,4.083,3,5.514,4,5.998,255,0,0,0,0
1671457402292,60,145529,6,4.381,-3.701,0.000,1,4.894,2,4.083,3,5.514,4,5.998,255,0,0,0,0
1671457402292,0,145529,6,4.381,-3.701,0.000,1,4.894,2,4.083,3,5.514,4,5.998,255,0,0,0,0
1671457402307,15,145544,6,4.335,-3.704,0.000,1,4.891,2,4.083,3,5.509,4,5.998,255,0,0,0,0
1671457402369,62,145606,6,4.335,-3.704,0.000,1,4.891,2,4.083,3,5.509,4,5.998,255,0,0,0,0
1671457402404,35,145641,6,4.335,-3.704,0.000,1,4.891,2,4.083,3,5.514,4,5.998,255,0,0,0,0
1671457402447,43,145684,6,4.335,-3.704,0.000,1,4.891,2,4.083,3,5.514,4,5.998,255,0,0,0,0
1671457402475,28,145712,6,4.335,-3.704,0.000,1,4.891,2,4.083,3,5.514,4,5.998,255,0,0,0,0
1671457402475,0,145712,6,4.347,-3.703,0.000,1,4.891,2,4.083,3,5.514,4,5.998,255,0,0,0,0
1671457402506,31,145743,6,4.347,-3.703,0.000,1,4.891,2,4.083,3,5.514,4,5.998,255,0,0,0,0
1671457402567,61,145804,6,4.347,-3.703,0.000,1,4.891,2,4.083,3,5.514,4,5.998,255,0,0,0,0
1671457402597,30,145834,6,4.406,-3.730,0.000,1,4.891,2,4.083,3,5.514,4,5.998,255,0,0,0,0
1671457402624,27,145861,6,4.406,-3.730,0.000,1,4.894,2,4.083,3,5.514,4,5.998,255,0,0,0,0
1671457402665,41,145902,6,4.406,-3.730,0.000,1,4.894,2,4.083,3,5.509,4,5.998,255,0,0,0,0
1671457402665,0,145902,6,4.406,-3.730,0.000,1,4.894,2,4.083,3,5.509,4,5.998,255,0,0,0,0
1671457402689,24,145926,6,4.342,-3.562,0.000,1,4.894,2,4.083,3,5.509,4,5.998,255,0,0,0,0
1671457402734,45,145971,6,4.342,-3.562,0.000,1,4.894,2,4.083,3,5.509,4,5.998,255,0,0,0,0
1671457402751,17,145988,6,4.342,-3.562,0.000,1,4.894,2,4.083,3,5.511,4,5.998,255,0,0,0,0
1671457402812,61,146049,6,4.342,-3.562,0.000,1,4.894,2,4.083,3,5.511,4,5.998,255,0,0,0,0
1671457402873,61,146110,6,4.342,-3.562,0.000,1,4.894,2,4.083,3,5.511,4,5.998,255,0,0,0,0
1671457402874,1,146111,6,4.346,-3.569,0.000,1,4.894,2,4.083,3,5.511,4,5.998,255,0,0,0,0
1671457402919,45,146156,6,4.346,-3.569,0.000,1,4.894,2,4.083,3,5.511,4,5.998,255,0,0,0,0
1671457402950,31,146187,6,4.346,-3.569,0.000,1,4.894,2,4.085,3,5.520,4,5.998,255,0,0,0,0
1671457402997,47,146234,6,4.296,-3.441,0.000,1,4.894,2,4.085,3,5.520,4,5.998,255,0,0,0,0
1671457403042,45,146279,6,4.296,-3.441,0.000,1,4.891,2,4.085,3,5.514,4,5.998,255,0,0,0,0
1671457403064,22,146301,6,4.296,-3.441,0.000,1,4.891,2,4.085,3,5.514,4,5.998,255,0,0,0,0
1671457403064,0,146301,6,4.296,-3.441,0.000,1,4.891,2,4.085,3,5.514,4,5.998,255,0,0,0,0
1671457403106,42,146343,6,4.393,-3.687,0.000,1,4.891,2,4.085,3,5.514,4,5.998,255,0,0,0,0
1671457403134,28,146371,6,4.393,-3.687,0.000,1,4.894,2,4.094,3,5.520,4,5.998,255,0,0,0,0
1671457403166,32,146403,6,4.393,-3.687,0.000,1,4.894,2,4.094,3,5.520,4,5.998,255,0,0,0,0
1671457403180,14,146417,6,4.398,-3.699,0.000,1,4.894,2,4.094,3,5.520,4,5.998,255,0,0,0,0
1671457403241,61,146478,6,4.398,-3.699,0.000,1,4.894,2,4.094,3,5.520,4,5.998,255,0,0,0,0
1671457403241,0,146478,6,4.398,-3.699,0.000,1,4.894,2,4.094,3,5.520,4,5.998,255,0,0,0,0
1671457403280,39,146517,6,4.398,-3.699,0.000,1,4.891,2,4.085,3,5.520,4,5.998,255,0,0,0,0
1671457403302,22,146539,6,4.398,-3.699,0.000,1,4.891,2,4.085,3,5.520,4,5.998,255,0,0,0,0
1671457403334,32,146571,6,4.309,-3.700,0.000,1,4.891,2,4.085,3,5.520,4,5.998,255,0,0,0,0
1671457403411,77,146648,6,4.309,-3.700,0.000,1,4.891,2,4.085,3,5.520,4,5.998,255,0,0,0,0
1671457403441,30,146678,6,4.309,-3.700,0.000,1,4.880,2,4.094,3,5.506,4,5.998,255,0,0,0,0
1671457403441,0,146678,6,4.309,-3.700,0.000,1,4.880,2,4.094,3,5.506,4,5.998,255,0,0,0,0
1671457403501,60,146738,6,4.403,-3.739,0.000,1,4.880,2,4.094,3,5.506,4,5.998,255,0,0,0,0
1671457403564,63,146801,6,4.403,-3.739,0.000,1,4.894,2,4.091,3,5.514,4,5.998,255,0,0,0,0
1671457403595,31,146832,6,4.403,-3.739,0.000,1,4.894,2,4.091,3,5.514,4,5.998,255,0,0,0,0
1671457403626,31,146863,6,4.324,-3.500,0.000,1,4.894,2,4.091,3,5.514,4,5.998,255,0,0,0,0
1671457403702,76,146939,6,4.324,-3.500,0.000,1,4.894,2,4.091,3,5.514,4,5.987,255,0,0,0,0
1671457403702,0,146939,6,4.324,-3.500,0.000,1,4.894,2,4.091,3,5.514,4,5.987,255,0,0,0,0
1671457403793,91,147030,6,4.393,-3.678,0.000,1,4.894,2,4.091,3,5.514,4,5.987,255,0,0,0,0
1671457403822,29,147059,6,4.393,-3.678,0.000,1,4.886,2,4.094,3,5.514,4,5.998,255,0,0,0,0
1671457403838,16,147075,6,4.393,-3.678,0.000,1,4.886,2,4.094,3,5.514,4,5.998,255,0,0,0,0
1671457403914,76,147151,6,4.408,-3.698,0.000,1,4.886,2,4.094,3,5.514,4,5.998,255,0,0,0,0
1671457403959,45,147196,6,4.408,-3.698,0.000,1,4.886,2,4.094,3,5.514,4,5.998,255,0,0,0,0
1671457403959,0,147196,6,4.408,-3.698,0.000,1,4.886,2,4.094,3,5.514,4,5.998,255,0,0,0,0
1671457404006,47,147243,6,4.411,-3.694,0.000,1,4.894,2,4.094,3,5.511,4,5.998,255,0,0,0,0
1671457404036,30,147273,6,4.411,-3.694,0.000,1,4.886,2,4.097,3,5.520,4,5.998,255,0,0,0,0
1671457404052,16,147289,6,4.411,-3.694,0.000,1,4.886,2,4.097,3,5.520,4,5.998,255,0,0,0,0
1671457404116,64,147353,6,4.312,-3.689,0.000,1,4.886,2,4.097,3,5.520,4,5.998,255,0,0,0,0
1671457404156,40,147393,6,4.312,-3.689,0.000,1,4.894,2,4.091,3,5.514,4,5.998,255,0,0,0,0
1671457404156,0,147393,6,4.312,-3.689,0.000,1,4.894,2,4.091,3,5.514,4,5.998,255,0,0,0,0
1671457404207,51,147444,6,4.312,-3.689,0.000,1,4.894,2,4.091,3,5.514,4,5.998,255,0,0,0,0
1671457404239,32,147476,6,4.404,-3.696,0.000,1,4.894,2,4.091,3,5.514,4,5.998,255,0,0,0,0
1671457404284,45,147521,6,4.404,-3.696,0.000,1,4.886,2,4.091,3,5.520,4,5.998,255,0,0,0,0
1671457404314,30,147551,6,4.404,-3.696,0.000,1,4.886,2,4.091,3,5.520,4,5.998,255,0,0,0,0
1671457404376,62,147613,6,4.404,-3.696,0.000,1,4.886,2,4.091,3,5.520,4,5.998,255,0,0,0,0
1671457404378,2,147615,6,4.346,-3.699,0.000,1,4.886,2,4.091,3,5.520,4,5.998,255,0,0,0,0
1671457404447,69,147684,6,4.346,-3.699,0.000,1,4.894,2,4.091,3,5.520,4,5.998,255,0,0,0,0
1671457404468,21,147705,6,4.346,-3.699,0.000,1,4.894,2,4.091,3,5.520,4,5.998,255,0,0,0,0
1671457404499,31,147736,6,4.309,-3.704,0.000,1,4.894,2,4.091,3,5.520,4,5.998,255,0,0,0,0
1671457404544,45,147781,6,4.309,-3.704,0.000,1,4.894,2,4.091,3,5.517,4,5.998,255,0,0,0,0
1671457404606,62,147843,6,4.309,-3.704,0.000,1,4.894,2,4.091,3,5.517,4,5.998,255,0,0,0,0
1671457404607,1,147844,6,4.351,-3.704,0.000,1,4.894,2,4.091,3,5.517,4,5.998,255,0,0,0,0
1671457404668,61,147905,6,4.351,-3.704,0.000,1,4.894,2,4.091,3,5.514,4,5.998,255,0,0,0,0
1671457404699,31,147936,6,4.351,-3.704,0.000,1,4.894,2,4.091,3,5.514,4,5.998,255,0,0,0,0
1671457404745,46,147982,6,4.351,-3.704,0.000,1,4.894,2,4.091,3,5.514,4,5.998,255,0,0,0,0
1671457404793,48,148030,6,4.316,-3.700,0.000,1,4.894,2,4.091,3,5.514,4,5.998,255,0,0,0,0
1671457404811,18,148048,6,4.316,-3.700,0.000,1,4.894,2,4.091,3,5.514,4,5.998,255,0,0,0,0
1671457404811,0,148048,6,4.316,-3.700,0.000,1,4.894,2,4.091,3,5.514,4,5.998,255,0,0,0,0
1671457404882,71,148119,6,4.313,-3.730,0.000,1,4.894,2,4.091,3,5.514,4,5.998,255,0,0,0,0
1671457404912,30,148149,6,4.313,-3.730,0.000,1,4.894,2,4.091,3,5.514,4,5.998,255,0,0,0,0
1671457404944,32,148181,6,4.313,-3.730,0.000,1,4.886,2,4.091,3,5.514,4,5.998,255,0,0,0,0
1671457405006,62,148243,6,4.302,-3.467,0.000,1,4.886,2,4.091,3,5.514,4,5.998,255,0,0,0,0
1671457405037,31,148274,6,4.302,-3.467,0.000,1,4.891,2,4.085,3,5.517,4,5.998,255,0,0,0,0
1671457405037,0,148274,6,4.302,-3.467,0.000,1,4.891,2,4.085,3,5.517,4,5.998,255,0,0,0,0
1671457405099,62,148336,6,4.302,-3.467,0.000,1,4.891,2,4.085,3,5.517,4,5.998,255,0,0,0,0
1671457405131,32,148368,6,4.409,-3.665,0.000,1,4.894,2,4.069,3,5.517,4,5.998,255,0,0,0,0
1671457405162,31,148399,6,4.409,-3.665,0.000,1,4.894,2,4.069,3,5.511,4,5.998,255,0,0,0,0
1671457405375,213,148612,6,4.409,-3.665,0.000,1,4.894,2,4.069,3,5.511,4,5.998,255,0,0,0,0
1671457405375,0,148612,6,4.409,-3.665,0.000,1,4.894,2,4.069,3,5.511,4,5.998,255,0,0,0,0
1671457405421,46,148658,6,4.323,-3.714,0.000,1,4.894,2,4.069,3,5.511,4,5.998,255,0,0,0,0
1671457405482,61,148719,6,4.323,-3.714,0.000,1,4.894,2,4.085,3,5.511,4,5.998,255,0,0,0,0
1671457405513,31,148750,6,4.323,-3.714,0.000,1,4.891,2,4.088,3,5.506,4,5.998,255,0,0,0,0
1671457405545,32,148782,6,4.313,-3.607,0.000,1,4.891,2,4.088,3,5.506,4,5.998,255,0,0,0,0
1671457405588,43,148825,6,4.313,-3.607,0.000,1,4.891,2,4.088,3,5.506,4,5.998,255,0,0,0,0
1671457405588,0,148825,6,4.313,-3.607,0.000,1,4.891,2,4.088,3,5.506,4,5.998,255,0,0,0,0
1671457405620,32,148857,6,4.310,-3.686,0.000,1,4.891,2,4.088,3,5.506,4,5.998,255,0,0,0,0
1671457405688,68,148925,6,4.310,-3.686,0.000,1,4.894,2,4.088,3,5.514,4,6.003,255,0,0,0,0
1671457405731,43,148968,6,4.310,-3.686,0.000,1,4.894,2,4.088,3,5.514,4,6.003,255,0,0,0,0
1671457405758,27,148995,6,4.313,-3.690,0.000,1,4.886,2,4.091,3,5.514,4,6.003,255,0,0,0,0
1671457405787,29,149024,6,4.313,-3.690,0.000,1,4.886,2,4.091,3,5.511,4,5.998,255,0,0,0,0
1671457405787,0,149024,6,4.313,-3.690,0.000,1,4.886,2,4.091,3,5.511,4,5.998,255,0,0,0,0
1671457405840,53,149077,6,4.311,-3.699,0.000,1,4.886,2,4.091,3,5.511,4,5.998,255,0,0,0,0
1671457405910,70,149147,6,4.311,-3.699,0.000,1,4.886,2,4.091,3,5.511,4,5.998,255,0,0,0,0
1671457405946,36,149183,6,4.311,-3.699,0.000,1,4.886,2,4.091,3,5.511,4,5.998,255,0,0,0,0
1671457406002,56,149239,6,4.311,-3.699,0.000,1,4.847,2,4.085,3,5.489,4,5.995,255,0,0,0,0
1671457406033,31,149270,6,4.311,-3.699,0.000,1,4.894,2,4.097,3,5.514,4,6.003,255,0,0,0,0
1671457406034,1,149271,6,4.355,-3.685,0.000,1,4.894,2,4.097,3,5.514,4,6.003,255,0,0,0,0
1671457406094,60,149331,6,4.355,-3.685,0.000,1,4.894,2,4.097,3,5.514,4,6.003,255,0,0,0,0
1671457406124,30,149361,6,4.382,-3.664,0.000,1,4.894,2,4.097,3,5.514,4,6.003,255,0,0,0,0
1671457406172,48,149409,6,4.382,-3.664,0.000,1,4.858,2,4.097,3,5.506,4,5.995,255,0,0,0,0
1671457406202,30,149439,6,4.382,-3.664,0.000,1,4.858,2,4.097,3,5.506,4,5.995,255,0,0,0,0
1671457406233,31,149470,6,4.382,-3.664,0.000,1,4.858,2,4.097,3,5.506,4,5.995,255,0,0,0,0
1671457406235,2,149472,6,4.362,-3.675,0.000,1,4.858,2,4.097,3,5.506,4,5.995,255,0,0,0,0
1671457406249,14,149486,6,4.362,-3.675,0.000,1,4.883,2,4.099,3,5.511,4,5.995,255,0,0,0,0
1671457406324,75,149561,6,4.339,-3.677,0.000,1,4.883,2,4.099,3,5.511,4,5.995,255,0,0,0,0
1671457406355,31,149592,6,4.339,-3.677,0.000,1,4.883,2,4.099,3,5.511,4,5.998,255,0,0,0,0
1671457406417,62,149654,6,4.339,-3.677,0.000,1,4.886,2,4.099,3,5.514,4,5.998,255,0,0,0,0
1671457406448,31,149685,6,4.339,-3.677,0.000,1,4.886,2,4.099,3,5.514,4,5.998,255,0,0,0,0
1671457406448,0,149685,6,4.339,-3.677,0.000,1,4.886,2,4.099,3,5.514,4,5.998,255,0,0,0,0
1671457406463,15,149700,6,4.327,-3.615,0.000,1,4.886,2,4.099,3,5.514,4,5.998,255,0,0,0,0
1671457406539,76,149776,6,4.327,-3.615,0.000,1,4.886,2,4.099,3,5.514,4,5.998,255,0,0,0,0
1671457406560,21,149797,6,4.327,-3.615,0.000,1,4.897,2,4.094,3,5.514,4,5.998,255,0,0,0,0
1671457406571,11,149808,6,4.321,-3.622,0.000,1,4.897,2,4.094,3,5.514,4,5.998,255,0,0,0,0
1671457406605,34,149842,6,4.321,-3.622,0.000,1,4.897,2,4.094,3,5.514,4,5.998,255,0,0,0,0
1671457406605,0,149842,6,4.321,-3.622,0.000,1,4.897,2,4.094,3,5.514,4,5.998,255,0,0,0,0
1671457406663,58,149900,6,4.321,-3.622,0.000,1,4.897,2,4.094,3,5.514,4,5.998,255,0,0,0,0
1671457406680,17,149917,6,4.315,-3.516,0.000,1,4.894,2,4.099,3,5.514,4,6.003,255,0,0,0,0
1671457406909,229,150146,6,4.315,-3.516,0.000,1,4.894,2,4.099,3,5.514,4,6.003,255,0,0,0,0
1671457406971,62,150208,6,4.315,-3.516,0.000,1,4.894,2,4.099,3,5.514,4,6.003,255,0,0,0,0
1671457406971,0,150208,6,4.315,-3.516,0.000,1,4.894,2,4.099,3,5.514,4,6.003,255,0,0,0,0
1671457406999,28,150236,6,4.315,-3.516,0.000,1,4.883,2,4.099,3,5.514,4,5.998,255,0,0,0,0
1671457407042,43,150279,6,4.401,-3.700,0.000,1,4.883,2,4.102,3,5.511,4,5.998,255,0,0,0,0
1671457407063,21,150300,6,4.346,-3.553,0.000,1,4.883,2,4.102,3,5.511,4,5.998,255,0,0,0,0
1671457407093,30,150330,6,4.319,-3.470,0.000,1,4.883,2,4.102,3,5.511,4,5.998,255,0,0,0,0
1671457407123,30,150360,6,4.319,-3.470,0.000,1,4.883,2,4.102,3,5.511,4,5.998,255,0,0,0,0
1671457407123,0,150360,6,4.319,-3.470,0.000,1,4.883,2,4.102,3,5.511,4,5.998,255,0,0,0,0
1671457407169,46,150406,6,4.319,-3.470,0.000,1,4.886,2,4.105,3,5.511,4,5.998,255,0,0,0,0
1671457407230,61,150467,6,4.321,-3.643,0.000,1,4.886,2,4.105,3,5.511,4,5.998,255,0,0,0,0
1671457407290,60,150527,6,4.321,-3.643,0.000,1,4.886,2,4.105,3,5.514,4,5.998,255,0,0,0,0
1671457407321,31,150558,6,4.321,-3.643,0.000,1,4.886,2,4.105,3,5.514,4,5.998,255,0,0,0,0
1671457407352,31,150589,6,4.321,-3.643,0.000,1,4.886,2,4.105,3,5.514,4,5.998,255,0,0,0,0
1671457407352,0,150589,6,4.321,-3.643,0.000,1,4.886,2,4.105,3,5.514,4,5.998,255,0,0,0,0
1671457407414,62,150651,6,4.392,-3.681,0.000,1,4.886,2,4.105,3,5.514,4,5.998,255,0,0,0,0
1671457407437,23,150674,6,4.392,-3.681,0.000,1,4.897,2,4.105,3,5.514,4,5.992,255,0,0,0,0
1671457407479,42,150716,6,4.409,-3.681,0.000,1,4.897,2,4.105,3,5.514,4,5.992,255,0,0,0,0
1671457407506,27,150743,6,4.409,-3.681,0.000,1,4.894,2,4.108,3,5.514,4,5.992,255,0,0,0,0
1671457407535,29,150772,6,4.409,-3.681,0.000,1,4.894,2,4.108,3,5.514,4,5.998,255,0,0,0,0
1671457407535,0,150772,6,4.409,-3.681,0.000,1,4.894,2,4.108,3,5.514,4,5.998,255,0,0,0,0
1671457407566,31,150803,6,4.326,-3.681,0.000,1,4.894,2,4.108,3,5.514,4,5.998,255,0,0,0,0
1671457407656,90,150893,6,4.326,-3.681,0.000,1,4.894,2,4.108,3,5.514,4,5.998,255,0,0,0,0
1671457407696,40,150933,6,4.326,-3.681,0.000,1,4.894,2,4.108,3,5.514,4,5.998,255,0,0,0,0
1671457407718,22,150955,6,4.326,-3.681,0.000,1,4.894,2,4.108,3,5.514,4,5.998,255,0,0,0,0
1671457407794,76,151031,6,4.326,-3.681,0.000,1,4.894,2,4.108,3,5.514,4,5.998,255,0,0,0,0
1671457407795,1,151032,6,4.351,-3.652,0.000,1,4.894,2,4.108,3,5.514,4,5.998,255,0,0,0,0
1671457407825,30,151062,6,4.351,-3.652,0.000,1,4.894,2,4.110,3,5.514,4,5.998,255,0,0,0,0
1671457407878,53,151115,6,4.397,-3.675,0.000,1,4.894,2,4.110,3,5.514,4,5.998,255,0,0,0,0
1671457407920,42,151157,6,4.397,-3.675,0.000,1,4.894,2,4.110,3,5.514,4,5.998,255,0,0,0,0
1671457407945,25,151182,6,4.397,-3.675,0.000,1,4.886,2,4.110,3,5.514,4,5.998,255,0,0,0,0
1671457407977,32,151214,6,4.397,-3.675,0.000,1,4.886,2,4.110,3,5.514,4,5.998,255,0,0,0,0
1671457407978,1,151215,6,4.399,-3.676,0.000,1,4.886,2,4.110,3,5.514,4,5.998,255,0,0,0,0
1671457408036,58,151273,6,4.399,-3.676,0.000,1,4.886,2,4.108,3,5.514,4,5.998,255,0,0,0,0
1671457408068,32,151305,6,4.399,-3.676,0.000,1,4.886,2,4.108,3,5.514,4,5.998,255,0,0,0,0
1671457408092,24,151329,6,4.399,-3.676,0.000,1,4.886,2,4.108,3,5.514,4,5.998,255,0,0,0,0
1671457408135,43,151372,6,4.399,-3.676,0.000,1,4.894,2,4.108,3,5.514,4,5.998,255,0,0,0,0
1671457408176,41,151413,6,4.399,-3.676,0.000,1,4.894,2,4.108,3,5.511,4,5.998,255,0,0,0,0
1671457408176,0,151413,6,4.399,-3.676,0.000,1,4.894,2,4.108,3,5.511,4,5.998,255,0,0,0,0
1671457408204,28,151441,6,4.400,-3.678,0.000,1,4.894,2,4.108,3,5.511,4,5.998,255,0,0,0,0
1671457408223,19,151460,6,4.400,-3.678,0.000,1,4.894,2,4.108,3,5.511,4,5.998,255,0,0,0,0
1671457408298,75,151535,6,4.400,-3.678,0.000,1,4.894,2,4.108,3,5.511,4,5.998,255,0,0,0,0
1671457408328,30,151565,6,4.400,-3.678,0.000,1,4.894,2,4.108,3,5.514,4,5.998,255,0,0,0,0
1671457408389,61,151626,6,4.400,-3.678,0.000,1,4.894,2,4.108,3,5.514,4,5.998,255,0,0,0,0
1671457408390,1,151627,6,4.376,-3.617,0.000,1,4.894,2,4.108,3,5.514,4,5.998,255,0,0,0,0
1671457408419,29,151656,6,4.376,-3.617,0.000,1,4.886,2,4.108,3,5.511,4,5.998,255,0,0,0,0
1671457408434,15,151671,6,4.376,-3.617,0.000,1,4.886,2,4.108,3,5.511,4,5.998,255,0,0,0,0
1671457408496,62,151733,6,4.311,-3.451,0.000,1,4.886,2,4.108,3,5.511,4,5.998,255,0,0,0,0
1671457408541,45,151778,6,4.311,-3.451,0.000,1,4.897,2,4.108,3,5.514,4,5.998,255,0,0,0,0
1671457408602,61,151839,6,4.311,-3.451,0.000,1,4.897,2,4.108,3,5.514,4,5.998,255,0,0,0,0
1671457408602,0,151839,6,4.311,-3.451,0.000,1,4.897,2,4.108,3,5.514,4,5.998,255,0,0,0,0
1671457408634,32,151871,6,4.385,-3.639,0.000,1,4.894,2,4.102,3,5.514,4,5.998,255,0,0,0,0
1671457408664,30,151901,6,4.385,-3.639,0.000,1,4.894,2,4.102,3,5.514,4,5.998,255,0,0,0,0
1671457408724,60,151961,6,4.385,-3.639,0.000,1,4.894,2,4.102,3,5.514,4,5.998,255,0,0,0,0
1671457408806,82,152043,6,4.400,-3.678,0.000,1,4.894,2,4.102,3,5.514,4,5.998,255,0,0,0,0
1671457408832,26,152069,6,4.400,-3.678,0.000,1,4.894,2,4.102,3,5.514,4,5.998,255,0,0,0,0
1671457408832,0,152069,6,4.400,-3.678,0.000,1,4.894,2,4.102,3,5.514,4,5.998,255,0,0,0,0
1671457408904,72,152141,6,4.400,-3.678,0.000,1,4.894,2,4.102,3,5.514,4,5.998,255,0,0,0,0
1671457408924,20,152161,6,4.399,-3.680,0.000,1,4.894,2,4.102,3,5.514,4,5.998,255,0,0,0,0
1671457409047,123,152284,6,4.398,-3.680,0.000,1,4.894,2,4.102,3,5.514,4,5.998,255,0,0,0,0
1671457409168,121,152405,6,4.398,-3.680,0.000,1,4.894,2,4.094,3,5.511,4,5.998,255,0,0,0,0
1671457409199,31,152436,6,4.398,-3.680,0.000,1,4.889,2,4.094,3,5.506,4,5.998,255,0,0,0,0
1671457409199,0,152436,6,4.398,-3.680,0.000,1,4.889,2,4.094,3,5.506,4,5.998,255,0,0,0,0
1671457409291,92,152528,6,4.398,-3.680,0.000,1,4.889,2,4.094,3,5.506,4,5.998,255,0,0,0,0
1671457409307,16,152544,6,4.354,-3.657,0.000,1,4.894,2,4.091,3,5.506,4,5.998,255,0,0,0,0
1671457409430,123,152667,6,4.313,-3.610,0.000,1,4.894,2,4.091,3,5.506,4,5.998,255,0,0,0,0
1671457409537,107,152774,6,4.323,-3.639,0.000,1,4.894,2,4.091,3,5.511,4,6.003,255,0,0,0,0
1671457409598,61,152835,6,4.323,-3.639,0.000,1,4.891,2,4.085,3,5.506,4,5.998,255,0,0,0,0
1671457409598,0,152835,6,4.323,-3.639,0.000,1,4.891,2,4.085,3,5.506,4,5.998,255,0,0,0,0
1671457409676,78,152913,6,4.363,-3.675,0.000,1,4.891,2,4.085,3,5.506,4,5.998,255,0,0,0,0
1671457409706,30,152943,6,4.363,-3.675,0.000,1,4.886,2,4.102,3,5.506,4,5.998,255,0,0,0,0
1671457409736,30,152973,6,4.352,-3.680,0.000,1,4.886,2,4.102,3,5.506,4,5.998,255,0,0,0,0
1671457409751,15,152988,6,4.371,-3.684,0.000,1,4.894,2,4.097,3,5.506,4,5.998,255,0,0,0,0
1671457409874,123,153111,6,4.371,-3.684,0.000,1,4.894,2,4.097,3,5.506,4,5.998,255,0,0,0,0
1671457409874,0,153111,6,4.348,-3.646,0.000,1,4.894,2,4.097,3,5.506,4,5.998,255,0,0,0,0
1671457409920,46,153157,6,4.348,-3.646,0.000,1,4.894,2,4.097,3,5.506,4,5.998,255,0,0,0,0
1671457409967,47,153204,6,4.348,-3.646,0.000,1,4.894,2,4.097,3,5.506,4,5.998,255,0,0,0,0
1671457410044,77,153281,6,4.348,-3.646,0.000,1,4.894,2,4.097,3,5.506,4,5.998,255,0,0,0,0
1671457410076,32,153313,6,4.325,-3.598,0.000,1,4.894,2,4.097,3,5.506,4,5.998,255,0,0,0,0
1671457410172,96,153409,6,4.325,-3.598,0.000,1,4.886,2,4.102,3,5.506,4,5.998,255,0,0,0,0
1671457410172,0,153409,6,4.325,-3.598,0.000,1,4.886,2,4.102,3,5.506,4,5.998,255,0,0,0,0
1671457410244,72,153481,6,4.329,-3.662,0.000,1,4.894,2,4.097,3,5.517,4,6.003,255,0,0,0,0
1671457410291,47,153528,6,4.329,-3.662,0.000,1,4.886,2,4.094,3,5.511,4,5.998,255,0,0,0,0
1671457410384,93,153621,6,4.381,-3.668,0.000,1,4.886,2,4.094,3,5.511,4,5.998,255,0,0,0,0
1671457410415,31,153652,6,4.381,-3.668,0.000,1,4.897,2,4.094,3,5.517,4,5.998,255,0,0,0,0
1671457410501,86,153738,6,4.381,-3.668,0.000,1,4.897,2,4.094,3,5.517,4,5.998,255,0,0,0,0
1671457410502,1,153739,6,4.372,-3.632,0.000,1,4.897,2,4.094,3,5.517,4,5.998,255,0,0,0,0
1671457410570,68,153807,6,4.372,-3.632,0.000,1,4.880,2,4.099,3,5.517,4,5.998,255,0,0,0,0
1671457410600,30,153837,6,4.338,-3.537,0.000,1,4.880,2,4.099,3,5.517,4,5.998,255,0,0,0,0
1671457410652,52,153889,6,4.338,-3.537,0.000,1,4.880,2,4.099,3,5.517,4,5.998,255,0,0,0,0
1671457410705,53,153942,4,9.390,0.000,2.220,255,0,0,0,0
1671457410706,1,153943,6,4.395,-3.680,0.000,1,4.880,2,4.099,3,5.517,4,5.998,255,0,0,0,0
1671457410706,0,153943,1,9.390,-3.685,2.220,255,0,0,0,0
1671457410706,0,153943,2,0.003,-3.685,2.220,255,0,0,0,0
1671457410706,0,153943,3,0.003,0.000,2.220,255,0,0,0,0
1671457410799,93,154036,6,4.395,-3.680,0.000,1,4.891,2,4.105,3,5.514,4,5.998,255,0,0,0,0
1671457410799,0,154036,6,4.397,-3.682,0.000,1,4.891,2,4.105,3,5.514,4,5.998,255,0,0,0,0
1671457410836,37,154073,6,4.397,-3.682,0.000,1,4.861,2,4.105,3,5.514,4,5.992,255,0,0,0,0
1671457410854,18,154091,6,4.397,-3.682,0.000,1,4.861,2,4.105,3,5.514,4,5.992,255,0,0,0,0
1671457410953,99,154190,6,4.399,-3.681,0.000,1,4.861,2,4.105,3,5.514,4,5.992,255,0,0,0,0
1671457410983,30,154220,6,4.399,-3.681,0.000,1,4.861,2,4.105,3,5.514,4,5.992,255,0,0,0,0
1671457411013,30,154250,6,4.399,-3.681,0.000,1,4.861,2,4.105,3,5.514,4,5.992,255,0,0,0,0
1671457411014,1,154251,6,4.400,-3.680,0.000,1,4.861,2,4.105,3,5.514,4,5.992,255,0,0,0,0
1671457411060,46,154297,6,4.400,-3.680,0.000,1,4.861,2,4.105,3,5.514,4,5.992,255,0,0,0,0
1671457411166,106,154403,6,4.400,-3.678,0.000,1,4.861,2,4.105,3,5.514,4,5.992,255,0,0,0,0
1671457411259,93,154496,6,4.400,-3.678,0.000,1,4.894,2,4.099,3,5.514,4,5.998,255,0,0,0,0
1671457411352,93,154589,6,4.400,-3.678,0.000,1,4.886,2,4.097,3,5.514,4,5.998,255,0,0,0,0
1671457411377,25,154614,6,4.400,-3.678,0.000,1,4.891,2,4.091,3,5.514,4,5.998,255,0,0,0,0
1671457411378,1,154615,6,4.385,-3.681,0.000,1,4.891,2,4.091,3,5.514,4,5.998,255,0,0,0,0
1671457411444,66,154681,6,4.385,-3.681,0.000,1,4.891,2,4.091,3,5.517,4,5.998,255,0,0,0,0
1671457411476,32,154713,6,4.363,-3.688,0.000,1,4.891,2,4.091,3,5.517,4,5.998,255,0,0,0,0
1671457411505,29,154742,6,4.324,-3.690,0.000,1,4.891,2,4.091,3,5.517,4,5.998,255,0,0,0,0
1671457411639,134,154876,6,4.324,-3.690,0.000,1,4.891,2,4.091,3,5.517,4,5.998,255,0,0,0,0
1671457411703,64,154940,6,4.324,-3.690,0.000,1,4.894,2,4.074,3,5.514,4,6.003,255,0,0,0,0
1671457411704,1,154941,6,4.344,-3.671,0.000,1,4.894,2,4.074,3,5.514,4,6.003,255,0,0,0,0
1671457411751,47,154988,6,4.344,-3.671,0.000,1,4.894,2,4.074,3,5.514,4,6.003,255,0,0,0,0
1671457411890,139,155127,6,4.344,-3.671,0.000,1,4.894,2,4.074,3,5.514,4,6.003,255,0,0,0,0
1671457411921,31,155158,6,4.355,-3.677,0.000,1,4.894,2,4.074,3,5.514,4,6.003,255,0,0,0,0
1671457411936,15,155173,6,4.388,-3.706,0.000,1,4.894,2,4.088,3,5.514,4,6.003,255,0,0,0,0
1671457412041,105,155278,6,4.388,-3.706,0.000,1,4.894,2,4.088,3,5.514,4,6.003,255,0,0,0,0
1671457412041,0,155278,6,4.388,-3.706,0.000,1,4.894,2,4.088,3,5.514,4,6.003,255,0,0,0,0
1671457412076,35,155313,6,4.377,-3.703,0.000,1,4.886,2,4.094,3,5.517,4,6.003,255,0,0,0,0
1671457412127,51,155364,6,4.377,-3.703,0.000,1,4.886,2,4.094,3,5.517,4,6.003,255,0,0,0,0
1671457412210,83,155447,6,4.396,-3.701,0.000,1,4.886,2,4.094,3,5.517,4,6.003,255,0,0,0,0
1671457412289,79,155526,6,4.396,-3.701,0.000,1,4.886,2,4.094,3,5.517,4,6.003,255,0,0,0,0
1671457412350,61,155587,6,4.396,-3.701,0.000,1,4.894,2,4.099,3,5.514,4,5.998,255,0,0,0,0
1671457412350,0,155587,6,4.387,-3.695,0.000,1,4.894,2,4.099,3,5.514,4,5.998,255,0,0,0,0
1671457412401,51,155638,6,4.387,-3.695,0.000,1,4.894,2,4.099,3,5.514,4,5.998,255,0,0,0,0
1671457412426,25,155663,6,4.392,-3.690,0.000,1,4.869,2,4.083,3,5.492,4,5.995,255,0,0,0,0
1671457412456,30,155693,6,4.392,-3.690,0.000,1,4.869,2,4.083,3,5.492,4,5.995,255,0,0,0,0
1671457412549,93,155786,6,4.401,-3.690,0.000,1,4.869,2,4.083,3,5.492,4,5.995,255,0,0,0,0
1671457412578,29,155815,6,4.401,-3.690,0.000,1,4.894,2,4.099,3,5.514,4,6.003,255,0,0,0,0
1671457412578,0,155815,6,4.401,-3.690,0.000,1,4.894,2,4.099,3,5.514,4,6.003,255,0,0,0,0
1671457412595,17,155832,6,4.401,-3.690,0.000,1,4.894,2,4.099,3,5.514,4,6.003,255,0,0,0,0
1671457412674,79,155911,6,4.390,-3.673,0.000,1,4.894,2,4.099,3,5.514,4,6.003,255,0,0,0,0
1671457412705,31,155942,6,4.390,-3.673,0.000,1,4.897,2,4.099,3,5.514,4,6.003,255,0,0,0,0
1671457412767,62,156004,6,4.397,-3.687,0.000,1,4.897,2,4.099,3,5.514,4,6.003,255,0,0,0,0
1671457412795,28,156032,6,4.397,-3.687,0.000,1,4.894,2,4.099,3,5.514,4,6.003,255,0,0,0,0
1671457412795,0,156032,6,4.397,-3.687,0.000,1,4.894,2,4.099,3,5.514,4,6.003,255,0,0,0,0
1671457412813,18,156050,6,4.397,-3.687,0.000,1,4.894,2,4.099,3,5.514,4,6.003,255,0,0,0,0
1671457412873,60,156110,6,4.397,-3.687,0.000,1,4.894,2,4.099,3,5.514,4,6.003,255,0,0,0,0
1671457412949,76,156186,6,4.397,-3.687,0.000,1,4.894,2,4.099,3,5.514,4,6.003,255,0,0,0,0
1671457412981,32,156218,6,4.397,-3.687,0.000,1,4.886,2,4.105,3,5.506,4,5.998,255,0,0,0,0
1671457413012,31,156249,6,4.397,-3.687,0.000,1,4.886,2,4.099,3,5.506,4,5.998,255,0,0,0,0
1671457413012,0,156249,6,4.397,-3.687,0.000,1,4.886,2,4.099,3,5.506,4,5.998,255,0,0,0,0
1671457413041,29,156278,6,4.397,-3.687,0.000,1,4.886,2,4.099,3,5.511,4,5.998,255,0,0,0,0
1671457413105,64,156342,6,4.395,-3.671,0.000,1,4.886,2,4.099,3,5.511,4,5.998,255,0,0,0,0
1671457413123,18,156360,6,4.395,-3.671,0.000,1,4.886,2,4.099,3,5.511,4,5.998,255,0,0,0,0
1671457413133,10,156370,6,4.395,-3.671,0.000,1,4.897,2,4.099,3,5.514,4,6.003,255,0,0,0,0
1671457413168,35,156405,6,4.395,-3.671,0.000,1,4.897,2,4.099,3,5.514,4,6.003,255,0,0,0,0
1671457413168,0,156405,6,4.395,-3.671,0.000,1,4.897,2,4.099,3,5.514,4,6.003,255,0,0,0,0
1671457413227,59,156464,6,4.324,-3.683,0.000,1,4.897,2,4.099,3,5.514,4,6.003,255,0,0,0,0
1671457413241,14,156478,6,4.324,-3.683,0.000,1,4.897,2,4.099,3,5.514,4,6.003,255,0,0,0,0
1671457413302,61,156539,6,4.324,-3.683,0.000,1,4.897,2,4.099,3,5.514,4,6.003,255,0,0,0,0
1671457413332,30,156569,6,4.324,-3.683,0.000,1,4.856,2,4.074,3,5.486,4,5.989,255,0,0,0,0
1671457413362,30,156599,6,4.324,-3.683,0.000,1,4.856,2,4.074,3,5.486,4,5.989,255,0,0,0,0
1671457413363,1,156600,6,4.346,-3.681,0.000,1,4.856,2,4.074,3,5.486,4,5.989,255,0,0,0,0
1671457413423,60,156660,6,4.346,-3.681,0.000,1,4.891,2,4.102,3,5.486,4,5.989,255,0,0,0,0
1671457413451,28,156688,6,4.346,-3.681,0.000,1,4.891,2,4.102,3,5.489,4,6.003,255,0,0,0,0
1671457413494,43,156731,6,4.322,-3.677,0.000,1,4.891,2,4.102,3,5.489,4,6.003,255,0,0,0,0
1671457413516,22,156753,6,4.322,-3.677,0.000,1,4.897,2,4.094,3,5.514,4,6.003,255,0,0,0,0
1671457413547,31,156784,6,4.322,-3.677,0.000,1,4.897,2,4.094,3,5.514,4,6.003,255,0,0,0,0
1671457413547,0,156784,6,4.322,-3.677,0.000,1,4.897,2,4.094,3,5.514,4,6.003,255,0,0,0,0
1671457413611,64,156848,6,4.376,-3.650,0.000,1,4.897,2,4.094,3,5.514,4,6.003,255,0,0,0,0
1671457413640,29,156877,6,4.376,-3.650,0.000,1,4.894,2,4.094,3,5.514,4,6.003,255,0,0,0,0
1671457413670,30,156907,6,4.376,-3.650,0.000,1,4.894,2,4.094,3,5.511,4,5.998,255,0,0,0,0
1671457413688,18,156925,6,4.376,-3.650,0.000,1,4.894,2,4.094,3,5.511,4,5.998,255,0,0,0,0
1671457413749,61,156986,6,4.376,-3.650,0.000,1,4.894,2,4.094,3,5.511,4,5.998,255,0,0,0,0
1671457413750,1,156987,6,4.361,-3.679,0.000,1,4.894,2,4.094,3,5.511,4,5.998,255,0,0,0,0
1671457413794,44,157031,6,4.361,-3.679,0.000,1,4.886,2,4.094,3,5.511,4,5.992,255,0,0,0,0
1671457413886,92,157123,6,4.361,-3.679,0.000,1,4.886,2,4.094,3,5.511,4,5.992,255,0,0,0,0
1671457413932,46,157169,6,4.398,-3.687,0.000,1,4.886,2,4.094,3,5.511,4,5.992,255,0,0,0,0
1671457413962,30,157199,6,4.398,-3.687,0.000,1,4.886,2,4.094,3,5.506,4,5.998,255,0,0,0,0
1671457414009,47,157246,6,4.398,-3.687,0.000,1,4.886,2,4.094,3,5.506,4,5.998,255,0,0,0,0
1671457414009,0,157246,6,4.398,-3.687,0.000,1,4.886,2,4.094,3,5.506,4,5.998,255,0,0,0,0
1671457414069,60,157306,6,4.328,-3.689,0.000,1,4.894,2,4.094,3,5.514,4,6.003,255,0,0,0,0
1671457414099,30,157336,6,4.328,-3.689,0.000,1,4.894,2,4.094,3,5.514,4,6.003,255,0,0,0,0
1671457414130,31,157367,6,4.379,-3.682,0.000,1,4.894,2,4.094,3,5.514,4,6.003,255,0,0,0,0
1671457414205,75,157442,6,4.379,-3.682,0.000,1,4.894,2,4.094,3,5.514,4,6.003,255,0,0,0,0
1671457414236,31,157473,6,4.379,-3.682,0.000,1,4.894,2,4.094,3,5.511,4,5.998,255,0,0,0,0
1671457414236,0,157473,6,4.389,-3.687,0.000,1,4.894,2,4.094,3,5.511,4,5.998,255,0,0,0,0
1671457414266,30,157503,6,4.389,-3.687,0.000,1,4.894,2,4.094,3,5.511,4,5.998,255,0,0,0,0
1671457414326,60,157563,6,4.389,-3.687,0.000,1,4.894,2,4.094,3,5.511,4,5.998,255,0,0,0,0
1671457414342,16,157579,6,4.396,-3.688,0.000,1,4.889,2,4.099,3,5.514,4,5.998,255,0,0,0,0
1671457414418,76,157655,6,4.396,-3.688,0.000,1,4.889,2,4.099,3,5.514,4,5.998,255,0,0,0,0
1671457414439,21,157676,6,4.396,-3.688,0.000,1,4.894,2,4.077,3,5.514,4,6.003,255,0,0,0,0
1671457414439,0,157676,6,4.396,-3.688,0.000,1,4.894,2,4.077,3,5.514,4,6.003,255,0,0,0,0
1671457414480,41,157717,6,4.400,-3.686,0.000,1,4.894,2,4.077,3,5.514,4,6.003,255,0,0,0,0
1671457414510,30,157747,6,4.400,-3.686,0.000,1,4.894,2,4.077,3,5.514,4,6.003,255,0,0,0,0
1671457414542,32,157779,6,4.400,-3.686,0.000,1,4.894,2,4.099,3,5.511,4,6.003,255,0,0,0,0
1671457414589,47,157826,6,4.397,-3.710,0.000,1,4.894,2,4.099,3,5.511,4,6.003,255,0,0,0,0
1671457414618,29,157855,6,4.397,-3.710,0.000,1,4.894,2,4.099,3,5.511,4,6.003,255,0,0,0,0
1671457414618,0,157855,6,4.397,-3.710,0.000,1,4.894,2,4.099,3,5.511,4,6.003,255,0,0,0,0
1671457414650,32,157887,6,4.397,-3.710,0.000,1,4.897,2,4.091,3,5.511,4,6.003,255,0,0,0,0
1671457414698,48,157935,6,4.397,-3.710,0.000,1,4.897,2,4.091,3,5.511,4,6.003,255,0,0,0,0
1671457414728,30,157965,6,4.396,-3.692,0.000,1,4.897,2,4.091,3,5.511,4,6.003,255,0,0,0,0
1671457414759,31,157996,6,4.396,-3.692,0.000,1,4.897,2,4.091,3,5.511,4,6.003,255,0,0,0,0
1671457414829,70,158066,6,4.396,-3.692,0.000,1,4.886,2,4.099,3,5.511,4,5.998,255,0,0,0,0
1671457414829,0,158066,6,4.396,-3.692,0.000,1,4.886,2,4.099,3,5.511,4,5.998,255,0,0,0,0
1671457414873,44,158110,6,4.395,-3.692,0.000,1,4.886,2,4.099,3,5.511,4,5.998,255,0,0,0,0
1671457414929,56,158166,6,4.395,-3.692,0.000,1,4.886,2,4.099,3,5.511,4,5.998,255,0,0,0,0
1671457414960,31,158197,6,4.395,-3.692,0.000,1,4.891,2,4.094,3,5.511,4,5.998,255,0,0,0,0
1671457414984,24,158221,6,4.395,-3.692,0.000,1,4.891,2,4.094,3,5.511,4,5.998,255,0,0,0,0
1671457414992,8,158229,6,4.395,-3.692,0.000,1,4.889,2,4.099,3,5.506,4,5.998,255,0,0,0,0
1671457414993,1,158230,6,4.357,-3.689,0.000,1,4.889,2,4.099,3,5.506,4,5.998,255,0,0,0,0
1671457415054,61,158291,6,4.357,-3.689,0.000,1,4.889,2,4.099,3,5.506,4,5.998,255,0,0,0,0
1671457415084,30,158321,6,4.321,-3.689,0.000,1,4.889,2,4.099,3,5.506,4,5.998,255,0,0,0,0
1671457415134,50,158371,6,4.321,-3.689,0.000,1,4.889,2,4.099,3,5.506,4,5.998,255,0,0,0,0
1671457415174,40,158411,6,4.321,-3.689,0.000,1,4.886,2,4.072,3,5.506,4,5.998,255,0,0,0,0
1671457415201,27,158438,6,4.321,-3.689,0.000,1,4.886,2,4.072,3,5.506,4,5.998,255,0,0,0,0
1671457415201,0,158438,6,4.321,-3.689,0.000,1,4.886,2,4.072,3,5.506,4,5.998,255,0,0,0,0
1671457415223,22,158460,6,4.341,-3.690,0.000,1,4.886,2,4.072,3,5.506,4,5.998,255,0,0,0,0
1671457415297,74,158534,6,4.341,-3.690,0.000,1,4.886,2,4.072,3,5.506,4,5.998,255,0,0,0,0
1671457415328,31,158565,6,4.341,-3.690,0.000,1,4.894,2,4.105,3,5.514,4,6.003,255,0,0,0,0
1671457415358,30,158595,6,4.311,-3.706,0.000,1,4.894,2,4.105,3,5.514,4,6.003,255,0,0,0,0
1671457415419,61,158656,6,4.311,-3.706,0.000,1,4.894,2,4.105,3,5.514,4,6.003,255,0,0,0,0
1671457415419,0,158656,6,4.311,-3.706,0.000,1,4.894,2,4.105,3,5.514,4,6.003,255,0,0,0,0
1671457415435,16,158672,6,4.311,-3.706,0.000,1,4.894,2,4.113,3,5.511,4,5.998,255,0,0,0,0
1671457415498,63,158735,6,4.317,-3.704,0.000,1,4.894,2,4.113,3,5.511,4,5.998,255,0,0,0,0
1671457415527,29,158764,6,4.317,-3.704,0.000,1,4.886,2,4.110,3,5.514,4,5.998,255,0,0,0,0
1671457415574,47,158811,6,4.317,-3.704,0.000,1,4.886,2,4.110,3,5.514,4,5.998,255,0,0,0,0
1671457415603,29,158840,6,4.317,-3.704,0.000,1,4.886,2,4.110,3,5.514,4,5.998,255,0,0,0,0
1671457415606,3,158843,6,4.341,-3.640,0.000,1,4.886,2,4.110,3,5.514,4,5.998,255,0,0,0,0
1671457415634,28,158871,6,4.341,-3.640,0.000,1,4.886,2,4.110,3,5.514,4,5.998,255,0,0,0,0
1671457415710,76,158947,6,4.341,-3.640,0.000,1,4.897,2,4.113,3,5.506,4,5.998,255,0,0,0,0
1671457415741,31,158978,6,4.397,-3.673,0.000,1,4.897,2,4.113,3,5.506,4,5.998,255,0,0,0,0
1671457415793,52,159030,6,4.397,-3.673,0.000,1,4.886,2,4.119,3,5.506,4,5.998,255,0,0,0,0
1671457415815,22,159052,6,4.397,-3.673,0.000,1,4.886,2,4.119,3,5.506,4,5.998,255,0,0,0,0
1671457415815,0,159052,6,4.397,-3.673,0.000,1,4.886,2,4.119,3,5.506,4,5.998,255,0,0,0,0
1671457415877,62,159114,6,4.396,-3.663,0.000,1,4.886,2,4.119,3,5.506,4,5.998,255,0,0,0,0
1671457415921,44,159158,6,4.396,-3.663,0.000,1,4.886,2,4.119,3,5.506,4,5.998,255,0,0,0,0
1671457415952,31,159189,6,4.396,-3.663,0.000,1,4.886,2,4.119,3,5.506,4,5.998,255,0,0,0,0
1671457416016,64,159253,6,4.402,-3.672,0.000,1,4.897,2,4.127,3,5.511,4,5.998,255,0,0,0,0
1671457416058,42,159295,6,4.402,-3.672,0.000,1,4.858,2,4.121,3,5.511,4,5.998,255,0,0,0,0
1671457416058,0,159295,6,4.402,-3.672,0.000,1,4.858,2,4.121,3,5.511,4,5.998,255,0,0,0,0
1671457416080,22,159317,6,4.402,-3.672,0.000,1,4.858,2,4.121,3,5.511,4,5.998,255,0,0,0,0
1671457416090,10,159327,6,4.360,-3.560,0.000,1,4.858,2,4.121,3,5.511,4,5.998,255,0,0,0,0
1671457416150,60,159387,6,4.360,-3.560,0.000,1,4.858,2,4.121,3,5.511,4,5.998,255,0,0,0,0
1671457416179,29,159416,6,4.360,-3.560,0.000,1,4.897,2,4.119,3,5.517,4,5.998,255,0,0,0,0
1671457416252,73,159489,6,4.360,-3.560,0.000,1,4.897,2,4.119,3,5.517,4,5.998,255,0,0,0,0
1671457416253,1,159490,6,4.361,-3.563,0.000,1,4.897,2,4.119,3,5.517,4,5.998,255,0,0,0,0
1671457416272,19,159509,6,4.361,-3.563,0.000,1,4.897,2,4.119,3,5.517,4,5.998,255,0,0,0,0
1671457416297,25,159534,6,4.361,-3.563,0.000,1,4.897,2,4.105,3,5.506,4,5.998,255,0,0,0,0
1671457416318,21,159555,6,4.361,-3.563,0.000,1,4.897,2,4.105,3,5.506,4,5.998,255,0,0,0,0
1671457416380,62,159617,6,4.400,-3.664,0.000,1,4.897,2,4.105,3,5.506,4,5.998,255,0,0,0,0
1671457416425,45,159662,6,4.400,-3.664,0.000,1,4.897,2,4.099,3,5.506,4,5.998,255,0,0,0,0
1671457416425,0,159662,6,4.400,-3.664,0.000,1,4.897,2,4.099,3,5.506,4,5.998,255,0,0,0,0
1671457416471,46,159708,6,4.400,-3.664,0.000,1,4.897,2,4.099,3,5.506,4,5.998,255,0,0,0,0
1671457416502,31,159739,6,4.397,-3.667,0.000,1,4.897,2,4.099,3,5.506,4,5.998,255,0,0,0,0
1671457416548,46,159785,6,4.397,-3.667,0.000,1,4.897,2,4.099,3,5.506,4,5.998,255,0,0,0,0
1671457416642,94,159879,6,4.397,-3.667,0.000,1,4.897,2,4.099,3,5.506,4,5.998,255,0,0,0,0
1671457416732,90,159969,6,4.397,-3.667,0.000,1,4.886,2,4.102,3,5.506,4,5.998,255,0,0,0,0
1671457416733,1,159970,6,4.386,-3.672,0.000,1,4.886,2,4.102,3,5.506,4,5.998,255,0,0,0,0
1671457416795,62,160032,6,4.386,-3.672,0.000,1,4.886,2,4.102,3,5.506,4,5.998,255,0,0,0,0
1671457416826,31,160063,6,4.386,-3.672,0.000,1,4.894,2,4.110,3,5.511,4,5.998,255,0,0,0,0
1671457416873,47,160110,6,4.356,-3.676,0.000,1,4.894,2,4.110,3,5.511,4,5.998,255,0,0,0,0
1671457416918,45,160155,6,4.390,-3.673,0.000,1,4.894,2,4.110,3,5.511,4,5.998,255,0,0,0,0
1671457416964,46,160201,6,4.390,-3.673,0.000,1,4.894,2,4.099,3,5.511,4,5.998,255,0,0,0,0
1671457416964,0,160201,6,4.390,-3.673,0.000,1,4.894,2,4.099,3,5.511,4,5.998,255,0,0,0,0
1671457416995,31,160232,6,4.398,-3.670,0.000,1,4.894,2,4.099,3,5.511,4,5.998,255,0,0,0,0
1671457417058,63,160295,6,4.398,-3.670,0.000,1,4.880,2,4.105,3,5.500,4,5.998,255,0,0,0,0
1671457417104,46,160341,6,4.398,-3.670,0.000,1,4.880,2,4.105,3,5.500,4,6.009,255,0,0,0,0
1671457417135,31,160372,6,4.399,-3.685,0.000,1,4.880,2,4.105,3,5.500,4,6.009,255,0,0,0,0
1671457417174,39,160411,6,4.399,-3.685,0.000,1,4.894,2,4.099,3,5.511,4,5.998,255,0,0,0,0
1671457417174,0,160411,6,4.399,-3.685,0.000,1,4.894,2,4.099,3,5.511,4,5.998,255,0,0,0,0
1671457417194,20,160431,6,4.399,-3.685,0.000,1,4.894,2,4.099,3,5.511,4,5.998,255,0,0,0,0
1671457417257,63,160494,6,4.384,-3.660,0.000,1,4.894,2,4.099,3,5.511,4,5.998,255,0,0,0,0
1671457417302,45,160539,6,4.384,-3.660,0.000,1,4.867,2,4.097,3,5.511,4,5.998,255,0,0,0,0
1671457417380,78,160617,6,4.384,-3.660,0.000,1,4.867,2,4.097,3,5.511,4,5.998,255,0,0,0,0
1671457417432,52,160669,6,4.384,-3.660,0.000,1,4.886,2,4.097,3,5.517,4,5.998,255,0,0,0,0
1671457417432,0,160669,6,4.374,-3.630,0.000,1,4.886,2,4.097,3,5.517,4,5.998,255,0,0,0,0
1671457417488,56,160725,6,4.374,-3.630,0.000,1,4.886,2,4.097,3,5.517,4,5.998,255,0,0,0,0
1671457417519,31,160756,6,4.374,-3.630,0.000,1,4.889,2,4.099,3,5.511,4,5.998,255,0,0,0,0
1671457417565,46,160802,6,4.323,-3.494,0.000,1,4.889,2,4.099,3,5.511,4,5.998,255,0,0,0,0
1671457417623,58,160860,6,4.323,-3.494,0.000,1,4.889,2,4.099,3,5.511,4,5.998,255,0,0,0,0
1671457417670,47,160907,6,4.323,-3.494,0.000,1,4.889,2,4.099,3,5.511,4,5.998,255,0,0,0,0
1671457417672,2,160909,6,4.362,-3.594,0.000,1,4.889,2,4.099,3,5.511,4,5.998,255,0,0,0,0
1671457417732,60,160969,6,4.362,-3.594,0.000,1,4.886,2,4.102,3,5.511,4,5.998,255,0,0,0,0
1671457417810,78,161047,6,4.406,-3.667,0.000,1,4.886,2,4.102,3,5.511,4,5.998,255,0,0,0,0
1671457417841,31,161078,6,4.406,-3.667,0.000,1,4.883,2,4.099,3,5.514,4,5.998,255,0,0,0,0
1671457417934,93,161171,6,4.406,-3.667,0.000,1,4.883,2,4.099,3,5.514,4,5.998,255,0,0,0,0
1671457417981,47,161218,6,4.406,-3.667,0.000,1,4.883,2,4.099,3,5.514,4,5.998,255,0,0,0,0
1671457417982,1,161219,6,4.363,-3.647,0.000,1,4.883,2,4.099,3,5.514,4,5.998,255,0,0,0,0
1671457418012,30,161249,6,4.363,-3.647,0.000,1,4.886,2,4.102,3,5.514,4,5.998,255,0,0,0,0
1671457418050,38,161287,6,4.327,-3.700,0.000,1,4.889,2,4.097,3,5.506,4,5.998,255,0,0,0,0
1671457418057,7,161294,6,4.327,-3.700,0.000,1,4.889,2,4.097,3,5.506,4,5.998,255,0,0,0,0
1671457418119,62,161356,6,4.319,-3.490,0.000,1,4.889,2,4.097,3,5.506,4,5.998,255,0,0,0,0
1671457418148,29,161385,6,4.319,-3.490,0.000,1,4.886,2,4.097,3,5.511,4,5.998,255,0,0,0,0
1671457418148,0,161385,6,4.319,-3.490,0.000,1,4.886,2,4.097,3,5.511,4,5.998,255,0,0,0,0
1671457418268,120,161505,6,4.319,-3.490,0.000,1,4.886,2,4.097,3,5.511,4,5.998,255,0,0,0,0
1671457418307,39,161544,6,4.373,-3.622,0.000,1,4.869,2,4.091,3,5.506,4,5.998,255,0,0,0,0
1671457418393,86,161630,6,4.373,-3.622,0.000,1,4.869,2,4.091,3,5.506,4,5.998,255,0,0,0,0
1671457418454,61,161691,6,4.373,-3.622,0.000,1,4.886,2,4.091,3,5.506,4,5.998,255,0,0,0,0
1671457418483,29,161720,6,4.373,-3.622,0.000,1,4.886,2,4.091,3,5.506,4,5.998,255,0,0,0,0
1671457418484,1,161721,6,4.363,-3.598,0.000,1,4.886,2,4.091,3,5.506,4,5.998,255,0,0,0,0
1671457418499,15,161736,6,4.363,-3.598,0.000,1,4.889,2,4.091,3,5.506,4,5.998,255,0,0,0,0
1671457418577,78,161814,6,4.372,-3.626,0.000,1,4.889,2,4.091,3,5.506,4,5.998,255,0,0,0,0
1671457418607,30,161844,6,4.320,-3.494,0.000,1,4.889,2,4.091,3,5.506,4,5.998,255,0,0,0,0
1671457418638,31,161875,6,4.320,-3.494,0.000,1,4.889,2,4.091,3,5.506,4,5.998,255,0,0,0,0
1671457418683,45,161920,6,4.320,-3.494,0.000,1,4.889,2,4.091,3,5.506,4,5.998,255,0,0,0,0
1671457418683,0,161920,6,4.320,-3.494,0.000,1,4.889,2,4.091,3,5.506,4,5.998,255,0,0,0,0
1671457418713,30,161950,6,4.386,-3.662,0.000,1,4.889,2,4.091,3,5.506,4,5.998,255,0,0,0,0
1671457418747,34,161984,6,4.386,-3.662,0.000,1,4.889,2,4.091,3,5.506,4,5.998,255,0,0,0,0
1671457418775,28,162012,6,4.386,-3.662,0.000,1,4.889,2,4.094,3,5.517,4,5.998,255,0,0,0,0
1671457418956,181,162193,6,4.386,-3.662,0.000,1,4.889,2,4.094,3,5.517,4,5.998,255,0,0,0,0
1671457418956,0,162193,6,4.386,-3.662,0.000,1,4.889,2,4.094,3,5.517,4,5.998,255,0,0,0,0
1671457419017,61,162254,6,4.326,-3.499,0.000,1,4.889,2,4.094,3,5.517,4,5.998,255,0,0,0,0
1671457419078,61,162315,6,4.326,-3.499,0.000,1,4.883,2,4.097,3,5.511,4,5.998,255,0,0,0,0
1671457419109,31,162346,6,4.326,-3.499,0.000,1,4.883,2,4.097,3,5.511,4,5.998,255,0,0,0,0
1671457419142,33,162379,6,4.350,-3.648,0.000,1,4.883,2,4.097,3,5.511,4,5.998,255,0,0,0,0
1671457419185,43,162422,6,4.350,-3.648,0.000,1,4.886,2,4.099,3,5.517,4,5.998,255,0,0,0,0
1671457419185,0,162422,6,4.350,-3.648,0.000,1,4.886,2,4.099,3,5.517,4,5.998,255,0,0,0,0
1671457419246,61,162483,6,4.394,-3.685,0.000,1,4.886,2,4.099,3,5.517,4,5.998,255,0,0,0,0
1671457419306,60,162543,6,4.394,-3.685,0.000,1,4.867,2,4.102,3,5.514,4,5.998,255,0,0,0,0
1671457419336,30,162573,6,4.394,-3.685,0.000,1,4.867,2,4.102,3,5.514,4,5.998,255,0,0,0,0
1671457419360,24,162597,6,4.394,-3.685,0.000,1,4.867,2,4.102,3,5.514,4,5.998,255,0,0,0,0
1671457419367,7,162604,6,4.394,-3.685,0.000,1,4.886,2,4.097,3,5.517,4,5.998,255,0,0,0,0
1671457419368,1,162605,6,4.380,-3.641,0.000,1,4.886,2,4.097,3,5.517,4,5.998,255,0,0,0,0
1671457419428,60,162665,6,4.380,-3.641,0.000,1,4.886,2,4.097,3,5.517,4,5.998,255,0,0,0,0
1671457419459,31,162696,6,4.397,-3.678,0.000,1,4.886,2,4.097,3,5.517,4,5.998,255,0,0,0,0
1671457419510,51,162747,6,4.397,-3.678,0.000,1,4.886,2,4.097,3,5.517,4,5.998,255,0,0,0,0
1671457419550,40,162787,6,4.397,-3.678,0.000,1,4.883,2,4.102,3,5.517,4,5.998,255,0,0,0,0
1671457419578,28,162815,6,4.397,-3.678,0.000,1,4.883,2,4.102,3,5.517,4,5.998,255,0,0,0,0
1671457419578,0,162815,6,4.397,-3.678,0.000,1,4.883,2,4.102,3,5.517,4,5.998,255,0,0,0,0
1671457419598,20,162835,6,4.377,-3.628,0.000,1,4.883,2,4.102,3,5.517,4,5.998,255,0,0,0,0
1671457419673,75,162910,6,4.377,-3.628,0.000,1,4.883,2,4.102,3,5.517,4,5.998,255,0,0,0,0
1671457419704,31,162941,6,4.377,-3.628,0.000,1,4.886,2,4.108,3,5.517,4,5.998,255,0,0,0,0
1671457419750,46,162987,6,4.321,-3.482,0.000,1,4.886,2,4.108,3,5.517,4,5.998,255,0,0,0,0
1671457419811,61,163048,6,4.321,-3.482,0.000,1,4.886,2,4.108,3,5.517,4,5.998,255,0,0,0,0
1671457419811,0,163048,6,4.321,-3.482,0.000,1,4.886,2,4.108,3,5.517,4,5.998,255,0,0,0,0
1671457419873,62,163110,6,4.321,-3.482,0.000,1,4.886,2,4.108,3,5.517,4,5.998,255,0,0,0,0
1671457419905,32,163142,6,4.407,-3.696,0.000,1,4.886,2,4.108,3,5.517,4,5.998,255,0,0,0,0
1671457419965,60,163202,6,4.407,-3.696,0.000,1,4.894,2,4.102,3,5.517,4,5.998,255,0,0,0,0
1671457419995,30,163232,6,4.407,-3.696,0.000,1,4.894,2,4.102,3,5.517,4,5.998,255,0,0,0,0
1671457420015,20,163252,6,4.407,-3.696,0.000,1,4.869,2,4.097,3,5.492,4,5.998,255,0,0,0,0
1671457420017,2,163254,6,4.389,-3.652,0.000,1,4.869,2,4.097,3,5.492,4,5.998,255,0,0,0,0
1671457420057,40,163294,6,4.389,-3.652,0.000,1,4.869,2,4.097,3,5.492,4,6.000,255,0,0,0,0
1671457420087,30,163324,6,4.400,-3.682,0.000,1,4.869,2,4.097,3,5.492,4,6.000,255,0,0,0,0
1671457420116,29,163353,6,4.400,-3.682,0.000,1,4.869,2,4.097,3,5.492,4,6.000,255,0,0,0,0
1671457420179,63,163416,6,4.400,-3.682,0.000,1,4.883,2,4.097,3,5.492,4,6.000,255,0,0,0,0
1671457420209,30,163446,6,4.400,-3.682,0.000,1,4.883,2,4.097,3,5.489,4,5.998,255,0,0,0,0
1671457420209,0,163446,6,4.400,-3.682,0.000,1,4.883,2,4.097,3,5.489,4,5.998,255,0,0,0,0
1671457420234,25,163471,6,4.388,-3.661,0.000,1,4.883,2,4.097,3,5.489,4,5.998,255,0,0,0,0
1671457420240,6,163477,6,4.388,-3.661,0.000,1,4.883,2,4.099,3,5.489,4,5.998,255,0,0,0,0
1671457420300,60,163537,6,4.388,-3.661,0.000,1,4.883,2,4.099,3,5.489,4,5.998,255,0,0,0,0
1671457420331,31,163568,6,4.386,-3.653,0.000,1,4.883,2,4.099,3,5.511,4,5.998,255,0,0,0,0
1671457420360,29,163597,6,4.386,-3.653,0.000,1,4.883,2,4.099,3,5.511,4,5.998,255,0,0,0,0
1671457420360,0,163597,6,4.386,-3.653,0.000,1,4.883,2,4.099,3,5.511,4,5.998,255,0,0,0,0
1671457420435,75,163672,6,4.386,-3.653,0.000,1,4.883,2,4.099,3,5.511,4,5.998,255,0,0,0,0
1671457420455,20,163692,6,4.386,-3.653,0.000,1,4.886,2,4.105,3,5.514,4,5.998,255,0,0,0,0
1671457420466,11,163703,6,4.359,-3.672,0.000,1,4.886,2,4.105,3,5.514,4,5.998,255,0,0,0,0
1671457420526,60,163763,6,4.359,-3.672,0.000,1,4.886,2,4.105,3,5.514,4,5.998,255,0,0,0,0
1671457420557,31,163794,6,4.359,-3.672,0.000,1,4.894,2,4.105,3,5.514,4,5.998,255,0,0,0,0
1671457420557,0,163794,6,4.359,-3.672,0.000,1,4.894,2,4.105,3,5.514,4,5.998,255,0,0,0,0
1671457420607,50,163844,6,4.397,-3.681,0.000,1,4.894,2,4.105,3,5.514,4,5.998,255,0,0,0,0
1671457420633,26,163870,6,4.397,-3.681,0.000,1,4.894,2,4.105,3,5.514,4,5.998,255,0,0,0,0
1671457420674,41,163911,6,4.397,-3.681,0.000,1,4.894,2,4.099,3,5.511,4,5.998,255,0,0,0,0
1671457420695,21,163932,6,4.397,-3.681,0.000,1,4.894,2,4.099,3,5.511,4,5.998,255,0,0,0,0
1671457420756,61,163993,6,4.397,-3.681,0.000,1,4.894,2,4.099,3,5.511,4,5.998,255,0,0,0,0
1671457420756,0,163993,1,9.390,-3.685,2.220,255,0,0,0,0
1671457420756,0,163993,2,0.003,-3.685,2.220,255,0,0,0,0
1671457420756,0,163993,3,0.003,0.000,2.220,255,0,0,0,0
1671457420756,0,163993,4,9.390,0.000,2.220,255,0,0,0,0
1671457420757,1,163994,6,4.371,-3.682,0.000,1,4.894,2,4.099,3,5.511,4,5.998,255,0,0,0,0
1671457420833,76,164070,6,4.371,-3.682,0.000,1,4.894,2,4.097,3,5.517,4,5.998,255,0,0,0,0
1671457420904,71,164141,6,4.371,-3.682,0.000,1,4.894,2,4.097,3,5.517,4,5.998,255,0,0,0,0
1671457420931,27,164168,6,4.391,-3.681,0.000,1,4.894,2,4.097,3,5.517,4,5.998,255,0,0,0,0
1671457420954,23,164191,6,4.391,-3.681,0.000,1,4.894,2,4.097,3,5.517,4,5.998,255,0,0,0,0
1671457420954,0,164191,6,4.391,-3.681,0.000,1,4.894,2,4.097,3,5.517,4,5.998,255,0,0,0,0
1671457421017,63,164254,6,4.305,-3.446,0.000,1,4.894,2,4.097,3,5.517,4,5.998,255,0,0,0,0
1671457421077,60,164314,6,4.305,-3.446,0.000,1,4.883,2,4.083,3,5.511,4,5.998,255,0,0,0,0
1671457421108,31,164345,6,4.305,-3.446,0.000,1,4.883,2,4.083,3,5.511,4,5.998,255,0,0,0,0
1671457421154,46,164391,6,4.393,-3.675,0.000,1,4.883,2,4.083,3,5.511,4,5.998,255,0,0,0,0
1671457421185,31,164422,6,4.393,-3.675,0.000,1,4.891,2,4.130,3,5.511,4,5.998,255,0,0,0,0
1671457421185,0,164422,6,4.393,-3.675,0.000,1,4.891,2,4.130,3,5.511,4,5.998,255,0,0,0,0
1671457421216,31,164453,6,4.399,-3.704,0.000,1,4.891,2,4.130,3,5.511,4,5.998,255,0,0,0,0
1671457421261,45,164498,6,4.399,-3.704,0.000,1,4.891,2,4.130,3,5.511,4,5.998,255,0,0,0,0
1671457421308,47,164545,6,4.399,-3.704,0.000,1,4.883,2,4.085,3,5.503,4,5.998,255,0,0,0,0
1671457421329,21,164566,6,4.399,-3.704,0.000,1,4.883,2,4.085,3,5.503,4,5.998,255,0,0,0,0
1671457421339,10,164576,6,4.399,-3.704,0.000,1,4.883,2,4.085,3,5.503,4,5.998,255,0,0,0,0
1671457421340,1,164577,6,4.375,-3.619,0.000,1,4.883,2,4.085,3,5.503,4,5.998,255,0,0,0,0
1671457421400,60,164637,6,4.375,-3.619,0.000,1,4.883,2,4.085,3,5.503,4,5.998,255,0,0,0,0
1671457421431,31,164668,6,4.375,-3.619,0.000,1,4.889,2,4.091,3,5.511,4,5.998,255,0,0,0,0
1671457421489,58,164726,6,4.392,-3.495,0.000,1,4.889,2,4.091,3,5.511,4,5.998,255,0,0,0,0
1671457421508,19,164745,6,4.392,-3.495,0.000,1,4.889,2,4.091,3,5.511,4,5.998,255,0,0,0,0
1671457421555,47,164792,6,4.392,-3.495,0.000,1,4.883,2,4.135,3,5.511,4,5.998,255,0,0,0,0
1671457421555,0,164792,6,4.392,-3.495,0.000,1,4.883,2,4.135,3,5.511,4,5.998,255,0,0,0,0
1671457421586,31,164823,6,4.392,-3.495,0.000,1,4.883,2,4.135,3,5.511,4,5.998,255,0,0,0,0
1671457421646,60,164883,6,4.398,-3.704,0.000,1,4.883,2,4.135,3,5.511,4,5.998,255,0,0,0,0
1671457421709,63,164946,6,4.398,-3.704,0.000,1,4.886,2,4.110,3,5.506,4,5.998,255,0,0,0,0
1671457421740,31,164977,6,4.398,-3.704,0.000,1,4.886,2,4.110,3,5.506,4,5.998,255,0,0,0,0
1671457421767,27,165004,6,4.398,-3.704,0.000,1,4.883,2,4.105,3,5.506,4,5.998,255,0,0,0,0
1671457421767,0,165004,6,4.373,-3.604,0.000,1,4.883,2,4.105,3,5.506,4,5.998,255,0,0,0,0
1671457421787,20,165024,6,4.373,-3.604,0.000,1,4.883,2,4.105,3,5.514,4,5.998,255,0,0,0,0
1671457421873,86,165110,6,4.329,-3.492,0.000,1,4.883,2,4.105,3,5.514,4,5.998,255,0,0,0,0
1671457421879,6,165116,6,4.329,-3.492,0.000,1,4.883,2,4.105,3,5.514,4,5.998,255,0,0,0,0
1671457421925,46,165162,6,4.329,-3.492,0.000,1,4.883,2,4.105,3,5.514,4,5.998,255,0,0,0,0
1671457421984,59,165221,6,4.329,-3.492,0.000,1,4.889,2,4.108,3,5.514,4,5.998,255,0,0,0,0
1671457421984,0,165221,6,4.329,-3.492,0.000,1,4.889,2,4.108,3,5.514,4,5.998,255,0,0,0,0
1671457422002,18,165239,6,4.352,-3.554,0.000,1,4.889,2,4.108,3,5.514,4,5.998,255,0,0,0,0
1671457422031,29,165268,6,4.352,-3.554,0.000,1,4.889,2,4.108,3,5.514,4,5.998,255,0,0,0,0
1671457422093,62,165330,6,4.352,-3.554,0.000,1,4.889,2,4.108,3,5.514,4,5.998,255,0,0,0,0
1671457422138,45,165375,6,4.323,-3.480,0.000,1,4.883,2,4.102,3,5.511,4,5.998,255,0,0,0,0
1671457422183,45,165420,6,4.323,-3.480,0.000,1,4.886,2,4.105,3,5.514,4,5.998,255,0,0,0,0
1671457422183,0,165420,6,4.323,-3.480,0.000,1,4.886,2,4.105,3,5.514,4,5.998,255,0,0,0,0
1671457422205,22,165442,6,4.323,-3.480,0.000,1,4.886,2,4.105,3,5.514,4,5.998,255,0,0,0,0
1671457422249,44,165486,6,4.402,-3.690,0.000,1,4.886,2,4.105,3,5.514,4,5.998,255,0,0,0,0
1671457422275,26,165512,6,4.402,-3.690,0.000,1,4.883,2,4.105,3,5.514,4,5.998,255,0,0,0,0
1671457422307,32,165544,6,4.402,-3.690,0.000,1,4.883,2,4.105,3,5.514,4,5.998,255,0,0,0,0
1671457422355,48,165592,6,4.402,-3.690,0.000,1,4.883,2,4.105,3,5.514,4,5.998,255,0,0,0,0
1671457422356,1,165593,6,4.369,-3.604,0.000,1,4.883,2,4.105,3,5.514,4,5.998,255,0,0,0,0
1671457422384,28,165621,6,4.369,-3.604,0.000,1,4.883,2,4.105,3,5.514,4,5.998,255,0,0,0,0
1671457422430,46,165667,6,4.369,-3.604,0.000,1,4.886,2,4.099,3,5.517,4,5.989,255,0,0,0,0
1671457422461,31,165698,6,4.369,-3.604,0.000,1,4.886,2,4.099,3,5.517,4,5.989,255,0,0,0,0
1671457422524,63,165761,6,4.398,-3.675,0.000,1,4.886,2,4.099,3,5.517,4,5.989,255,0,0,0,0
1671457422583,59,165820,6,4.398,-3.675,0.000,1,4.886,2,4.099,3,5.511,4,5.998,255,0,0,0,0
1671457422583,0,165820,6,4.398,-3.675,0.000,1,4.886,2,4.099,3,5.511,4,5.998,255,0,0,0,0
1671457422615,32,165852,6,4.398,-3.675,0.000,1,4.886,2,4.099,3,5.511,4,5.998,255,0,0,0,0
1671457422641,26,165878,6,4.407,-3.691,0.000,1,4.894,2,4.099,3,5.511,4,5.998,255,0,0,0,0
1671457422661,20,165898,6,4.407,-3.691,0.000,1,4.894,2,4.099,3,5.514,4,5.998,255,0,0,0,0
1671457422723,62,165960,6,4.399,-3.685,0.000,1,4.894,2,4.099,3,5.514,4,5.998,255,0,0,0,0
1671457422750,27,165987,6,4.399,-3.685,0.000,1,4.894,2,4.099,3,5.514,4,5.998,255,0,0,0,0
1671457422750,0,165987,6,4.399,-3.685,0.000,1,4.894,2,4.099,3,5.514,4,5.998,255,0,0,0,0
1671457422800,50,166037,6,4.399,-3.685,0.000,1,4.894,2,4.105,3,5.514,4,5.998,255,0,0,0,0
1671457422831,31,166068,6,4.399,-3.685,0.000,1,4.894,2,4.105,3,5.514,4,5.998,255,0,0,0,0
1671457422879,48,166116,6,4.312,-3.689,0.000,1,4.894,2,4.105,3,5.514,4,5.998,255,0,0,0,0
1671457422940,61,166177,6,4.312,-3.689,0.000,1,4.894,2,4.105,3,5.514,4,5.998,255,0,0,0,0
1671457422969,29,166206,6,4.312,-3.689,0.000,1,4.894,2,4.105,3,5.514,4,5.998,255,0,0,0,0
1671457422969,0,166206,6,4.312,-3.689,0.000,1,4.894,2,4.105,3,5.514,4,5.998,255,0,0,0,0
1671457422986,17,166223,6,4.338,-3.682,0.000,1,4.886,2,4.108,3,5.511,4,5.998,255,0,0,0,0
1671457423063,77,166300,6,4.338,-3.682,0.000,1,4.886,2,4.108,3,5.511,4,5.998,255,0,0,0,0
1671457423093,30,166330,6,4.338,-3.682,0.000,1,4.886,2,4.110,3,5.511,4,5.998,255,0,0,0,0
1671457423125,32,166362,6,4.321,-3.673,0.000,1,4.886,2,4.110,3,5.511,4,5.998,255,0,0,0,0
1671457423185,60,166422,6,4.321,-3.673,0.000,1,4.886,2,4.110,3,5.511,4,5.998,255,0,0,0,0
1671457423185,0,166422,6,4.321,-3.673,0.000,1,4.886,2,4.110,3,5.511,4,5.998,255,0,0,0,0
1671457423252,67,166489,6,4.321,-3.673,0.000,1,4.886,2,4.116,3,5.514,4,5.998,255,0,0,0,0
1671457423278,26,166515,6,4.400,-3.706,0.000,1,4.886,2,4.116,3,5.514,4,5.998,255,0,0,0,0
1671457423307,29,166544,6,4.400,-3.706,0.000,1,4.897,2,4.116,3,5.517,4,5.998,255,0,0,0,0
1671457423370,63,166607,6,4.400,-3.706,0.000,1,4.897,2,4.116,3,5.517,4,5.998,255,0,0,0,0
1671457423402,32,166639,6,4.400,-3.706,0.000,1,4.886,2,4.113,3,5.506,4,5.998,255,0,0,0,0
1671457423403,1,166640,6,4.378,-3.624,0.000,1,4.886,2,4.113,3,5.506,4,5.998,255,0,0,0,0
1671457423431,28,166668,6,4.378,-3.624,0.000,1,4.886,2,4.113,3,5.506,4,5.998,255,0,0,0,0
1671457423572,141,166809,6,4.378,-3.624,0.000,1,4.886,2,4.113,3,5.506,4,5.998,255,0,0,0,0
1671457423599,27,166836,6,4.399,-3.667,0.000,1,4.886,2,4.113,3,5.506,4,5.998,255,0,0,0,0
1671457423644,45,166881,6,4.399,-3.667,0.000,1,4.891,2,4.113,3,5.506,4,5.998,255,0,0,0,0
1671457423690,46,166927,6,4.399,-3.667,0.000,1,4.880,2,4.116,3,5.509,4,5.998,255,0,0,0,0
1671457423690,0,166927,6,4.399,-3.667,0.000,1,4.880,2,4.116,3,5.509,4,5.998,255,0,0,0,0
1671457423722,32,166959,6,4.396,-3.662,0.000,1,4.880,2,4.116,3,5.509,4,5.998,255,0,0,0,0
1671457423752,30,166989,6,4.396,-3.662,0.000,1,4.880,2,4.116,3,5.509,4,5.998,255,0,0,0,0
1671457423876,124,167113,6,4.396,-3.662,0.000,1,4.880,2,4.116,3,5.509,4,5.998,255,0,0,0,0
1671457423906,30,167143,6,4.396,-3.662,0.000,1,4.880,2,4.116,3,5.509,4,5.998,255,0,0,0,0
1671457423936,30,167173,6,4.396,-3.662,0.000,1,4.880,2,4.116,3,5.509,4,5.998,255,0,0,0,0
1671457423937,1,167174,6,4.399,-3.661,0.000,1,4.880,2,4.116,3,5.509,4,5.998,255,0,0,0,0
1671457424000,63,167237,6,4.399,-3.661,0.000,1,4.886,2,4.127,3,5.511,4,5.998,255,0,0,0,0
1671457424030,30,167267,6,4.387,-3.659,0.000,1,4.894,2,4.121,3,5.511,4,5.998,255,0,0,0,0
1671457424061,31,167298,6,4.387,-3.659,0.000,1,4.894,2,4.121,3,5.511,4,5.998,255,0,0,0,0
1671457424076,15,167313,6,4.387,-3.659,0.000,1,4.894,2,4.121,3,5.511,4,5.998,255,0,0,0,0
1671457424136,60,167373,6,4.387,-3.659,0.000,1,4.894,2,4.121,3,5.511,4,5.998,255,0,0,0,0
1671457424137,1,167374,6,4.374,-3.657,0.000,1,4.894,2,4.121,3,5.511,4,5.998,255,0,0,0,0
1671457424181,44,167418,6,4.374,-3.657,0.000,1,4.886,2,4.085,3,5.511,4,5.998,255,0,0,0,0
1671457424213,32,167450,6,4.374,-3.657,0.000,1,4.886,2,4.085,3,5.511,4,5.998,255,0,0,0,0
1671457424244,31,167481,6,4.407,-3.689,0.000,1,4.886,2,4.085,3,5.511,4,5.998,255,0,0,0,0
1671457424306,62,167543,6,4.407,-3.689,0.000,1,4.886,2,4.085,3,5.511,4,5.998,255,0,0,0,0
1671457424367,61,167604,6,4.407,-3.689,0.000,1,4.889,2,4.108,3,5.511,4,5.998,255,0,0,0,0
1671457424367,0,167604,6,4.407,-3.689,0.000,1,4.889,2,4.108,3,5.511,4,5.998,255,0,0,0,0
1671457424391,24,167628,6,4.380,-3.631,0.000,1,4.886,2,4.108,3,5.511,4,5.998,255,0,0,0,0
1671457424452,61,167689,6,4.380,-3.631,0.000,1,4.886,2,4.108,3,5.511,4,5.998,255,0,0,0,0
1671457424477,25,167714,6,4.380,-3.631,0.000,1,4.886,2,4.108,3,5.511,4,5.998,255,0,0,0,0
1671457424501,24,167738,6,4.379,-3.624,0.000,1,4.886,2,4.108,3,5.511,4,5.998,255,0,0,0,0
1671457424565,64,167802,6,4.379,-3.624,0.000,1,4.886,2,4.110,3,5.503,4,5.998,255,0,0,0,0
1671457424565,0,167802,6,4.379,-3.624,0.000,1,4.886,2,4.110,3,5.503,4,5.998,255,0,0,0,0
1671457424586,21,167823,6,4.379,-3.624,0.000,1,4.886,2,4.110,3,5.503,4,5.998,255,0,0,0,0
1671457424619,33,167856,6,4.321,-3.479,0.000,1,4.886,2,4.110,3,5.503,4,5.998,255,0,0,0,0
1671457424675,56,167912,6,4.321,-3.479,0.000,1,4.886,2,4.110,3,5.503,4,5.998,255,0,0,0,0
1671457424717,42,167954,6,4.321,-3.479,0.000,1,4.886,2,4.110,3,5.503,4,5.998,255,0,0,0,0
1671457424763,46,168000,6,4.321,-3.479,0.000,1,4.886,2,4.110,3,5.517,4,5.998,255,0,0,0,0
1671457424764,1,168001,6,4.361,-3.579,0.000,1,4.886,2,4.110,3,5.517,4,5.998,255,0,0,0,0
1671457424786,22,168023,6,4.361,-3.579,0.000,1,4.886,2,4.110,3,5.511,4,5.998,255,0,0,0,0
1671457424816,30,168053,6,4.361,-3.579,0.000,1,4.886,2,4.110,3,5.511,4,5.998,255,0,0,0,0
1671457424879,63,168116,6,4.400,-3.674,0.000,1,4.886,2,4.110,3,5.511,4,5.998,255,0,0,0,0
1671457424909,30,168146,6,4.400,-3.674,0.000,1,4.886,2,4.110,3,5.511,4,5.998,255,0,0,0,0
1671457424956,47,168193,6,4.400,-3.674,0.000,1,4.886,2,4.110,3,5.511,4,5.998,255,0,0,0,0
1671457424956,0,168193,6,4.400,-3.674,0.000,1,4.886,2,4.110,3,5.511,4,5.998,255,0,0,0,0
1671457425016,60,168253,6,4.400,-3.674,0.000,1,4.886,2,4.110,3,5.511,4,5.998,255,0,0,0,0
1671457425064,48,168301,6,4.386,-3.640,0.000,1,4.883,2,4.108,3,5.517,4,5.998,255,0,0,0,0
1671457425124,60,168361,6,4.386,-3.640,0.000,1,4.883,2,4.108,3,5.517,4,5.998,255,0,0,0,0
1671457425155,31,168392,6,4.327,-3.487,0.000,1,4.886,2,4.108,3,5.489,4,5.998,255,0,0,0,0
1671457425186,31,168423,6,4.327,-3.487,0.000,1,4.886,2,4.108,3,5.489,4,5.998,255,0,0,0,0
1671457425186,0,168423,6,4.327,-3.487,0.000,1,4.886,2,4.108,3,5.489,4,5.998,255,0,0,0,0
1671457425249,63,168486,6,4.327,-3.487,0.000,1,4.886,2,4.108,3,5.489,4,5.998,255,0,0,0,0
1671457425281,32,168518,6,4.368,-3.625,0.000,1,4.883,2,4.105,3,5.511,4,5.998,255,0,0,0,0
1671457425310,29,168547,6,4.368,-3.625,0.000,1,4.883,2,4.105,3,5.511,4,5.992,255,0,0,0,0
1671457425340,30,168577,6,4.368,-3.625,0.000,1,4.883,2,4.105,3,5.511,4,5.992,255,0,0,0,0
1671457425388,48,168625,6,4.368,-3.625,0.000,1,4.883,2,4.105,3,5.511,4,5.992,255,0,0,0,0
1671457425391,3,168628,6,4.341,-3.647,0.000,1,4.883,2,4.105,3,5.511,4,5.992,255,0,0,0,0
1671457425463,72,168700,6,4.341,-3.647,0.000,1,4.886,2,4.113,3,5.514,4,5.998,255,0,0,0,0
1671457425486,23,168723,6,4.341,-3.647,0.000,1,4.886,2,4.113,3,5.514,4,5.998,255,0,0,0,0
1671457425529,43,168766,6,4.326,-3.690,0.000,1,4.886,2,4.108,3,5.514,4,5.998,255,0,0,0,0
1671457425555,26,168792,6,4.326,-3.690,0.000,1,4.886,2,4.108,3,5.514,4,5.998,255,0,0,0,0
1671457425588,33,168825,6,4.326,-3.690,0.000,1,4.886,2,4.108,3,5.514,4,5.998,255,0,0,0,0
1671457425589,1,168826,6,4.339,-3.595,0.000,1,4.886,2,4.108,3,5.514,4,5.998,255,0,0,0,0
1671457425636,47,168873,6,4.339,-3.595,0.000,1,4.886,2,4.108,3,5.514,4,5.998,255,0,0,0,0
1671457425680,44,168917,6,4.339,-3.595,0.000,1,4.886,2,4.108,3,5.514,4,5.998,255,0,0,0,0
1671457425703,23,168940,6,4.339,-3.595,0.000,1,4.886,2,4.108,3,5.514,4,5.998,255,0,0,0,0
1671457425712,9,168949,6,4.367,-3.652,0.000,1,4.886,2,4.108,3,5.514,4,5.998,255,0,0,0,0
1671457425772,60,169009,6,4.367,-3.652,0.000,1,4.886,2,4.108,3,5.514,4,5.998,255,0,0,0,0
1671457425772,0,169009,6,4.367,-3.652,0.000,1,4.886,2,4.108,3,5.514,4,5.998,255,0,0,0,0
1671457425803,31,169040,6,4.367,-3.652,0.000,1,4.880,2,4.088,3,5.498,4,6.009,255,0,0,0,0
1671457425882,79,169119,6,4.329,-3.677,0.000,1,4.880,2,4.088,3,5.498,4,6.009,255,0,0,0,0
1671457425928,46,169165,6,4.329,-3.677,0.000,1,4.880,2,4.088,3,5.498,4,6.009,255,0,0,0,0
1671457425967,39,169204,6,4.329,-3.677,0.000,1,4.883,2,4.105,3,5.514,4,5.998,255,0,0,0,0
1671457426022,55,169259,6,4.329,-3.677,0.000,1,4.883,2,4.105,3,5.514,4,5.998,255,0,0,0,0
1671457426022,0,169259,6,4.329,-3.677,0.000,1,4.883,2,4.105,3,5.514,4,5.998,255,0,0,0,0
1671457426073,51,169310,6,4.380,-3.676,0.000,1,4.878,2,4.110,3,5.511,4,5.998,255,0,0,0,0
1671457426129,56,169366,6,4.380,-3.676,0.000,1,4.878,2,4.110,3,5.511,4,5.998,255,0,0,0,0
1671457426182,53,169419,6,4.407,-3.681,0.000,1,4.878,2,4.113,3,5.514,4,5.998,255,0,0,0,0
1671457426207,25,169444,6,4.407,-3.681,0.000,1,4.878,2,4.113,3,5.514,4,5.998,255,0,0,0,0
1671457426237,30,169474,6,4.407,-3.681,0.000,1,4.878,2,4.113,3,5.514,4,5.998,255,0,0,0,0
1671457426237,0,169474,6,4.407,-3.681,0.000,1,4.878,2,4.113,3,5.514,4,5.998,255,0,0,0,0
1671457426270,33,169507,6,4.334,-3.673,0.000,1,4.878,2,4.113,3,5.514,4,5.998,255,0,0,0,0
1671457426345,75,169582,6,4.334,-3.673,0.000,1,4.878,2,4.113,3,5.514,4,5.998,255,0,0,0,0
1671457426376,31,169613,6,4.390,-3.672,0.000,1,4.883,2,4.108,3,5.514,4,5.998,255,0,0,0,0
1671457426436,60,169673,6,4.390,-3.672,0.000,1,4.883,2,4.108,3,5.514,4,5.998,255,0,0,0,0
1671457426467,31,169704,6,4.390,-3.672,0.000,1,4.883,2,4.108,3,5.514,4,5.998,255,0,0,0,0
1671457426467,0,169704,6,4.390,-3.672,0.000,1,4.883,2,4.108,3,5.514,4,5.998,255,0,0,0,0
1671457426515,48,169752,6,4.410,-3.679,0.000,1,4.886,2,4.116,3,5.514,4,5.998,255,0,0,0,0
1671457426561,46,169798,6,4.410,-3.679,0.000,1,4.883,2,4.116,3,5.489,4,5.998,255,0,0,0,0
1671457426593,32,169830,6,4.410,-3.679,0.000,1,4.883,2,4.116,3,5.489,4,5.998,255,0,0,0,0
1671457426654,61,169891,6,4.332,-3.686,0.000,1,4.883,2,4.116,3,5.489,4,5.998,255,0,0,0,0
1671457426685,31,169922,6,4.332,-3.686,0.000,1,4.878,2,4.116,3,5.511,4,5.998,255,0,0,0,0
1671457426685,0,169922,6,4.332,-3.686,0.000,1,4.878,2,4.116,3,5.511,4,5.998,255,0,0,0,0
1671457426731,46,169968,6,4.332,-3.686,0.000,1,4.878,2,4.116,3,5.511,4,5.998,255,0,0,0,0
1671457426761,30,169998,6,4.311,-3.472,0.000,1,4.878,2,4.116,3,5.511,4,5.998,255,0,0,0,0
1671457426806,45,170043,6,4.311,-3.472,0.000,1,4.872,2,4.110,3,5.511,4,5.998,255,0,0,0,0
1671457426848,42,170085,6,4.311,-3.472,0.000,1,4.872,2,4.110,3,5.511,4,5.998,255,0,0,0,0
1671457426899,51,170136,6,4.311,-3.472,0.000,1,4.872,2,4.110,3,5.511,4,5.998,255,0,0,0,0
1671457426900,1,170137,6,4.363,-3.590,0.000,1,4.872,2,4.110,3,5.511,4,5.998,255,0,0,0,0
1671457426960,60,170197,6,4.363,-3.590,0.000,1,4.872,2,4.110,3,5.511,4,5.998,255,0,0,0,0
1671457426991,31,170228,6,4.363,-3.590,0.000,1,4.883,2,4.110,3,5.511,4,5.998,255,0,0,0,0
1671457427018,27,170255,6,4.395,-3.665,0.000,1,4.883,2,4.110,3,5.511,4,5.998,255,0,0,0,0
1671457427036,18,170273,6,4.395,-3.665,0.000,1,4.883,2,4.110,3,5.506,4,5.998,255,0,0,0,0
1671457427099,63,170336,6,4.395,-3.665,0.000,1,4.883,2,4.110,3,5.506,4,5.998,255,0,0,0,0
1671457427099,0,170336,6,4.395,-3.665,0.000,1,4.883,2,4.110,3,5.506,4,5.998,255,0,0,0,0
1671457427124,25,170361,6,4.395,-3.665,0.000,1,4.883,2,4.110,3,5.506,4,5.998,255,0,0,0,0
1671457427130,6,170367,6,4.395,-3.665,0.000,1,4.886,2,4.110,3,5.514,4,5.998,255,0,0,0,0
1671457427191,61,170428,6,4.395,-3.665,0.000,1,4.886,2,4.110,3,5.514,4,5.998,255,0,0,0,0
1671457427223,32,170460,6,4.395,-3.663,0.000,1,4.886,2,4.110,3,5.514,4,5.998,255,0,0,0,0
1671457427314,91,170551,6,4.395,-3.663,0.000,1,4.886,2,4.110,3,5.514,4,5.998,255,0,0,0,0
1671457427314,0,170551,6,4.395,-3.663,0.000,1,4.886,2,4.110,3,5.514,4,5.998,255,0,0,0,0
1671457427342,28,170579,6,4.395,-3.663,0.000,1,4.880,2,4.116,3,5.511,4,5.998,255,0,0,0,0
1671457427361,19,170598,6,4.395,-3.663,0.000,1,4.880,2,4.116,3,5.511,4,5.998,255,0,0,0,0
1671457427437,76,170674,6,4.400,-3.677,0.000,1,4.880,2,4.116,3,5.511,4,5.998,255,0,0,0,0
1671457427468,31,170705,6,4.400,-3.677,0.000,1,4.886,2,4.116,3,5.514,4,5.989,255,0,0,0,0
1671457427499,31,170736,6,4.400,-3.677,0.000,1,4.886,2,4.116,3,5.514,4,5.989,255,0,0,0,0
1671457427500,1,170737,6,4.401,-3.672,0.000,1,4.886,2,4.116,3,5.514,4,5.989,255,0,0,0,0
1671457427530,30,170767,6,4.401,-3.672,0.000,1,4.886,2,4.116,3,5.514,4,5.989,255,0,0,0,0
1671457427577,47,170814,6,4.401,-3.672,0.000,1,4.886,2,4.116,3,5.514,4,5.989,255,0,0,0,0
1671457427686,109,170923,6,4.406,-3.668,0.000,1,4.883,2,4.108,3,5.514,4,5.998,255,0,0,0,0
1671457427747,61,170984,6,4.406,-3.668,0.000,1,4.883,2,4.110,3,5.511,4,5.998,255,0,0,0,0
1671457427778,31,171015,6,4.406,-3.668,0.000,1,4.883,2,4.102,3,5.511,4,5.998,255,0,0,0,0
1671457427778,0,171015,6,4.406,-3.668,0.000,1,4.883,2,4.102,3,5.511,4,5.998,255,0,0,0,0
1671457427840,62,171077,6,4.401,-3.677,0.000,1,4.883,2,4.102,3,5.514,4,5.998,255,0,0,0,0
1671457427892,52,171129,6,4.401,-3.677,0.000,1,4.883,2,4.102,3,5.514,4,5.998,255,0,0,0,0
1671457427903,11,171140,6,4.372,-3.607,0.000,1,4.883,2,4.102,3,5.514,4,5.998,255,0,0,0,0
1671457427935,32,171172,6,4.372,-3.607,0.000,1,4.883,2,4.102,3,5.514,4,5.998,255,0,0,0,0
1671457427994,59,171231,6,4.372,-3.607,0.000,1,4.894,2,4.097,3,5.514,4,5.998,255,0,0,0,0
1671457427995,1,171232,6,4.359,-3.577,0.000,1,4.894,2,4.097,3,5.514,4,5.998,255,0,0,0,0
1671457428056,61,171293,6,4.359,-3.577,0.000,1,4.886,2,4.097,3,5.514,4,5.998,255,0,0,0,0
1671457428097,41,171334,6,4.359,-3.577,0.000,1,4.886,2,4.097,3,5.511,4,5.998,255,0,0,0,0
1671457428107,10,171344,6,4.359,-3.577,0.000,1,4.886,2,4.097,3,5.511,4,5.998,255,0,0,0,0
1671457428118,11,171355,6,4.360,-3.584,0.000,1,4.886,2,4.097,3,5.511,4,5.998,255,0,0,0,0
1671457428193,75,171430,6,4.360,-3.584,0.000,1,4.886,2,4.097,3,5.511,4,5.998,255,0,0,0,0
1671457428193,0,171430,6,4.360,-3.584,0.000,1,4.886,2,4.097,3,5.511,4,5.998,255,0,0,0,0
1671457428222,29,171459,6,4.323,-3.492,0.000,1,4.886,2,4.091,3,5.514,4,5.998,255,0,0,0,0
1671457428239,17,171476,6,4.323,-3.492,0.000,1,4.886,2,4.091,3,5.514,4,5.998,255,0,0,0,0
1671457428316,77,171553,6,4.323,-3.492,0.000,1,4.886,2,4.091,3,5.514,4,5.998,255,0,0,0,0
1671457428378,62,171615,6,4.323,-3.492,0.000,1,4.886,2,4.091,3,5.514,4,5.998,255,0,0,0,0
1671457428408,30,171645,6,4.323,-3.492,0.000,1,4.883,2,4.091,3,5.514,4,5.998,255,0,0,0,0
1671457428408,0,171645,6,4.339,-3.536,0.000,1,4.883,2,4.091,3,5.514,4,5.998,255,0,0,0,0
1671457428435,27,171672,6,4.339,-3.536,0.000,1,4.883,2,4.091,3,5.514,4,5.998,255,0,0,0,0
1671457428455,20,171692,6,4.339,-3.536,0.000,1,4.883,2,4.091,3,5.514,4,5.998,255,0,0,0,0
1671457428518,63,171755,6,4.309,-3.464,0.000,1,4.883,2,4.091,3,5.514,4,5.998,255,0,0,0,0
1671457428565,47,171802,6,4.309,-3.464,0.000,1,4.883,2,4.091,3,5.514,4,5.998,255,0,0,0,0
1671457428596,31,171833,6,4.309,-3.464,0.000,1,4.883,2,4.091,3,5.514,4,5.998,255,0,0,0,0
1671457428596,0,171833,6,4.309,-3.464,0.000,1,4.883,2,4.091,3,5.514,4,5.998,255,0,0,0,0
1671457428625,29,171862,6,4.400,-3.696,0.000,1,4.883,2,4.091,3,5.514,4,5.998,255,0,0,0,0
1671457428686,61,171923,6,4.400,-3.696,0.000,1,4.883,2,4.088,3,5.514,4,5.998,255,0,0,0,0
1671457428748,62,171985,6,4.400,-3.696,0.000,1,4.883,2,4.088,3,5.514,4,5.998,255,0,0,0,0
1671457428781,33,172018,6,4.317,-3.486,0.000,1,4.883,2,4.088,3,5.514,4,5.998,255,0,0,0,0
1671457428840,59,172077,6,4.317,-3.486,0.000,1,4.883,2,4.088,3,5.514,4,5.998,255,0,0,0,0
1671457428840,0,172077,6,4.317,-3.486,0.000,1,4.883,2,4.088,3,5.514,4,5.998,255,0,0,0,0
1671457428887,47,172124,6,4.317,-3.486,0.000,1,4.883,2,4.088,3,5.514,4,5.998,255,0,0,0,0
1671457428933,46,172170,6,4.384,-3.681,0.000,1,4.883,2,4.088,3,5.514,4,5.998,255,0,0,0,0
1671457428985,52,172222,6,4.384,-3.681,0.000,1,4.880,2,4.091,3,5.514,4,5.998,255,0,0,0,0
1671457428994,9,172231,6,4.362,-3.691,0.000,1,4.880,2,4.091,3,5.514,4,5.998,255,0,0,0,0
1671457429070,76,172307,6,4.362,-3.691,0.000,1,4.880,2,4.091,3,5.514,4,5.998,255,0,0,0,0
1671457429070,0,172307,6,4.362,-3.691,0.000,1,4.880,2,4.091,3,5.514,4,5.998,255,0,0,0,0
1671457429093,23,172330,6,4.362,-3.691,0.000,1,4.883,2,4.091,3,5.514,4,5.998,255,0,0,0,0
1671457429139,46,172376,6,4.404,-3.696,0.000,1,4.883,2,4.091,3,5.514,4,5.998,255,0,0,0,0
1671457429162,23,172399,6,4.404,-3.696,0.000,1,4.883,2,4.091,3,5.511,4,5.998,255,0,0,0,0
1671457429192,30,172429,6,4.404,-3.696,0.000,1,4.883,2,4.091,3,5.511,4,5.998,255,0,0,0,0
1671457429251,59,172488,6,4.404,-3.696,0.000,1,4.883,2,4.091,3,5.511,4,5.998,255,0,0,0,0
1671457429252,1,172489,6,4.368,-3.695,0.000,1,4.883,2,4.091,3,5.511,4,5.998,255,0,0,0,0
1671457429494,242,172731,6,4.368,-3.695,0.000,1,4.883,2,4.091,3,5.511,4,5.998,255,0,0,0,0
1671457429539,45,172776,6,4.368,-3.695,0.000,1,4.883,2,4.091,3,5.511,4,5.998,255,0,0,0,0
1671457429585,46,172822,6,4.368,-3.695,0.000,1,4.883,2,4.091,3,5.511,4,5.998,255,0,0,0,0
1671457429641,56,172878,6,4.387,-3.672,0.000,1,4.883,2,4.099,3,5.514,4,5.998,255,0,0,0,0
1671457429648,7,172885,6,4.387,-3.672,0.000,1,4.883,2,4.099,3,5.514,4,5.998,255,0,0,0,0
1671457429649,1,172886,6,4.366,-3.607,0.000,1,4.883,2,4.099,3,5.514,4,5.998,255,0,0,0,0
1671457429687,38,172924,6,4.366,-3.607,0.000,1,4.883,2,4.099,3,5.514,4,5.998,255,0,0,0,0
1671457429749,62,172986,6,4.366,-3.607,0.000,1,4.883,2,4.099,3,5.514,4,5.998,255,0,0,0,0
1671457429793,44,173030,6,4.398,-3.683,0.000,1,4.883,2,4.102,3,5.514,4,5.998,255,0,0,0,0
1671457429815,22,173052,6,4.398,-3.683,0.000,1,4.886,2,4.102,3,5.517,4,5.998,255,0,0,0,0
1671457429876,61,173113,6,4.398,-3.683,0.000,1,4.886,2,4.102,3,5.517,4,5.998,255,0,0,0,0
1671457429876,0,173113,6,4.398,-3.683,0.000,1,4.886,2,4.102,3,5.517,4,5.998,255,0,0,0,0
1671457429907,31,173144,6,4.412,-3.715,0.000,1,4.886,2,4.102,3,5.517,4,5.998,255,0,0,0,0
1671457429968,61,173205,6,4.412,-3.715,0.000,1,4.883,2,4.108,3,5.478,4,5.995,255,0,0,0,0
1671457430015,47,173252,6,4.412,-3.715,0.000,1,4.883,2,4.108,3,5.478,4,5.995,255,0,0,0,0
1671457430048,33,173285,6,4.326,-3.496,0.000,1,4.883,2,4.108,3,5.478,4,5.995,255,0,0,0,0
1671457430305,257,173542,6,4.326,-3.496,0.000,1,4.883,2,4.108,3,5.517,4,5.998,255,0,0,0,0
1671457430305,0,173542,6,4.326,-3.496,0.000,1,4.883,2,4.108,3,5.517,4,5.998,255,0,0,0,0
1671457430342,37,173579,6,4.326,-3.496,0.000,1,4.883,2,4.108,3,5.517,4,5.998,255,0,0,0,0
1671457430412,70,173649,6,4.325,-3.481,0.000,1,4.883,2,4.108,3,5.517,4,5.998,255,0,0,0,0
1671457430472,60,173709,6,4.325,-3.481,0.000,1,4.880,2,4.102,3,5.514,4,5.998,255,0,0,0,0
1671457430503,31,173740,6,4.325,-3.481,0.000,1,4.880,2,4.102,3,5.514,4,5.998,255,0,0,0,0
1671457430533,30,173770,6,4.325,-3.481,0.000,1,4.880,2,4.102,3,5.514,4,5.998,255,0,0,0,0
1671457430533,0,173770,6,4.325,-3.481,0.000,1,4.880,2,4.102,3,5.514,4,5.998,255,0,0,0,0
1671457430595,62,173832,6,4.325,-3.481,0.000,1,4.880,2,4.102,3,5.514,4,5.998,255,0,0,0,0
1671457430686,91,173923,6,4.376,-3.661,0.000,1,4.886,2,4.110,3,5.514,4,5.998,255,0,0,0,0
1671457430718,32,173955,6,4.376,-3.661,0.000,1,4.886,2,4.110,3,5.514,4,5.998,255,0,0,0,0
1671457430796,78,174033,4,9.390,0.000,2.220,255,0,0,0,0
1671457430796,0,174033,6,4.376,-3.661,0.000,1,4.880,2,4.110,3,5.511,4,5.998,255,0,0,0,0
1671457430796,0,174033,1,9.390,-3.685,2.220,255,0,0,0,0
1671457430796,0,174033,2,0.003,-3.685,2.220,255,0,0,0,0
1671457430796,0,174033,3,0.003,0.000,2.220,255,0,0,0,0
1671457430827,31,174064,6,4.376,-3.661,0.000,1,4.880,2,4.110,3,5.511,4,5.998,255,0,0,0,0
1671457430828,1,174065,6,4.362,-3.668,0.000,1,4.880,2,4.110,3,5.511,4,5.998,255,0,0,0,0
1671457430884,56,174121,6,4.362,-3.668,0.000,1,4.880,2,4.110,3,5.511,4,5.998,255,0,0,0,0
1671457430920,36,174157,6,4.336,-3.672,0.000,1,4.880,2,4.110,3,5.511,4,5.998,255,0,0,0,0
1671457430967,47,174204,6,4.336,-3.672,0.000,1,4.883,2,4.099,3,5.514,4,5.998,255,0,0,0,0
1671457431044,77,174281,6,4.393,-3.671,0.000,1,4.883,2,4.099,3,5.514,4,5.998,255,0,0,0,0
1671457431075,31,174312,6,4.393,-3.671,0.000,1,4.886,2,4.094,3,5.511,4,5.998,255,0,0,0,0
1671457431075,0,174312,6,4.393,-3.671,0.000,1,4.886,2,4.094,3,5.511,4,5.998,255,0,0,0,0
1671457431137,62,174374,6,4.393,-3.671,0.000,1,4.886,2,4.094,3,5.511,4,5.998,255,0,0,0,0
1671457431168,31,174405,6,4.400,-3.686,0.000,1,4.867,2,4.097,3,5.506,4,5.998,255,0,0,0,0
1671457431230,62,174467,6,4.400,-3.686,0.000,1,4.867,2,4.097,3,5.506,4,5.998,255,0,0,0,0
1671457431261,31,174498,6,4.399,-3.690,0.000,1,4.867,2,4.097,3,5.506,4,5.998,255,0,0,0,0
1671457431289,28,174526,6,4.399,-3.690,0.000,1,4.886,2,4.091,3,5.517,4,5.998,255,0,0,0,0
1671457431289,0,174526,6,4.399,-3.690,0.000,1,4.886,2,4.091,3,5.517,4,5.998,255,0,0,0,0
1671457431352,63,174589,6,4.399,-3.690,0.000,1,4.886,2,4.091,3,5.517,4,5.998,255,0,0,0,0
1671457431384,32,174621,6,4.397,-3.685,0.000,1,4.869,2,4.088,3,5.517,4,5.998,255,0,0,0,0
1671457431412,28,174649,6,4.397,-3.685,0.000,1,4.869,2,4.088,3,5.506,4,5.998,255,0,0,0,0
1671457431443,31,174680,6,4.397,-3.685,0.000,1,4.869,2,4.088,3,5.506,4,5.998,255,0,0,0,0
1671457431501,58,174738,6,4.397,-3.685,0.000,1,4.869,2,4.088,3,5.506,4,5.998,255,0,0,0,0
1671457431502,1,174739,6,4.376,-3.690,0.000,1,4.869,2,4.088,3,5.506,4,5.998,255,0,0,0,0
1671457431549,47,174786,6,4.376,-3.690,0.000,1,4.883,2,4.088,3,5.514,4,5.998,255,0,0,0,0
1671457431594,45,174831,6,4.376,-3.690,0.000,1,4.883,2,4.088,3,5.514,4,5.998,255,0,0,0,0
1671457431624,30,174861,6,4.328,-3.688,0.000,1,4.883,2,4.088,3,5.514,4,5.998,255,0,0,0,0
1671457431700,76,174937,6,4.328,-3.688,0.000,1,4.883,2,4.088,3,5.514,4,5.998,255,0,0,0,0
1671457431731,31,174968,6,4.328,-3.688,0.000,1,4.883,2,4.091,3,5.514,4,5.998,255,0,0,0,0
1671457431732,1,174969,6,4.340,-3.693,0.000,1,4.883,2,4.091,3,5.514,4,5.998,255,0,0,0,0
1671457431763,31,175000,6,4.340,-3.693,0.000,1,4.883,2,4.094,3,5.517,4,5.998,255,0,0,0,0
1671457431822,59,175059,6,4.340,-3.693,0.000,1,4.883,2,4.094,3,5.517,4,5.998,255,0,0,0,0
1671457431862,40,175099,6,4.320,-3.724,0.000,1,4.883,2,4.094,3,5.517,4,5.998,255,0,0,0,0
1671457431882,20,175119,6,4.320,-3.724,0.000,1,4.883,2,4.094,3,5.517,4,5.998,255,0,0,0,0
1671457431938,56,175175,6,4.320,-3.724,0.000,1,4.883,2,4.094,3,5.517,4,5.998,255,0,0,0,0
1671457431938,0,175175,6,4.320,-3.724,0.000,1,4.883,2,4.094,3,5.517,4,5.998,255,0,0,0,0
1671457431983,45,175220,6,4.307,-3.480,0.000,1,4.883,2,4.094,3,5.517,4,5.998,255,0,0,0,0
1671457432005,22,175242,6,4.307,-3.480,0.000,1,4.880,2,4.097,3,5.514,4,5.998,255,0,0,0,0
1671457432035,30,175272,6,4.307,-3.480,0.000,1,4.880,2,4.097,3,5.514,4,5.998,255,0,0,0,0
1671457432505,470,175742,6,4.395,-3.680,0.000,1,4.880,2,4.097,3,5.514,4,5.998,255,0,0,0,0
1671457432550,45,175787,6,4.395,-3.680,0.000,1,4.880,2,4.097,3,5.514,4,5.998,255,0,0,0,0
1671457432550,0,175787,6,4.395,-3.680,0.000,1,4.880,2,4.097,3,5.514,4,5.998,255,0,0,0,0
1671457432896,346,176133,6,4.395,-3.680,0.000,1,4.880,2,4.097,3,5.514,4,5.998,255,0,0,0,0
1671457432920,24,176157,6,4.395,-3.680,0.000,1,4.880,2,4.097,3,5.514,4,5.998,255,0,0,0,0
1671457432931,11,176168,6,4.350,-3.686,0.000,1,4.880,2,4.097,3,5.514,4,5.998,255,0,0,0,0
1671457433019,88,176256,6,4.350,-3.686,0.000,1,4.880,2,4.097,3,5.514,4,5.998,255,0,0,0,0
1671457433049,30,176286,6,4.350,-3.686,0.000,1,4.880,2,4.097,3,5.514,4,5.998,255,0,0,0,0
1671457433049,0,176286,6,4.350,-3.686,0.000,1,4.880,2,4.097,3,5.514,4,5.998,255,0,0,0,0
1671457433080,31,176317,6,4.350,-3.686,0.000,1,4.880,2,4.097,3,5.514,4,5.998,255,0,0,0,0
1671457433138,58,176375,6,4.350,-3.686,0.000,1,4.875,2,4.097,3,5.514,4,5.998,255,0,0,0,0
1671457433175,37,176412,6,4.340,-3.690,0.000,1,4.875,2,4.097,3,5.514,4,5.998,255,0,0,0,0
1671457433203,28,176440,6,4.340,-3.690,0.000,1,4.875,2,4.105,3,5.514,4,5.998,255,0,0,0,0
1671457433248,45,176485,6,4.340,-3.690,0.000,1,4.875,2,4.105,3,5.514,4,5.998,255,0,0,0,0
1671457433248,0,176485,6,4.340,-3.690,0.000,1,4.875,2,4.105,3,5.514,4,5.998,255,0,0,0,0
1671457433449,201,176686,6,4.394,-3.691,0.000,1,4.875,2,4.105,3,5.514,4,5.998,255,0,0,0,0
1671457433478,29,176715,6,4.394,-3.691,0.000,1,4.872,2,4.116,3,5.514,4,5.998,255,0,0,0,0
1671457433540,62,176777,6,4.394,-3.691,0.000,1,4.872,2,4.116,3,5.514,4,5.998,255,0,0,0,0
1671457433570,30,176807,6,4.412,-3.684,0.000,1,4.880,2,4.113,3,5.514,4,5.998,255,0,0,0,0
1671457433570,0,176807,6,4.412,-3.684,0.000,1,4.880,2,4.113,3,5.514,4,5.998,255,0,0,0,0
1671457433602,32,176839,6,4.371,-3.675,0.000,1,4.880,2,4.113,3,5.514,4,5.998,255,0,0,0,0
1671457433632,30,176869,6,4.371,-3.675,0.000,1,4.880,2,4.113,3,5.514,4,5.998,255,0,0,0,0
1671457433686,54,176923,6,4.340,-3.693,0.000,1,4.880,2,4.113,3,5.514,4,5.998,255,0,0,0,0
1671457433730,44,176967,6,4.340,-3.693,0.000,1,4.883,2,4.105,3,5.514,4,5.998,255,0,0,0,0
1671457433755,25,176992,6,4.340,-3.693,0.000,1,4.883,2,4.105,3,5.514,4,5.998,255,0,0,0,0
1671457433755,0,176992,6,4.340,-3.693,0.000,1,4.883,2,4.105,3,5.514,4,5.998,255,0,0,0,0
1671457433787,32,177024,6,4.317,-3.490,0.000,1,4.883,2,4.105,3,5.514,4,5.998,255,0,0,0,0
1671457433849,62,177086,6,4.317,-3.490,0.000,1,4.883,2,4.105,3,5.514,4,5.998,255,0,0,0,0
1671457433908,59,177145,6,4.317,-3.490,0.000,1,4.878,2,4.116,3,5.511,4,5.998,255,0,0,0,0
1671457433925,17,177162,6,4.358,-3.577,0.000,1,4.878,2,4.116,3,5.511,4,5.998,255,0,0,0,0
1671457434014,89,177251,6,4.358,-3.577,0.000,1,4.886,2,4.110,3,5.514,4,5.998,255,0,0,0,0
1671457434014,0,177251,6,4.358,-3.577,0.000,1,4.886,2,4.110,3,5.514,4,5.998,255,0,0,0,0
1671457434032,18,177269,6,4.358,-3.577,0.000,1,4.886,2,4.110,3,5.514,4,5.998,255,0,0,0,0
1671457434065,33,177302,6,4.336,-3.507,0.000,1,4.886,2,4.110,3,5.514,4,5.998,255,0,0,0,0
1671457434110,45,177347,6,4.336,-3.507,0.000,1,4.886,2,4.110,3,5.514,4,5.998,255,0,0,0,0
1671457434173,63,177410,6,4.398,-3.669,0.000,1,4.886,2,4.110,3,5.514,4,5.998,255,0,0,0,0
1671457434203,30,177440,6,4.398,-3.669,0.000,1,4.886,2,4.110,3,5.514,4,5.998,255,0,0,0,0
1671457434203,0,177440,6,4.398,-3.669,0.000,1,4.886,2,4.110,3,5.514,4,5.998,255,0,0,0,0
1671457434232,29,177469,6,4.398,-3.669,0.000,1,4.886,2,4.105,3,5.514,4,5.998,255,0,0,0,0
1671457434278,46,177515,6,4.398,-3.669,0.000,1,4.886,2,4.105,3,5.514,4,5.998,255,0,0,0,0
1671457434309,31,177546,6,4.399,-3.678,0.000,1,4.886,2,4.105,3,5.514,4,5.998,255,0,0,0,0
1671457434354,45,177591,6,4.399,-3.678,0.000,1,4.878,2,4.102,3,5.506,4,5.998,255,0,0,0,0
1671457434415,61,177652,6,4.399,-3.678,0.000,1,4.878,2,4.102,3,5.506,4,5.998,255,0,0,0,0
1671457434415,0,177652,6,4.399,-3.678,0.000,1,4.878,2,4.102,3,5.506,4,5.998,255,0,0,0,0
1671457434445,30,177682,6,4.399,-3.678,0.000,1,4.878,2,4.099,3,5.506,4,5.998,255,0,0,0,0
1671457434506,61,177743,6,4.399,-3.678,0.000,1,4.878,2,4.099,3,5.517,4,5.998,255,0,0,0,0
1671457434537,31,177774,6,4.399,-3.678,0.000,1,4.878,2,4.099,3,5.517,4,5.998,255,0,0,0,0
1671457434564,27,177801,6,4.399,-3.681,0.000,1,4.878,2,4.099,3,5.517,4,5.998,255,0,0,0,0
1671457434602,38,177839,6,4.399,-3.681,0.000,1,4.875,2,4.102,3,5.514,4,5.998,255,0,0,0,0
1671457434602,0,177839,6,4.399,-3.681,0.000,1,4.875,2,4.102,3,5.514,4,5.998,255,0,0,0,0
1671457434630,28,177867,6,4.402,-3.691,0.000,1,4.875,2,4.102,3,5.514,4,5.998,255,0,0,0,0
1671457434660,30,177897,6,4.402,-3.691,0.000,1,4.875,2,4.102,3,5.514,4,5.998,255,0,0,0,0
1671457434691,31,177928,6,4.402,-3.691,0.000,1,4.875,2,4.102,3,5.514,4,5.998,255,0,0,0,0
1671457434891,200,178128,6,4.402,-3.691,0.000,1,4.875,2,4.102,3,5.514,4,5.998,255,0,0,0,0
1671457435208,317,178445,6,4.402,-3.691,0.000,1,4.875,2,4.102,3,5.514,4,5.998,255,0,0,0,0
1671457435208,0,178445,6,4.386,-3.689,0.000,1,4.875,2,4.102,3,5.514,4,5.998,255,0,0,0,0
1671457435260,52,178497,6,4.386,-3.689,0.000,1,4.875,2,4.102,3,5.514,4,5.998,255,0,0,0,0
1671457435765,505,179002,6,4.386,-3.689,0.000,1,4.875,2,4.102,3,5.514,4,5.998,255,0,0,0,0
1671457435798,33,179035,6,4.364,-3.688,0.000,1,4.875,2,4.102,3,5.514,4,5.998,255,0,0,0,0
1671457435891,93,179128,6,4.364,-3.688,0.000,1,4.875,2,4.102,3,5.514,4,5.998,255,0,0,0,0
1671457435921,30,179158,6,4.364,-3.688,0.000,1,4.875,2,4.102,3,5.514,4,5.998,255,0,0,0,0
1671457435921,0,179158,6,4.364,-3.688,0.000,1,4.875,2,4.102,3,5.514,4,5.998,255,0,0,0,0
1671457435952,31,179189,6,4.364,-3.688,0.000,1,4.875,2,4.102,3,5.514,4,5.998,255,0,0,0,0
1671457436210,258,179447,6,4.364,-3.688,0.000,1,4.883,2,4.097,3,5.511,4,5.998,255,0,0,0,0
1671457436242,32,179479,6,4.364,-3.688,0.000,1,4.883,2,4.097,3,5.511,4,5.998,255,0,0,0,0
1671457436302,60,179539,6,4.364,-3.688,0.000,1,4.883,2,4.097,3,5.511,4,5.998,255,0,0,0,0
1671457436318,16,179555,6,4.364,-3.688,0.000,1,4.880,2,4.074,3,5.511,4,5.989,255,0,0,0,0
1671457436318,0,179555,6,4.364,-3.688,0.000,1,4.880,2,4.074,3,5.511,4,5.989,255,0,0,0,0
1671457436353,35,179590,6,4.364,-3.688,0.000,1,4.880,2,4.074,3,5.511,4,5.989,255,0,0,0,0
1671457436424,71,179661,6,4.364,-3.688,0.000,1,4.880,2,4.074,3,5.511,4,5.989,255,0,0,0,0
1671457436470,46,179707,6,4.364,-3.688,0.000,1,4.880,2,4.099,3,5.514,4,5.998,255,0,0,0,0
1671457436525,55,179762,6,4.402,-3.705,0.000,1,4.880,2,4.099,3,5.514,4,5.998,255,0,0,0,0
1671457436593,68,179830,6,4.402,-3.705,0.000,1,4.880,2,4.105,3,5.506,4,5.998,255,0,0,0,0
1671457436593,0,179830,6,4.402,-3.705,0.000,1,4.880,2,4.105,3,5.506,4,5.998,255,0,0,0,0
1671457436623,30,179860,6,4.402,-3.705,0.000,1,4.880,2,4.105,3,5.506,4,5.998,255,0,0,0,0
1671457436656,33,179893,6,4.402,-3.690,0.000,1,4.883,2,4.105,3,6.009,4,5.998,255,0,0,0,0
1671457436721,65,179958,6,4.402,-3.690,0.000,1,4.883,2,4.105,3,6.009,4,5.998,255,0,0,0,0
1671457436750,29,179987,6,4.332,-3.687,0.000,1,4.883,2,4.105,3,6.009,4,5.998,255,0,0,0,0
1671457436812,62,180049,6,4.332,-3.687,0.000,1,4.883,2,4.110,3,5.987,4,5.998,255,0,0,0,0
1671457436812,0,180049,6,4.332,-3.687,0.000,1,4.883,2,4.110,3,5.987,4,5.998,255,0,0,0,0
1671457436873,61,180110,6,4.332,-3.687,0.000,1,4.883,2,4.110,3,5.987,4,5.998,255,0,0,0,0
1671457436905,32,180142,6,4.323,-3.509,0.000,1,4.883,2,4.110,3,5.987,4,5.998,255,0,0,0,0
1671457436935,30,180172,6,4.323,-3.509,0.000,1,4.883,2,4.110,3,5.987,4,5.998,255,0,0,0,0
1671457436966,31,180203,6,4.323,-3.509,0.000,1,4.883,2,4.110,3,5.987,4,5.998,255,0,0,0,0
1671457436981,15,180218,6,4.323,-3.509,0.000,1,4.883,2,4.110,3,5.987,4,5.998,255,0,0,0,0
1671457436982,1,180219,6,4.325,-3.493,0.000,1,4.883,2,4.110,3,5.987,4,5.998,255,0,0,0,0
1671457437013,31,180250,6,4.325,-3.493,0.000,1,4.883,2,4.110,3,5.987,4,5.998,255,0,0,0,0
1671457437058,45,180295,6,4.325,-3.493,0.000,1,4.883,2,4.110,3,5.987,4,5.998,255,0,0,0,0
1671457437422,364,180659,6,4.325,-3.493,0.000,1,4.886,2,4.113,3,5.995,4,5.998,255,0,0,0,0
1671457437467,45,180704,6,4.325,-3.493,0.000,1,4.886,2,4.113,3,5.995,4,5.998,255,0,0,0,0
1671457437638,171,180875,6,4.325,-3.493,0.000,1,4.886,2,4.113,3,5.995,4,5.998,255,0,0,0,0
1671457437638,0,180875,6,4.325,-3.493,0.000,1,4.886,2,4.113,3,5.995,4,5.998,255,0,0,0,0
1671457437945,307,181182,6,4.325,-3.493,0.000,1,4.886,2,4.113,3,5.995,4,5.998,255,0,0,0,0
1671457437960,15,181197,6,4.325,-3.493,0.000,1,4.886,2,4.113,3,5.995,4,5.998,255,0,0,0,0
1671457438006,46,181243,6,4.325,-3.493,0.000,1,4.886,2,4.113,3,5.995,4,5.998,255,0,0,0,0
1671457438080,74,181317,6,4.325,-3.493,0.000,1,4.886,2,4.113,3,5.995,4,5.998,255,0,0,0,0
1671457438141,61,181378,6,4.325,-3.493,0.000,1,4.886,2,4.113,3,5.995,4,5.998,255,0,0,0,0
1671457438141,0,181378,6,4.325,-3.493,0.000,1,4.886,2,4.113,3,5.995,4,5.998,255,0,0,0,0
1671457438291,150,181528,6,4.325,-3.493,0.000,1,4.880,2,4.094,3,5.514,4,5.998,255,0,0,0,0
1671457438322,31,181559,6,4.325,-3.493,0.000,1,4.880,2,4.094,3,5.514,4,5.998,255,0,0,0,0
1671457438389,67,181626,6,4.322,-3.488,0.000,1,4.880,2,4.094,3,5.514,4,5.998,255,0,0,0,0
1671457438397,8,181634,6,4.322,-3.488,0.000,1,4.880,2,4.091,3,6.014,4,5.998,255,0,0,0,0
1671457438397,0,181634,6,4.322,-3.488,0.000,1,4.880,2,4.091,3,6.014,4,5.998,255,0,0,0,0
1671457438458,61,181695,6,4.323,-3.488,0.000,1,4.880,2,4.091,3,6.014,4,5.998,255,0,0,0,0
1671457438489,31,181726,6,4.323,-3.488,0.000,1,4.883,2,4.088,3,5.495,4,5.998,255,0,0,0,0
1671457438519,30,181756,6,4.323,-3.488,0.000,1,4.883,2,4.088,3,5.495,4,5.998,255,0,0,0,0
1671457438551,32,181788,6,4.323,-3.488,0.000,1,4.883,2,4.088,3,5.495,4,5.998,255,0,0,0,0
1671457438625,74,181862,6,4.323,-3.488,0.000,1,4.883,2,4.088,3,5.495,4,5.998,255,0,0,0,0
1671457438625,0,181862,6,4.323,-3.488,0.000,1,4.883,2,4.088,3,5.495,4,5.998,255,0,0,0,0
1671457438687,62,181924,6,4.323,-3.488,0.000,1,4.878,2,4.077,3,5.511,4,5.998,255,0,0,0,0
1671457438734,47,181971,6,4.323,-3.488,0.000,1,4.878,2,4.077,3,5.511,4,5.998,255,0,0,0,0
1671457438799,65,182036,6,4.318,-3.654,0.000,1,4.880,2,4.080,3,5.511,4,5.998,255,0,0,0,0
1671457438827,28,182064,6,4.318,-3.654,0.000,1,4.880,2,4.080,3,5.511,4,5.998,255,0,0,0,0
1671457438889,62,182126,6,4.318,-3.654,0.000,1,4.875,2,4.074,3,5.509,4,5.998,255,0,0,0,0
1671457438890,1,182127,6,4.349,-3.682,0.000,1,4.875,2,4.074,3,5.509,4,5.998,255,0,0,0,0
1671457438952,62,182189,6,4.349,-3.682,0.000,1,4.875,2,4.074,3,5.509,4,5.998,255,0,0,0,0
1671457439014,62,182251,6,4.392,-3.701,0.000,1,4.880,2,4.080,3,5.511,4,5.998,255,0,0,0,0
1671457439045,31,182282,6,4.392,-3.701,0.000,1,4.880,2,4.080,3,5.511,4,5.998,255,0,0,0,0
1671457439060,15,182297,6,4.392,-3.701,0.000,1,4.880,2,4.080,3,5.511,4,5.998,255,0,0,0,0
1671457439092,32,182329,6,4.392,-3.701,0.000,1,4.880,2,4.080,3,5.511,4,5.998,255,0,0,0,0
1671457439093,1,182330,6,4.396,-3.704,0.000,1,4.880,2,4.080,3,5.511,4,5.998,255,0,0,0,0
1671457439168,75,182405,6,4.396,-3.704,0.000,1,4.880,2,4.080,3,5.511,4,5.998,255,0,0,0,0
1671457439199,31,182436,6,4.398,-3.705,0.000,1,4.878,2,4.077,3,5.503,4,5.998,255,0,0,0,0
1671457439261,62,182498,6,4.398,-3.705,0.000,1,4.878,2,4.077,3,5.503,4,5.998,255,0,0,0,0
1671457439309,48,182546,6,4.398,-3.705,0.000,1,4.883,2,4.080,3,5.503,4,5.998,255,0,0,0,0
1671457439340,31,182577,6,4.398,-3.705,0.000,1,4.883,2,4.080,3,5.503,4,5.998,255,0,0,0,0
1671457439340,0,182577,6,4.396,-3.699,0.000,1,4.883,2,4.080,3,5.503,4,5.998,255,0,0,0,0
1671457439386,46,182623,6,4.396,-3.699,0.000,1,4.872,2,4.077,3,5.506,4,5.998,255,0,0,0,0
1671457439449,63,182686,6,4.396,-3.699,0.000,1,4.872,2,4.077,3,5.506,4,5.998,255,0,0,0,0
1671457439480,31,182717,6,4.403,-3.715,0.000,1,4.878,2,4.077,3,5.506,4,5.998,255,0,0,0,0
1671457439510,30,182747,6,4.403,-3.715,0.000,1,4.878,2,4.077,3,5.506,4,5.998,255,0,0,0,0
1671457439574,64,182811,6,4.403,-3.715,0.000,1,4.878,2,4.077,3,5.506,4,5.998,255,0,0,0,0
1671457439574,0,182811,6,4.403,-3.715,0.000,1,4.878,2,4.077,3,5.506,4,5.998,255,0,0,0,0
1671457439605,31,182842,6,4.315,-3.496,0.000,1,4.853,2,4.077,3,5.506,4,5.998,255,0,0,0,0
1671457439634,29,182871,6,4.315,-3.496,0.000,1,4.853,2,4.077,3,5.506,4,5.998,255,0,0,0,0
1671457439664,30,182901,6,4.315,-3.496,0.000,1,4.853,2,4.077,3,5.506,4,5.998,255,0,0,0,0
1671457439710,46,182947,6,4.394,-3.698,0.000,1,4.853,2,4.077,3,5.506,4,5.998,255,0,0,0,0
1671457439786,76,183023,6,4.394,-3.698,0.000,1,4.875,2,4.080,3,5.495,4,5.998,255,0,0,0,0
1671457439786,0,183023,6,4.394,-3.698,0.000,1,4.875,2,4.080,3,5.495,4,5.998,255,0,0,0,0
1671457439814,28,183051,6,4.394,-3.698,0.000,1,4.875,2,4.080,3,5.495,4,5.998,255,0,0,0,0
1671457439896,82,183133,6,4.338,-3.555,0.000,1,4.875,2,4.080,3,5.495,4,5.998,255,0,0,0,0
1671457439924,28,183161,6,4.338,-3.555,0.000,1,4.875,2,4.080,3,5.495,4,5.998,255,0,0,0,0
1671457439986,62,183223,6,4.313,-3.671,0.000,1,4.878,2,4.083,3,5.506,4,5.998,255,0,0,0,0
1671457440030,44,183267,6,4.313,-3.671,0.000,1,4.880,2,4.085,3,5.506,4,5.998,255,0,0,0,0
1671457440030,0,183267,6,4.313,-3.671,0.000,1,4.880,2,4.085,3,5.506,4,5.998,255,0,0,0,0
1671457440077,47,183314,6,4.313,-3.671,0.000,1,4.880,2,4.085,3,5.506,4,5.998,255,0,0,0,0
1671457440109,32,183346,6,4.387,-3.693,0.000,1,4.880,2,4.085,3,5.495,4,5.998,255,0,0,0,0
1671457440137,28,183374,6,4.387,-3.693,0.000,1,4.880,2,4.085,3,5.495,4,5.998,255,0,0,0,0
1671457440152,15,183389,6,4.392,-3.691,0.000,1,4.880,2,4.085,3,5.495,4,5.998,255,0,0,0,0
1671457440184,32,183421,6,4.392,-3.691,0.000,1,4.880,2,4.085,3,5.495,4,5.998,255,0,0,0,0
1671457440185,1,183422,6,4.392,-3.691,0.000,1,4.880,2,4.085,3,5.495,4,5.998,255,0,0,0,0
1671457440260,75,183497,6,4.392,-3.691,0.000,1,4.880,2,4.085,3,5.495,4,5.998,255,0,0,0,0
1671457440291,31,183528,6,4.392,-3.691,0.000,1,4.872,2,4.085,3,5.506,4,5.998,255,0,0,0,0
1671457440354,63,183591,6,4.326,-3.492,0.000,1,4.872,2,4.085,3,5.506,4,5.998,255,0,0,0,0
1671457440415,61,183652,6,4.326,-3.492,0.000,1,4.878,2,4.083,3,5.506,4,5.998,255,0,0,0,0
1671457440447,32,183684,6,4.326,-3.492,0.000,1,4.878,2,4.083,3,5.506,4,5.998,255,0,0,0,0
1671457440447,0,183684,6,4.326,-3.492,0.000,1,4.878,2,4.083,3,5.506,4,5.998,255,0,0,0,0
1671457440471,24,183708,6,4.352,-3.603,0.000,1,4.875,2,4.083,3,5.506,4,5.998,255,0,0,0,0
1671457440537,66,183774,6,4.352,-3.603,0.000,1,4.875,2,4.080,3,5.503,4,5.998,255,0,0,0,0
1671457440556,19,183793,6,4.383,-3.668,0.000,1,4.875,2,4.080,3,5.503,4,5.998,255,0,0,0,0
1671457440578,22,183815,6,4.383,-3.668,0.000,1,4.875,2,4.080,3,5.503,4,5.998,255,0,0,0,0
1671457440587,9,183824,6,4.383,-3.668,0.000,1,4.883,2,4.080,3,5.500,4,5.998,255,0,0,0,0
1671457440587,0,183824,6,4.383,-3.668,0.000,1,4.883,2,4.080,3,5.500,4,5.998,255,0,0,0,0
1671457440666,79,183903,6,4.383,-3.668,0.000,1,4.883,2,4.080,3,5.500,4,5.998,255,0,0,0,0
1671457440691,25,183928,6,4.391,-3.686,0.000,1,4.883,2,4.080,3,5.500,4,5.998,255,0,0,0,0
1671457440697,6,183934,6,4.391,-3.686,0.000,1,4.883,2,4.080,3,5.500,4,5.998,255,0,0,0,0
1671457440728,31,183965,6,4.391,-3.686,0.000,1,4.883,2,4.080,3,5.500,4,5.998,255,0,0,0,0
1671457440787,59,184024,6,4.391,-3.686,0.000,1,4.883,2,4.080,3,5.500,4,5.998,255,0,0,0,0
1671457440787,0,184024,6,4.392,-3.689,0.000,1,4.883,2,4.080,3,5.500,4,5.998,255,0,0,0,0
1671457440842,55,184079,1,9.390,-3.685,2.220,255,0,0,0,0
1671457440842,0,184079,2,0.003,-3.685,2.220,255,0,0,0,0
1671457440842,0,184079,3,0.003,0.000,2.220,255,0,0,0,0
1671457440842,0,184079,4,9.390,0.000,2.220,255,0,0,0,0
1671457440842,0,184079,6,4.392,-3.689,0.000,1,4.883,2,4.080,3,5.506,4,5.998,255,0,0,0,0
1671457440910,68,184147,6,4.392,-3.689,0.000,1,4.878,2,4.083,3,5.503,4,5.992,255,0,0,0,0
1671457440948,38,184185,6,4.392,-3.689,0.000,1,4.878,2,4.083,3,5.503,4,5.992,255,0,0,0,0
1671457441017,69,184254,6,4.395,-3.696,0.000,1,4.878,2,4.083,3,5.503,4,5.992,255,0,0,0,0
1671457441062,45,184299,6,4.395,-3.696,0.000,1,4.880,2,4.083,3,5.492,4,5.998,255,0,0,0,0
1671457441062,0,184299,6,4.395,-3.696,0.000,1,4.880,2,4.083,3,5.492,4,5.998,255,0,0,0,0
1671457441094,32,184331,6,4.410,-3.720,0.000,1,4.880,2,4.083,3,5.492,4,5.998,255,0,0,0,0
1671457441140,46,184377,6,4.410,-3.720,0.000,1,4.880,2,4.080,3,5.492,4,5.998,255,0,0,0,0
1671457441203,63,184440,6,4.410,-3.720,0.000,1,4.880,2,4.080,3,5.492,4,5.998,255,0,0,0,0
1671457441235,32,184472,6,4.316,-3.489,0.000,1,4.880,2,4.083,3,5.495,4,5.998,255,0,0,0,0
1671457441275,40,184512,6,4.316,-3.489,0.000,1,4.880,2,4.083,3,5.495,4,5.998,255,0,0,0,0
1671457441275,0,184512,6,4.316,-3.489,0.000,1,4.880,2,4.083,3,5.495,4,5.998,255,0,0,0,0
1671457441295,20,184532,6,4.316,-3.489,0.000,1,4.880,2,4.083,3,5.495,4,5.998,255,0,0,0,0
1671457441359,64,184596,6,4.389,-3.682,0.000,1,4.880,2,4.083,3,5.495,4,5.998,255,0,0,0,0
1671457441390,31,184627,6,4.389,-3.682,0.000,1,4.880,2,4.080,3,5.503,4,5.998,255,0,0,0,0
1671457441451,61,184688,6,4.389,-3.682,0.000,1,4.880,2,4.080,3,5.503,4,5.998,255,0,0,0,0
1671457441513,62,184750,6,4.389,-3.682,0.000,1,4.880,2,4.094,3,5.503,4,5.998,255,0,0,0,0
1671457441513,0,184750,6,4.377,-3.604,0.000,1,4.880,2,4.094,3,5.503,4,5.998,255,0,0,0,0
1671457441545,32,184782,6,4.377,-3.604,0.000,1,4.880,2,4.094,3,5.492,4,5.998,255,0,0,0,0
1671457441576,31,184813,6,4.377,-3.604,0.000,1,4.880,2,4.094,3,5.492,4,5.998,255,0,0,0,0
1671457441638,62,184875,6,4.393,-3.500,0.000,1,4.880,2,4.130,3,5.492,4,5.998,255,0,0,0,0
1671457441667,29,184904,6,4.393,-3.500,0.000,1,4.880,2,4.130,3,5.489,4,5.998,255,0,0,0,0
1671457441682,15,184919,6,4.393,-3.500,0.000,1,4.880,2,4.130,3,5.489,4,5.998,255,0,0,0,0
1671457441682,0,184919,6,4.389,-3.531,0.000,1,4.880,2,4.130,3,5.489,4,5.998,255,0,0,0,0
1671457441759,77,184996,6,4.389,-3.531,0.000,1,4.880,2,4.130,3,5.489,4,5.998,255,0,0,0,0
1671457441779,20,185016,6,4.389,-3.531,0.000,1,4.880,2,4.113,3,5.506,4,5.998,255,0,0,0,0
1671457441791,12,185028,6,4.376,-3.598,0.000,1,4.880,2,4.113,3,5.506,4,5.998,255,0,0,0,0
1671457441821,30,185058,6,4.376,-3.598,0.000,1,4.880,2,4.113,3,5.506,4,5.998,255,0,0,0,0
1671457441888,67,185125,6,4.376,-3.598,0.000,1,4.880,2,4.113,3,5.506,4,5.998,255,0,0,0,0
1671457441888,0,185125,6,4.376,-3.598,0.000,1,4.880,2,4.113,3,5.506,4,5.998,255,0,0,0,0
1671457441934,46,185171,6,4.334,-3.657,0.000,1,4.880,2,4.113,3,5.506,4,5.998,255,0,0,0,0
1671457441959,25,185196,6,4.334,-3.657,0.000,1,4.883,2,4.108,3,5.503,4,5.998,255,0,0,0,0
1671457441990,31,185227,6,4.334,-3.657,0.000,1,4.880,2,4.102,3,5.506,4,5.998,255,0,0,0,0
1671457442057,67,185294,6,4.334,-3.657,0.000,1,4.880,2,4.102,3,5.506,4,5.998,255,0,0,0,0
1671457442082,25,185319,6,4.334,-3.657,0.000,1,4.880,2,4.102,3,5.506,4,5.998,255,0,0,0,0
1671457442083,1,185320,6,4.350,-3.601,0.000,1,4.880,2,4.102,3,5.506,4,5.998,255,0,0,0,0
1671457442109,26,185346,6,4.350,-3.601,0.000,1,4.869,2,4.105,3,5.495,4,5.998,255,0,0,0,0
1671457442173,64,185410,6,4.350,-3.601,0.000,1,4.869,2,4.105,3,5.495,4,5.998,255,0,0,0,0
1671457442219,46,185456,6,4.322,-3.487,0.000,1,4.869,2,4.105,3,5.495,4,5.998,255,0,0,0,0
1671457442282,63,185519,6,4.322,-3.487,0.000,1,4.869,2,4.099,3,5.495,4,5.998,255,0,0,0,0
1671457442312,30,185549,6,4.322,-3.487,0.000,1,4.869,2,4.099,3,5.495,4,5.998,255,0,0,0,0
1671457442312,0,185549,6,4.322,-3.487,0.000,1,4.869,2,4.099,3,5.495,4,5.998,255,0,0,0,0
1671457442342,30,185579,6,4.380,-3.630,0.000,1,4.869,2,4.099,3,5.495,4,5.998,255,0,0,0,0
1671457442389,47,185626,6,4.380,-3.630,0.000,1,4.872,2,4.105,3,5.503,4,5.998,255,0,0,0,0
1671457442419,30,185656,6,4.389,-3.659,0.000,1,4.872,2,4.105,3,5.503,4,5.998,255,0,0,0,0
1671457442482,63,185719,6,4.389,-3.659,0.000,1,4.872,2,4.105,3,5.503,4,5.998,255,0,0,0,0
1671457442512,30,185749,6,4.389,-3.659,0.000,1,4.872,2,4.105,3,5.503,4,5.998,255,0,0,0,0
1671457442512,0,185749,6,4.389,-3.659,0.000,1,4.872,2,4.105,3,5.503,4,5.998,255,0,0,0,0
1671457442543,31,185780,6,4.389,-3.659,0.000,1,4.869,2,4.094,3,5.492,4,5.998,255,0,0,0,0
1671457442590,47,185827,6,4.408,-3.700,0.000,1,4.869,2,4.094,3,5.492,4,5.998,255,0,0,0,0
1671457442635,45,185872,6,4.408,-3.700,0.000,1,4.883,2,4.094,3,5.495,4,5.998,255,0,0,0,0
1671457442654,19,185891,6,4.408,-3.700,0.000,1,4.883,2,4.094,3,5.495,4,5.998,255,0,0,0,0
1671457442697,43,185934,6,4.408,-3.700,0.000,1,4.883,2,4.094,3,5.495,4,5.998,255,0,0,0,0
1671457442698,1,185935,6,4.380,-3.637,0.000,1,4.883,2,4.094,3,5.495,4,5.998,255,0,0,0,0
1671457442727,29,185964,6,4.380,-3.637,0.000,1,4.880,2,4.094,3,5.495,4,5.998,255,0,0,0,0
1671457442759,32,185996,6,4.380,-3.637,0.000,1,4.880,2,4.094,3,5.492,4,5.998,255,0,0,0,0
1671457442775,16,186012,6,4.386,-3.656,0.000,1,4.880,2,4.094,3,5.492,4,5.998,255,0,0,0,0
1671457442836,61,186073,6,4.386,-3.656,0.000,1,4.880,2,4.094,3,5.492,4,5.998,255,0,0,0,0
1671457442915,79,186152,6,4.386,-3.656,0.000,1,4.872,2,4.094,3,5.495,4,5.998,255,0,0,0,0
1671457442915,0,186152,6,4.386,-3.656,0.000,1,4.872,2,4.094,3,5.495,4,5.998,255,0,0,0,0
1671457442943,28,186180,6,4.386,-3.656,0.000,1,4.872,2,4.094,3,5.495,4,5.998,255,0,0,0,0
1671457442973,30,186210,6,4.326,-3.507,0.000,1,4.872,2,4.094,3,5.495,4,5.998,255,0,0,0,0
1671457443028,55,186265,6,4.326,-3.507,0.000,1,4.872,2,4.094,3,5.495,4,5.998,255,0,0,0,0
1671457443081,53,186318,6,4.386,-3.657,0.000,1,4.878,2,4.094,3,5.500,4,5.998,255,0,0,0,0
1671457443157,76,186394,6,4.386,-3.657,0.000,1,4.880,2,4.099,3,5.495,4,5.998,255,0,0,0,0
1671457443157,0,186394,6,4.386,-3.657,0.000,1,4.880,2,4.099,3,5.495,4,5.998,255,0,0,0,0
1671457443204,47,186441,6,4.386,-3.657,0.000,1,4.880,2,4.099,3,5.495,4,5.998,255,0,0,0,0
1671457443265,61,186502,6,4.386,-3.657,0.000,1,4.867,2,4.099,3,5.500,4,5.998,255,0,0,0,0
1671457443297,32,186534,6,4.388,-3.659,0.000,1,4.867,2,4.099,3,5.500,4,5.998,255,0,0,0,0
1671457443326,29,186563,6,4.389,-3.658,0.000,1,4.867,2,4.099,3,5.500,4,5.998,255,0,0,0,0
1671457443389,63,186626,6,4.389,-3.658,0.000,1,4.869,2,4.110,3,5.500,4,5.998,255,0,0,0,0
1671457443389,0,186626,6,4.389,-3.658,0.000,1,4.869,2,4.110,3,5.500,4,5.998,255,0,0,0,0
1671457443419,30,186656,6,4.389,-3.658,0.000,1,4.869,2,4.110,3,5.506,4,5.998,255,0,0,0,0
1671457443436,17,186673,6,4.381,-3.663,0.000,1,4.869,2,4.110,3,5.506,4,5.998,255,0,0,0,0
1671457443465,29,186702,6,4.381,-3.663,0.000,1,4.869,2,4.110,3,5.506,4,5.998,255,0,0,0,0
1671457443532,67,186769,6,4.381,-3.663,0.000,1,4.869,2,4.110,3,5.506,4,5.998,255,0,0,0,0
1671457443541,9,186778,6,4.381,-3.663,0.000,1,4.867,2,4.110,3,5.495,4,5.998,255,0,0,0,0
1671457443542,1,186779,6,4.352,-3.612,0.000,1,4.867,2,4.110,3,5.495,4,5.998,255,0,0,0,0
1671457443603,61,186840,6,4.352,-3.612,0.000,1,4.867,2,4.110,3,5.495,4,5.998,255,0,0,0,0
1671457443633,30,186870,6,4.352,-3.612,0.000,1,4.867,2,4.121,3,5.503,4,5.998,255,0,0,0,0
1671457443685,52,186922,6,4.335,-3.516,0.000,1,4.867,2,4.121,3,5.503,4,5.998,255,0,0,0,0
1671457443710,25,186947,6,4.335,-3.516,0.000,1,4.867,2,4.121,3,5.503,4,5.998,255,0,0,0,0
1671457443740,30,186977,6,4.335,-3.516,0.000,1,4.867,2,4.124,3,5.492,4,5.998,255,0,0,0,0
1671457443740,0,186977,6,4.335,-3.516,0.000,1,4.867,2,4.124,3,5.492,4,5.998,255,0,0,0,0
1671457443801,61,187038,6,4.335,-3.516,0.000,1,4.867,2,4.124,3,5.492,4,5.998,255,0,0,0,0
1671457443833,32,187070,6,4.379,-3.612,0.000,1,4.867,2,4.124,3,5.492,4,5.998,255,0,0,0,0
1671457443924,91,187161,6,4.379,-3.612,0.000,1,4.872,2,4.116,3,5.506,4,5.998,255,0,0,0,0
1671457443954,30,187191,6,4.379,-3.612,0.000,1,4.872,2,4.116,3,5.506,4,5.998,255,0,0,0,0
1671457443985,31,187222,6,4.379,-3.612,0.000,1,4.872,2,4.116,3,5.506,4,5.998,255,0,0,0,0
1671457443986,1,187223,6,4.384,-3.630,0.000,1,4.872,2,4.116,3,5.506,4,5.998,255,0,0,0,0
1671457444016,30,187253,6,4.384,-3.630,0.000,1,4.872,2,4.116,3,5.506,4,5.998,255,0,0,0,0
1671457444046,30,187283,6,4.392,-3.656,0.000,1,4.872,2,4.116,3,5.506,4,5.998,255,0,0,0,0
1671457444092,46,187329,6,4.392,-3.656,0.000,1,4.872,2,4.105,3,5.503,4,5.998,255,0,0,0,0
1671457444167,75,187404,6,4.392,-3.656,0.000,1,4.869,2,4.097,3,5.489,4,5.998,255,0,0,0,0
1671457444190,23,187427,6,4.392,-3.656,0.000,1,4.869,2,4.097,3,5.489,4,5.998,255,0,0,0,0
1671457444190,0,187427,6,4.392,-3.656,0.000,1,4.869,2,4.097,3,5.489,4,5.998,255,0,0,0,0
1671457444232,42,187469,6,4.395,-3.665,0.000,1,4.869,2,4.097,3,5.489,4,5.998,255,0,0,0,0
1671457444273,41,187510,6,4.395,-3.665,0.000,1,4.867,2,4.110,3,5.481,4,5.992,255,0,0,0,0
1671457444300,27,187537,6,4.333,-3.654,0.000,1,4.867,2,4.110,3,5.481,4,5.992,255,0,0,0,0
1671457444342,42,187579,6,4.333,-3.654,0.000,1,4.867,2,4.110,3,5.481,4,5.992,255,0,0,0,0
1671457444365,23,187602,6,4.333,-3.654,0.000,1,4.869,2,4.091,3,5.492,4,5.998,255,0,0,0,0
1671457444365,0,187602,6,4.333,-3.654,0.000,1,4.869,2,4.091,3,5.492,4,5.998,255,0,0,0,0
1671457444394,29,187631,6,4.333,-3.654,0.000,1,4.869,2,4.091,3,5.492,4,5.998,255,0,0,0,0
1671457444449,55,187686,6,4.378,-3.630,0.000,1,4.869,2,4.091,3,5.492,4,5.998,255,0,0,0,0
1671457444470,21,187707,6,4.378,-3.630,0.000,1,4.869,2,4.091,3,5.492,4,5.998,255,0,0,0,0
1671457444514,44,187751,6,4.378,-3.630,0.000,1,4.869,2,4.088,3,5.495,4,5.998,255,0,0,0,0
1671457444530,16,187767,6,4.378,-3.630,0.000,1,4.869,2,4.088,3,5.495,4,5.998,255,0,0,0,0
1671457444530,0,187767,6,4.378,-3.630,0.000,1,4.869,2,4.088,3,5.495,4,5.998,255,0,0,0,0
1671457444562,32,187799,6,4.326,-3.659,0.000,1,4.869,2,4.088,3,5.495,4,5.998,255,0,0,0,0
1671457444637,75,187874,6,4.326,-3.659,0.000,1,4.869,2,4.088,3,5.495,4,5.998,255,0,0,0,0
1671457444670,33,187907,6,4.326,-3.659,0.000,1,4.867,2,4.088,3,5.495,4,5.998,255,0,0,0,0
1671457444728,58,187965,6,4.382,-3.670,0.000,1,4.867,2,4.088,3,5.495,4,5.998,255,0,0,0,0
1671457444803,75,188040,6,4.382,-3.670,0.000,1,4.864,2,4.072,3,5.492,4,5.998,255,0,0,0,0
1671457444803,0,188040,6,4.382,-3.670,0.000,1,4.864,2,4.072,3,5.492,4,5.998,255,0,0,0,0
1671457444833,30,188070,6,4.382,-3.670,0.000,1,4.864,2,4.072,3,5.492,4,5.998,255,0,0,0,0
1671457444911,78,188148,6,4.382,-3.670,0.000,1,4.864,2,4.072,3,5.492,4,5.998,255,0,0,0,0
1671457444971,60,188208,6,4.382,-3.670,0.000,1,4.864,2,4.072,3,5.492,4,5.998,255,0,0,0,0
1671457445139,168,188376,6,4.383,-3.674,0.000,1,4.864,2,4.072,3,5.492,4,5.998,255,0,0,0,0
1671457445139,0,188376,6,4.383,-3.674,0.000,1,4.864,2,4.072,3,5.492,4,5.998,255,0,0,0,0
1671457445169,30,188406,6,4.383,-3.674,0.000,1,4.864,2,4.072,3,5.492,4,5.998,255,0,0,0,0
1671457445184,15,188421,6,4.373,-3.649,0.000,1,4.864,2,4.072,3,5.492,4,5.998,255,0,0,0,0
1671457445217,33,188454,6,4.373,-3.649,0.000,1,4.864,2,4.072,3,5.492,4,5.998,255,0,0,0,0
1671457445278,61,188515,6,4.364,-3.632,0.000,1,4.864,2,4.072,3,5.492,4,5.998,255,0,0,0,0
1671457445323,45,188560,6,4.364,-3.632,0.000,1,4.867,2,4.074,3,5.495,4,5.998,255,0,0,0,0
1671457445323,0,188560,6,4.365,-3.631,0.000,1,4.867,2,4.074,3,5.495,4,5.998,255,0,0,0,0
1671457445353,30,188590,6,4.365,-3.631,0.000,1,4.867,2,4.074,3,5.495,4,5.998,255,0,0,0,0
1671457445391,38,188628,6,4.365,-3.631,0.000,1,4.869,2,4.074,3,5.481,4,6.003,255,0,0,0,0
1671457445433,42,188670,6,4.386,-3.679,0.000,1,4.869,2,4.074,3,5.481,4,6.003,255,0,0,0,0
1671457445459,26,188696,6,4.386,-3.679,0.000,1,4.869,2,4.074,3,5.481,4,6.003,255,0,0,0,0
1671457445490,31,188727,6,4.386,-3.679,0.000,1,4.880,2,4.077,3,5.495,4,6.003,255,0,0,0,0
1671457445490,0,188727,6,4.386,-3.679,0.000,1,4.880,2,4.077,3,5.495,4,6.003,255,0,0,0,0
1671457445551,61,188788,6,4.386,-3.679,0.000,1,4.880,2,4.077,3,5.495,4,6.003,255,0,0,0,0
1671457445583,32,188820,6,4.334,-3.588,0.000,1,4.880,2,4.077,3,5.495,4,6.003,255,0,0,0,0
1671457445609,26,188846,6,4.334,-3.588,0.000,1,4.869,2,4.077,3,5.492,4,6.003,255,0,0,0,0
1671457445654,45,188891,6,4.334,-3.588,0.000,1,4.869,2,4.077,3,5.492,4,5.998,255,0,0,0,0
1671457445673,19,188910,6,4.334,-3.588,0.000,1,4.869,2,4.077,3,5.492,4,5.998,255,0,0,0,0
1671457445674,1,188911,6,4.323,-3.644,0.000,1,4.869,2,4.077,3,5.492,4,5.998,255,0,0,0,0
1671457445735,61,188972,6,4.323,-3.644,0.000,1,4.869,2,4.077,3,5.492,4,5.998,255,0,0,0,0
1671457445780,45,189017,6,4.323,-3.644,0.000,1,4.869,2,4.077,3,5.492,4,5.998,255,0,0,0,0
1671457445888,108,189125,6,4.323,-3.644,0.000,1,4.869,2,4.074,3,5.495,4,5.992,255,0,0,0,0
1671457445920,32,189157,6,4.313,-3.674,0.000,1,4.869,2,4.074,3,5.495,4,5.992,255,0,0,0,0
1671457445981,61,189218,6,4.313,-3.674,0.000,1,4.869,2,4.080,3,5.498,4,5.998,255,0,0,0,0
1671457445981,0,189218,6,4.313,-3.674,0.000,1,4.869,2,4.080,3,5.498,4,5.998,255,0,0,0,0
1671457446012,31,189249,6,4.313,-3.674,0.000,1,4.867,2,4.080,3,5.503,4,5.998,255,0,0,0,0
1671457446045,33,189282,6,4.371,-3.682,0.000,1,4.867,2,4.080,3,5.503,4,5.998,255,0,0,0,0
1671457446059,14,189296,6,4.381,-3.682,0.000,1,4.867,2,4.080,3,5.503,4,5.998,255,0,0,0,0
1671457446135,76,189372,6,4.381,-3.682,0.000,1,4.867,2,4.080,3,5.503,4,5.998,255,0,0,0,0
1671457446156,21,189393,6,4.381,-3.682,0.000,1,4.864,2,4.080,3,5.495,4,5.998,255,0,0,0,0
1671457446156,0,189393,6,4.381,-3.682,0.000,1,4.864,2,4.080,3,5.495,4,5.998,255,0,0,0,0
1671457446200,44,189437,6,4.395,-3.692,0.000,1,4.864,2,4.080,3,5.495,4,5.998,255,0,0,0,0
1671457446229,29,189466,6,4.395,-3.692,0.000,1,4.864,2,4.080,3,5.495,4,5.998,255,0,0,0,0
1671457446259,30,189496,6,4.395,-3.692,0.000,1,4.864,2,4.080,3,5.495,4,5.998,255,0,0,0,0
1671457446276,17,189513,6,4.391,-3.684,0.000,1,4.864,2,4.080,3,5.495,4,5.998,255,0,0,0,0
1671457446306,30,189543,6,4.391,-3.684,0.000,1,4.864,2,4.080,3,5.495,4,5.998,255,0,0,0,0
1671457446306,0,189543,6,4.391,-3.684,0.000,1,4.864,2,4.080,3,5.495,4,5.998,255,0,0,0,0
1671457446367,61,189604,6,4.391,-3.684,0.000,1,4.864,2,4.080,3,5.495,4,5.998,255,0,0,0,0
1671457446429,62,189666,6,4.391,-3.684,0.000,1,4.864,2,4.080,3,5.506,4,5.998,255,0,0,0,0
1671457446459,30,189696,6,4.322,-3.695,0.000,1,4.864,2,4.080,3,5.506,4,5.998,255,0,0,0,0
1671457446484,25,189721,6,4.322,-3.695,0.000,1,4.864,2,4.077,3,5.495,4,5.998,255,0,0,0,0
1671457446552,68,189789,6,4.322,-3.695,0.000,1,4.864,2,4.077,3,5.495,4,5.998,255,0,0,0,0
1671457446552,0,189789,6,4.322,-3.695,0.000,1,4.864,2,4.077,3,5.495,4,5.998,255,0,0,0,0
1671457446583,31,189820,6,4.323,-3.634,0.000,1,4.864,2,4.077,3,5.495,4,5.998,255,0,0,0,0
1671457446643,60,189880,6,4.323,-3.634,0.000,1,4.864,2,4.077,3,5.495,4,5.998,255,0,0,0,0
1671457446675,32,189912,6,4.323,-3.634,0.000,1,4.864,2,4.077,3,5.495,4,5.998,255,0,0,0,0
1671457446705,30,189942,6,4.316,-3.507,0.000,1,4.864,2,4.077,3,5.495,4,5.998,255,0,0,0,0
1671457446721,16,189958,6,4.316,-3.507,0.000,1,4.878,2,4.077,3,5.495,4,5.998,255,0,0,0,0
1671457446721,0,189958,6,4.316,-3.507,0.000,1,4.878,2,4.077,3,5.495,4,5.998,255,0,0,0,0
1671457446767,46,190004,6,4.316,-3.507,0.000,1,4.878,2,4.077,3,5.495,4,5.998,255,0,0,0,0
1671457446830,63,190067,6,4.383,-3.667,0.000,1,4.878,2,4.077,3,5.495,4,5.998,255,0,0,0,0
1671457446890,60,190127,6,4.383,-3.667,0.000,1,4.880,2,4.080,3,5.503,4,5.998,255,0,0,0,0
1671457446920,30,190157,6,4.383,-3.667,0.000,1,4.880,2,4.080,3,5.503,4,5.998,255,0,0,0,0
1671457446967,47,190204,6,4.383,-3.667,0.000,1,4.880,2,4.080,3,5.503,4,5.998,255,0,0,0,0
1671457446967,0,190204,6,4.383,-3.667,0.000,1,4.880,2,4.080,3,5.503,4,5.998,255,0,0,0,0
1671457447016,49,190253,6,4.324,-3.517,0.000,1,4.883,2,4.080,3,5.500,4,6.003,255,0,0,0,0
1671457447077,61,190314,6,4.324,-3.517,0.000,1,4.883,2,4.080,3,5.500,4,6.003,255,0,0,0,0
1671457447108,31,190345,6,4.376,-3.647,0.000,1,4.878,2,4.080,3,5.500,4,6.003,255,0,0,0,0
1671457447136,28,190373,6,4.376,-3.647,0.000,1,4.878,2,4.083,3,5.506,4,5.998,255,0,0,0,0
1671457447152,16,190389,6,4.376,-3.647,0.000,1,4.878,2,4.083,3,5.506,4,5.998,255,0,0,0,0
1671457447152,0,190389,6,4.376,-3.647,0.000,1,4.878,2,4.083,3,5.506,4,5.998,255,0,0,0,0
1671457447213,61,190450,6,4.390,-3.691,0.000,1,4.878,2,4.083,3,5.506,4,5.998,255,0,0,0,0
1671457447244,31,190481,6,4.390,-3.691,0.000,1,4.880,2,4.102,3,5.506,4,5.998,255,0,0,0,0
1671457447305,61,190542,6,4.390,-3.691,0.000,1,4.880,2,4.102,3,5.506,4,5.998,255,0,0,0,0
1671457447336,31,190573,6,4.394,-3.695,0.000,1,4.880,2,4.102,3,5.506,4,5.998,255,0,0,0,0
1671457447367,31,190604,6,4.394,-3.695,0.000,1,4.880,2,4.083,3,5.506,4,5.998,255,0,0,0,0
1671457447368,1,190605,6,4.394,-3.695,0.000,1,4.880,2,4.083,3,5.506,4,5.998,255,0,0,0,0
1671457447402,34,190639,6,4.394,-3.695,0.000,1,4.880,2,4.083,3,5.506,4,5.998,255,0,0,0,0
1671457447430,28,190667,6,4.395,-3.677,0.000,1,4.880,2,4.083,3,5.506,4,5.998,255,0,0,0,0
1671457447475,45,190712,6,4.395,-3.677,0.000,1,4.880,2,4.083,3,5.506,4,5.998,255,0,0,0,0
1671457447537,62,190774,6,4.395,-3.677,0.000,1,4.872,2,4.085,3,5.506,4,5.998,255,0,0,0,0
1671457447568,31,190805,6,4.395,-3.677,0.000,1,4.872,2,4.085,3,5.506,4,5.998,255,0,0,0,0
1671457447568,0,190805,6,4.395,-3.677,0.000,1,4.872,2,4.085,3,5.506,4,5.998,255,0,0,0,0
1671457447622,54,190859,6,4.395,-3.691,0.000,1,4.872,2,4.085,3,5.506,4,5.998,255,0,0,0,0
1671457447646,24,190883,6,4.395,-3.691,0.000,1,4.872,2,4.085,3,5.495,4,5.998,255,0,0,0,0
1671457447678,32,190915,6,4.395,-3.690,0.000,1,4.872,2,4.085,3,5.495,4,5.998,255,0,0,0,0
1671457447728,50,190965,6,4.395,-3.690,0.000,1,4.872,2,4.085,3,5.495,4,5.998,255,0,0,0,0
1671457447771,43,191008,6,4.395,-3.690,0.000,1,4.872,2,4.080,3,5.506,4,5.998,255,0,0,0,0
1671457447771,0,191008,6,4.395,-3.690,0.000,1,4.872,2,4.080,3,5.506,4,5.998,255,0,0,0,0
1671457447796,25,191033,6,4.395,-3.690,0.000,1,4.872,2,4.080,3,5.506,4,5.998,255,0,0,0,0
1671457447803,7,191040,6,4.359,-3.683,0.000,1,4.872,2,4.080,3,5.506,4,5.998,255,0,0,0,0
1671457447832,29,191069,6,4.359,-3.683,0.000,1,4.872,2,4.080,3,5.506,4,5.998,255,0,0,0,0
1671457447892,60,191129,6,4.359,-3.683,0.000,1,4.872,2,4.080,3,5.506,4,5.998,255,0,0,0,0
1671457447949,57,191186,6,4.359,-3.683,0.000,1,4.872,2,4.080,3,5.506,4,5.998,255,0,0,0,0
1671457447949,0,191186,6,4.381,-3.690,0.000,1,4.872,2,4.080,3,5.506,4,5.998,255,0,0,0,0
1671457447971,22,191208,6,4.381,-3.690,0.000,1,4.869,2,4.080,3,5.500,4,5.998,255,0,0,0,0
1671457448014,43,191251,6,4.381,-3.690,0.000,1,4.872,2,4.080,3,5.503,4,5.998,255,0,0,0,0
1671457448031,17,191268,6,4.381,-3.690,0.000,1,4.872,2,4.080,3,5.503,4,5.998,255,0,0,0,0
1671457448092,61,191329,6,4.395,-3.696,0.000,1,4.872,2,4.080,3,5.503,4,5.998,255,0,0,0,0
1671457448121,29,191358,6,4.395,-3.696,0.000,1,4.844,2,4.080,3,5.495,4,5.998,255,0,0,0,0
1671457448121,0,191358,6,4.395,-3.696,0.000,1,4.844,2,4.080,3,5.495,4,5.998,255,0,0,0,0
1671457448169,48,191406,6,4.395,-3.696,0.000,1,4.844,2,4.080,3,5.495,4,5.998,255,0,0,0,0
1671457448199,30,191436,6,4.333,-3.504,0.000,1,4.844,2,4.080,3,5.495,4,5.998,255,0,0,0,0
1671457448230,31,191467,6,4.333,-3.504,0.000,1,4.844,2,4.080,3,5.495,4,5.998,255,0,0,0,0
1671457448280,50,191517,6,4.333,-3.504,0.000,1,4.878,2,4.077,3,5.495,4,5.998,255,0,0,0,0
1671457448338,58,191575,6,4.333,-3.504,0.000,1,4.878,2,4.077,3,5.495,4,5.998,255,0,0,0,0
1671457448339,1,191576,6,4.330,-3.579,0.000,1,4.878,2,4.077,3,5.495,4,5.998,255,0,0,0,0
1671457448399,60,191636,6,4.330,-3.579,0.000,1,4.869,2,4.080,3,5.495,4,5.998,255,0,0,0,0
1671457448430,31,191667,6,4.330,-3.579,0.000,1,4.869,2,4.080,3,5.495,4,5.998,255,0,0,0,0
1671457448453,23,191690,6,4.330,-3.579,0.000,1,4.869,2,4.080,3,5.495,4,5.998,255,0,0,0,0
1671457448463,10,191700,6,4.321,-3.584,0.000,1,4.880,2,4.080,3,5.500,4,5.998,255,0,0,0,0
1671457448496,33,191733,6,4.321,-3.584,0.000,1,4.880,2,4.080,3,5.500,4,5.998,255,0,0,0,0
1671457448496,0,191733,6,4.321,-3.584,0.000,1,4.880,2,4.080,3,5.500,4,5.998,255,0,0,0,0
1671457448554,58,191791,6,4.321,-3.666,0.000,1,4.880,2,4.080,3,5.500,4,5.998,255,0,0,0,0
1671457448603,49,191840,6,4.321,-3.666,0.000,1,4.880,2,4.080,3,5.500,4,5.998,255,0,0,0,0
1671457448644,41,191881,6,4.321,-3.666,0.000,1,4.869,2,4.083,3,5.495,4,5.998,255,0,0,0,0
1671457448670,26,191907,6,4.321,-3.666,0.000,1,4.869,2,4.083,3,5.495,4,5.998,255,0,0,0,0
1671457448714,44,191951,6,4.321,-3.666,0.000,1,4.869,2,4.083,3,5.495,4,5.998,255,0,0,0,0
1671457448715,1,191952,6,4.320,-3.619,0.000,1,4.869,2,4.083,3,5.495,4,5.998,255,0,0,0,0
1671457448739,24,191976,6,4.320,-3.619,0.000,1,4.875,2,4.083,3,5.495,4,5.998,255,0,0,0,0
1671457448768,29,192005,6,4.320,-3.619,0.000,1,4.875,2,4.083,3,5.503,4,5.998,255,0,0,0,0
1671457448821,53,192058,6,4.322,-3.668,0.000,1,4.875,2,4.083,3,5.503,4,5.998,255,0,0,0,0
1671457448846,25,192083,6,4.322,-3.668,0.000,1,4.875,2,4.083,3,5.503,4,5.998,255,0,0,0,0
1671457448909,63,192146,6,4.322,-3.668,0.000,1,4.872,2,4.085,3,5.495,4,5.998,255,0,0,0,0
1671457448909,0,192146,6,4.322,-3.668,0.000,1,4.872,2,4.085,3,5.495,4,5.998,255,0,0,0,0
1671457448938,29,192175,6,4.322,-3.668,0.000,1,4.872,2,4.085,3,5.495,4,5.998,255,0,0,0,0
1671457448971,33,192208,6,4.322,-3.519,0.000,1,4.872,2,4.085,3,5.495,4,5.998,255,0,0,0,0
1671457449032,61,192269,6,4.322,-3.519,0.000,1,4.872,2,4.088,3,5.500,4,5.998,255,0,0,0,0
1671457449106,74,192343,6,4.383,-3.659,0.000,1,4.872,2,4.088,3,5.500,4,5.998,255,0,0,0,0
1671457449152,46,192389,6,4.383,-3.659,0.000,1,4.844,2,4.091,3,5.495,4,5.998,255,0,0,0,0
1671457449152,0,192389,6,4.383,-3.659,0.000,1,4.844,2,4.091,3,5.495,4,5.998,255,0,0,0,0
1671457449212,60,192449,6,4.383,-3.659,0.000,1,4.844,2,4.091,3,5.495,4,5.998,255,0,0,0,0
1671457449273,61,192510,6,4.383,-3.659,0.000,1,4.878,2,4.091,3,5.495,4,5.998,255,0,0,0,0
1671457449305,32,192542,6,4.389,-3.670,0.000,1,4.878,2,4.091,3,5.495,4,5.998,255,0,0,0,0
1671457449329,24,192566,6,4.389,-3.670,0.000,1,4.878,2,4.091,3,5.495,4,5.998,255,0,0,0,0
1671457449336,7,192573,6,4.389,-3.670,0.000,1,4.875,2,4.085,3,5.500,4,5.998,255,0,0,0,0
1671457449337,1,192574,6,4.363,-3.604,0.000,1,4.875,2,4.085,3,5.500,4,5.998,255,0,0,0,0
1671457449398,61,192635,6,4.363,-3.604,0.000,1,4.875,2,4.085,3,5.500,4,5.998,255,0,0,0,0
1671457449430,32,192667,6,4.324,-3.503,0.000,1,4.875,2,4.085,3,5.500,4,5.998,255,0,0,0,0
1671457449479,49,192716,6,4.324,-3.503,0.000,1,4.875,2,4.085,3,5.500,4,5.998,255,0,0,0,0
1671457449522,43,192759,6,4.324,-3.503,0.000,1,4.880,2,4.083,3,5.503,4,5.998,255,0,0,0,0
1671457449549,27,192786,6,4.324,-3.503,0.000,1,4.880,2,4.083,3,5.503,4,5.998,255,0,0,0,0
1671457449549,0,192786,6,4.324,-3.503,0.000,1,4.880,2,4.083,3,5.503,4,5.998,255,0,0,0,0
1671457449569,20,192806,6,4.365,-3.499,0.000,1,4.880,2,4.083,3,5.503,4,5.998,255,0,0,0,0
1671457449598,29,192835,6,4.365,-3.499,0.000,1,4.880,2,4.083,3,5.503,4,5.998,255,0,0,0,0
1671457449673,75,192910,6,4.365,-3.499,0.000,1,4.880,2,4.083,3,5.503,4,5.998,255,0,0,0,0
1671457449734,61,192971,6,4.393,-3.493,0.000,1,4.872,2,4.080,3,5.500,4,5.998,255,0,0,0,0
1671457449763,29,193000,6,4.393,-3.493,0.000,1,4.867,2,4.077,3,5.495,4,5.998,255,0,0,0,0
1671457449763,0,193000,6,4.393,-3.493,0.000,1,4.867,2,4.077,3,5.495,4,5.998,255,0,0,0,0
1671457449815,52,193052,6,4.393,-3.493,0.000,1,4.867,2,4.077,3,5.495,4,5.998,255,0,0,0,0
1671457449842,27,193079,6,4.410,-3.459,0.000,1,4.867,2,4.077,3,5.495,4,5.998,255,0,0,0,0
1671457449903,61,193140,6,4.410,-3.459,0.000,1,4.875,2,4.072,3,5.500,4,5.998,255,0,0,0,0
1671457449935,32,193172,6,4.410,-3.459,0.000,1,4.875,2,4.072,3,5.500,4,5.998,255,0,0,0,0
1671457450012,77,193249,6,4.410,-3.459,0.000,1,4.875,2,4.072,3,5.500,4,5.998,255,0,0,0,0
1671457450013,1,193250,6,4.379,-3.598,0.000,1,4.875,2,4.072,3,5.500,4,5.998,255,0,0,0,0
1671457450044,31,193281,6,4.379,-3.598,0.000,1,4.867,2,4.088,3,5.495,4,5.998,255,0,0,0,0
1671457450106,62,193343,6,4.379,-3.598,0.000,1,4.867,2,4.088,3,5.495,4,5.998,255,0,0,0,0
1671457450152,46,193389,6,4.390,-3.686,0.000,1,4.872,2,4.110,3,5.481,4,5.998,255,0,0,0,0
1671457450213,61,193450,6,4.390,-3.686,0.000,1,4.872,2,4.110,3,5.481,4,5.998,255,0,0,0,0
1671457450244,31,193481,6,4.390,-3.686,0.000,1,4.864,2,4.085,3,5.495,4,5.998,255,0,0,0,0
1671457450245,1,193482,6,4.387,-3.668,0.000,1,4.864,2,4.085,3,5.495,4,5.998,255,0,0,0,0
1671457450306,61,193543,6,4.387,-3.668,0.000,1,4.864,2,4.085,3,5.495,4,5.998,255,0,0,0,0
1671457450353,47,193590,6,4.387,-3.668,0.000,1,4.864,2,4.085,3,5.495,4,5.998,255,0,0,0,0
1671457450400,47,193637,6,4.383,-3.629,0.000,1,4.880,2,4.094,3,5.500,4,5.998,255,0,0,0,0
1671457450424,24,193661,6,4.383,-3.629,0.000,1,4.880,2,4.094,3,5.500,4,5.998,255,0,0,0,0
1671457450429,5,193666,6,4.383,-3.629,0.000,1,4.880,2,4.094,3,5.500,4,5.998,255,0,0,0,0
1671457450429,0,193666,6,4.370,-3.653,0.000,1,4.880,2,4.094,3,5.500,4,5.998,255,0,0,0,0
1671457450491,62,193728,6,4.370,-3.653,0.000,1,4.880,2,4.094,3,5.500,4,5.998,255,0,0,0,0
1671457450522,31,193759,6,4.370,-3.653,0.000,1,4.867,2,4.094,3,5.503,4,5.998,255,0,0,0,0
1671457450571,49,193808,6,4.391,-3.673,0.000,1,4.867,2,4.094,3,5.503,4,5.998,255,0,0,0,0
1671457450598,27,193835,6,4.391,-3.673,0.000,1,4.867,2,4.094,3,5.503,4,5.998,255,0,0,0,0
1671457450639,41,193876,6,4.391,-3.673,0.000,1,4.872,2,4.094,3,5.492,4,5.998,255,0,0,0,0
1671457450639,0,193876,6,4.391,-3.673,0.000,1,4.872,2,4.094,3,5.492,4,5.998,255,0,0,0,0
1671457450660,21,193897,6,4.391,-3.673,0.000,1,4.872,2,4.094,3,5.492,4,5.998,255,0,0,0,0
1671457450691,31,193928,6,4.326,-3.679,0.000,1,4.872,2,4.094,3,5.492,4,5.998,255,0,0,0,0
1671457450769,78,194006,6,4.326,-3.679,0.000,1,4.872,2,4.094,3,5.492,4,5.998,255,0,0,0,0
1671457450829,60,194066,6,4.326,-3.679,0.000,1,4.864,2,4.097,3,5.500,4,5.998,255,0,0,0,0
1671457450876,47,194113,6,4.326,-3.679,0.000,1,4.864,2,4.097,3,5.500,4,5.998,255,0,0,0,0
1671457450876,0,194113,1,9.390,-3.685,2.220,255,0,0,0,0
1671457450876,0,194113,2,0.003,-3.685,2.220,255,0,0,0,0
1671457450876,0,194113,3,0.003,0.000,2.220,255,0,0,0,0
1671457450876,0,194113,4,9.390,0.000,2.220,255,0,0,0,0
1671457450877,1,194114,6,4.351,-3.674,0.000,1,4.864,2,4.097,3,5.500,4,5.998,255,0,0,0,0
1671457450907,30,194144,6,4.351,-3.674,0.000,1,4.864,2,4.097,3,5.500,4,5.998,255,0,0,0,0
1671457450966,59,194203,6,4.351,-3.674,0.000,1,4.867,2,4.094,3,5.495,4,5.998,255,0,0,0,0
1671457451030,64,194267,6,4.390,-3.669,0.000,1,4.880,2,4.094,3,5.500,4,5.998,255,0,0,0,0
1671457451060,30,194297,6,4.390,-3.669,0.000,1,4.880,2,4.094,3,5.500,4,5.998,255,0,0,0,0
1671457451092,32,194329,6,4.390,-3.669,0.000,1,4.880,2,4.094,3,5.500,4,5.998,255,0,0,0,0
1671457451093,1,194330,6,4.390,-3.669,0.000,1,4.880,2,4.094,3,5.500,4,5.998,255,0,0,0,0
1671457451124,31,194361,6,4.390,-3.669,0.000,1,4.864,2,4.094,3,5.506,4,5.998,255,0,0,0,0
1671457451186,62,194423,6,4.390,-3.669,0.000,1,4.864,2,4.094,3,5.506,4,5.998,255,0,0,0,0
1671457451202,16,194439,6,4.392,-3.674,0.000,1,4.864,2,4.094,3,5.506,4,5.998,255,0,0,0,0
1671457451279,77,194516,6,4.392,-3.674,0.000,1,4.864,2,4.094,3,5.506,4,5.998,255,0,0,0,0
1671457451310,31,194547,6,4.392,-3.674,0.000,1,4.872,2,4.088,3,5.506,4,5.998,255,0,0,0,0
1671457451310,0,194547,6,4.392,-3.674,0.000,1,4.872,2,4.088,3,5.506,4,5.998,255,0,0,0,0
1671457451343,33,194580,6,4.401,-3.696,0.000,1,4.872,2,4.088,3,5.506,4,5.998,255,0,0,0,0
1671457451401,58,194638,6,4.401,-3.696,0.000,1,4.872,2,4.088,3,5.506,4,5.998,255,0,0,0,0
1671457451448,47,194685,6,4.401,-3.696,0.000,1,4.872,2,4.088,3,5.500,4,5.998,255,0,0,0,0
1671457451480,32,194717,6,4.322,-3.501,0.000,1,4.872,2,4.088,3,5.500,4,5.998,255,0,0,0,0
1671457451516,36,194753,6,4.322,-3.501,0.000,1,4.872,2,4.083,3,5.495,4,5.998,255,0,0,0,0
1671457451516,0,194753,6,4.322,-3.501,0.000,1,4.872,2,4.083,3,5.495,4,5.998,255,0,0,0,0
1671457451541,25,194778,6,4.322,-3.501,0.000,1,4.872,2,4.083,3,5.495,4,5.998,255,0,0,0,0
1671457451604,63,194841,6,4.395,-3.688,0.000,1,4.872,2,4.083,3,5.495,4,5.998,255,0,0,0,0
1671457451649,45,194886,6,4.395,-3.688,0.000,1,4.878,2,4.088,3,5.503,4,5.998,255,0,0,0,0
1671457451712,63,194949,6,4.395,-3.688,0.000,1,4.878,2,4.088,3,5.503,4,5.998,255,0,0,0,0
1671457451737,25,194974,6,4.395,-3.688,0.000,1,4.872,2,4.080,3,5.503,4,5.998,255,0,0,0,0
1671457451737,0,194974,6,4.382,-3.654,0.000,1,4.872,2,4.080,3,5.503,4,5.998,255,0,0,0,0
1671457451776,39,195013,6,4.382,-3.654,0.000,1,4.872,2,4.080,3,5.503,4,5.998,255,0,0,0,0
1671457451804,28,195041,6,4.382,-3.654,0.000,1,4.872,2,4.080,3,5.503,4,5.998,255,0,0,0,0
1671457451897,93,195134,6,4.393,-3.679,0.000,1,4.872,2,4.080,3,5.503,4,5.998,255,0,0,0,0
1671457451927,30,195164,6,4.393,-3.679,0.000,1,4.872,2,4.080,3,5.503,4,5.998,255,0,0,0,0
1671457451958,31,195195,6,4.393,-3.679,0.000,1,4.880,2,4.080,3,5.503,4,5.998,255,0,0,0,0
1671457451958,0,195195,6,4.393,-3.679,0.000,1,4.880,2,4.080,3,5.503,4,5.998,255,0,0,0,0
1671457451995,37,195232,6,4.394,-3.691,0.000,1,4.872,2,4.083,3,5.503,4,5.998,255,0,0,0,0
1671457452020,25,195257,6,4.394,-3.691,0.000,1,4.872,2,4.083,3,5.503,4,5.998,255,0,0,0,0
1671457452050,30,195287,6,4.394,-3.691,0.000,1,4.872,2,4.083,3,5.503,4,5.998,255,0,0,0,0
1671457452103,53,195340,6,4.394,-3.691,0.000,1,4.872,2,4.083,3,5.503,4,5.998,255,0,0,0,0
1671457452144,41,195381,6,4.394,-3.691,0.000,1,4.864,2,4.083,3,5.503,4,5.998,255,0,0,0,0
1671457452144,0,195381,6,4.394,-3.691,0.000,1,4.864,2,4.083,3,5.503,4,5.998,255,0,0,0,0
1671457452171,27,195408,6,4.394,-3.691,0.000,1,4.864,2,4.083,3,5.503,4,5.998,255,0,0,0,0
1671457452190,19,195427,6,4.394,-3.689,0.000,1,4.864,2,4.083,3,5.503,4,5.998,255,0,0,0,0
1671457452282,92,195519,6,4.394,-3.689,0.000,1,4.864,2,4.083,3,5.503,4,5.998,255,0,0,0,0
1671457452298,16,195535,6,4.394,-3.689,0.000,1,4.869,2,4.085,3,5.904,4,5.998,255,0,0,0,0
1671457452361,63,195598,6,4.394,-3.689,0.000,1,4.869,2,4.085,3,5.904,4,5.998,255,0,0,0,0
1671457452361,0,195598,6,4.394,-3.689,0.000,1,4.869,2,4.085,3,5.904,4,5.998,255,0,0,0,0
1671457452392,31,195629,6,4.394,-3.689,0.000,1,4.878,2,4.085,3,5.901,4,5.998,255,0,0,0,0
1671457452408,16,195645,6,4.394,-3.689,0.000,1,4.878,2,4.085,3,5.901,4,5.998,255,0,0,0,0
1671457452470,62,195707,6,4.272,-3.518,0.000,1,4.878,2,4.085,3,5.901,4,5.998,255,0,0,0,0
1671457452499,29,195736,6,4.272,-3.518,0.000,1,4.872,2,4.088,3,5.498,4,5.998,255,0,0,0,0
1671457452560,61,195797,6,4.272,-3.518,0.000,1,4.872,2,4.088,3,5.498,4,5.998,255,0,0,0,0
1671457452560,0,195797,6,4.272,-3.518,0.000,1,4.872,2,4.088,3,5.498,4,5.998,255,0,0,0,0
1671457452592,32,195829,6,4.642,-3.495,0.000,1,4.872,2,4.088,3,5.498,4,5.998,255,0,0,0,0
1671457452623,31,195860,6,4.642,-3.495,0.000,1,4.867,2,4.088,3,5.500,4,5.998,255,0,0,0,0
1671457452653,30,195890,6,4.642,-3.495,0.000,1,4.867,2,4.088,3,5.500,4,5.998,255,0,0,0,0
1671457452718,65,195955,6,4.345,-3.503,0.000,1,4.867,2,4.088,3,5.500,4,5.998,255,0,0,0,0
1671457452778,60,196015,6,4.345,-3.503,0.000,1,4.883,2,4.085,3,5.503,4,5.998,255,0,0,0,0
1671457452778,0,196015,6,4.345,-3.503,0.000,1,4.883,2,4.085,3,5.503,4,5.998,255,0,0,0,0
1671457452808,30,196045,6,4.345,-3.503,0.000,1,4.883,2,4.085,3,5.503,4,5.998,255,0,0,0,0
1671457452839,31,196076,6,4.345,-3.503,0.000,1,4.880,2,4.080,3,5.506,4,5.998,255,0,0,0,0
1671457452873,34,196110,6,4.393,-3.692,0.000,1,4.880,2,4.080,3,5.506,4,5.998,255,0,0,0,0
1671457452930,57,196167,6,4.393,-3.692,0.000,1,4.880,2,4.080,3,5.506,4,5.998,255,0,0,0,0
1671457452930,0,196167,6,4.393,-3.692,0.000,1,4.880,2,4.080,3,5.506,4,5.998,255,0,0,0,0
1671457452982,52,196219,6,4.317,-3.516,0.000,1,4.880,2,4.080,3,5.506,4,5.998,255,0,0,0,0
1671457453021,39,196258,6,4.317,-3.516,0.000,1,4.880,2,4.077,3,5.503,4,5.998,255,0,0,0,0
1671457453046,25,196283,6,4.317,-3.516,0.000,1,4.880,2,4.077,3,5.503,4,5.998,255,0,0,0,0
1671457453088,42,196325,6,4.388,-3.490,0.000,1,4.880,2,4.077,3,5.503,4,5.998,255,0,0,0,0
1671457453113,25,196350,6,4.388,-3.490,0.000,1,4.872,2,4.077,3,5.503,4,5.998,255,0,0,0,0
1671457453113,0,196350,6,4.388,-3.490,0.000,1,4.872,2,4.077,3,5.503,4,5.998,255,0,0,0,0
1671457453144,31,196381,6,4.388,-3.490,0.000,1,4.872,2,4.077,3,5.500,4,5.998,255,0,0,0,0
1671457453199,55,196436,6,4.395,-3.492,0.000,1,4.872,2,4.077,3,5.500,4,5.998,255,0,0,0,0
1671457453220,21,196457,6,4.395,-3.492,0.000,1,4.872,2,4.077,3,5.500,4,5.998,255,0,0,0,0
1671457453250,30,196487,6,4.395,-3.492,0.000,1,4.864,2,4.088,3,5.918,4,5.998,255,0,0,0,0
1671457453281,31,196518,6,4.395,-3.492,0.000,1,4.864,2,4.088,3,5.918,4,5.998,255,0,0,0,0
1671457453281,0,196518,6,4.395,-3.492,0.000,1,4.864,2,4.088,3,5.918,4,5.998,255,0,0,0,0
1671457453376,95,196613,6,4.392,-3.503,0.000,1,4.864,2,4.088,3,5.918,4,5.998,255,0,0,0,0
1671457453404,28,196641,6,4.392,-3.503,0.000,1,4.864,2,4.088,3,6.018,4,5.998,255,0,0,0,0
1671457453466,62,196703,6,4.392,-3.503,0.000,1,4.864,2,4.088,3,6.018,4,5.998,255,0,0,0,0
1671457453497,31,196734,6,4.392,-3.503,0.000,1,4.878,2,4.080,3,5.506,4,5.998,255,0,0,0,0
1671457453533,36,196770,6,4.392,-3.503,0.000,1,4.878,2,4.080,3,5.506,4,5.998,255,0,0,0,0
1671457453535,2,196772,6,4.348,-3.511,0.000,1,4.878,2,4.080,3,5.506,4,5.998,255,0,0,0,0
1671457453590,55,196827,6,4.348,-3.511,0.000,1,4.878,2,4.080,3,5.506,4,5.998,255,0,0,0,0
1671457453651,61,196888,6,4.348,-3.511,0.000,1,4.878,2,4.088,3,5.514,4,5.998,255,0,0,0,0
1671457453682,31,196919,6,4.348,-3.511,0.000,1,4.878,2,4.088,3,5.514,4,5.998,255,0,0,0,0
1671457453704,22,196941,6,4.348,-3.511,0.000,1,4.878,2,4.088,3,5.514,4,5.998,255,0,0,0,0
1671457453714,10,196951,6,4.348,-3.511,0.000,1,4.883,2,4.088,3,5.514,4,5.998,255,0,0,0,0
1671457453715,1,196952,6,4.384,-3.598,0.000,1,4.883,2,4.088,3,5.514,4,5.998,255,0,0,0,0
1671457454229,514,197466,6,4.384,-3.598,0.000,1,4.883,2,4.088,3,5.514,4,5.998,255,0,0,0,0
1671457454252,23,197489,6,4.397,-3.682,0.000,1,4.883,2,4.088,3,5.514,4,5.998,255,0,0,0,0
1671457454343,91,197580,6,4.397,-3.682,0.000,1,4.883,2,4.088,3,5.514,4,5.998,255,0,0,0,0
1671457454403,60,197640,6,4.397,-3.682,0.000,1,4.883,2,4.088,3,5.514,4,5.998,255,0,0,0,0
1671457454432,29,197669,6,4.397,-3.682,0.000,1,4.883,2,4.088,3,5.514,4,5.998,255,0,0,0,0
1671457454432,0,197669,6,4.397,-3.682,0.000,1,4.883,2,4.088,3,5.514,4,5.998,255,0,0,0,0
1671457454463,31,197700,6,4.397,-3.682,0.000,1,4.878,2,4.091,3,5.503,4,5.998,255,0,0,0,0
1671457454494,31,197731,6,4.397,-3.682,0.000,1,4.878,2,4.091,3,5.511,4,5.998,255,0,0,0,0
1671457454570,76,197807,6,4.397,-3.682,0.000,1,4.878,2,4.091,3,5.511,4,5.998,255,0,0,0,0
1671457454585,15,197822,6,4.397,-3.682,0.000,1,4.869,2,4.094,3,5.506,4,5.998,255,0,0,0,0
1671457454647,62,197884,6,4.397,-3.682,0.000,1,4.869,2,4.094,3,5.506,4,5.998,255,0,0,0,0
1671457454647,0,197884,6,4.397,-3.682,0.000,1,4.869,2,4.094,3,5.506,4,5.998,255,0,0,0,0
1671457454679,32,197916,6,4.397,-3.682,0.000,1,4.869,2,4.094,3,5.506,4,5.998,255,0,0,0,0
1671457454747,68,197984,6,4.356,-3.583,0.000,1,4.869,2,4.094,3,5.506,4,5.998,255,0,0,0,0
1671457454771,24,198008,6,4.356,-3.583,0.000,1,4.869,2,4.097,3,5.511,4,5.998,255,0,0,0,0
1671457454798,27,198035,6,4.330,-3.501,0.000,1,4.869,2,4.097,3,5.511,4,5.998,255,0,0,0,0
1671457454816,18,198053,6,4.330,-3.501,0.000,1,4.869,2,4.097,3,5.511,4,5.998,255,0,0,0,0
1671457454817,1,198054,6,4.330,-3.501,0.000,1,4.869,2,4.097,3,5.511,4,5.998,255,0,0,0,0
1671457454879,62,198116,6,4.330,-3.501,0.000,1,4.869,2,4.097,3,5.511,4,5.998,255,0,0,0,0
1671457454926,47,198163,6,4.318,-3.666,0.000,1,4.869,2,4.097,3,5.511,4,5.998,255,0,0,0,0
1671457454970,44,198207,6,4.318,-3.666,0.000,1,4.872,2,4.099,3,5.506,4,5.998,255,0,0,0,0
1671457455139,169,198376,6,4.318,-3.666,0.000,1,4.869,2,4.099,3,5.511,4,5.998,255,0,0,0,0
1671457455139,0,198376,6,4.318,-3.666,0.000,1,4.869,2,4.099,3,5.511,4,5.998,255,0,0,0,0
1671457455201,62,198438,6,4.385,-3.689,0.000,1,4.878,2,4.110,3,5.511,4,5.998,255,0,0,0,0
1671457455246,45,198483,6,4.385,-3.689,0.000,1,4.869,2,4.113,3,5.506,4,5.998,255,0,0,0,0
1671457455277,31,198514,6,4.385,-3.689,0.000,1,4.869,2,4.113,3,5.506,4,5.998,255,0,0,0,0
1671457455339,62,198576,6,4.325,-3.484,0.000,1,4.869,2,4.113,3,5.506,4,5.998,255,0,0,0,0
1671457455368,29,198605,6,4.325,-3.484,0.000,1,4.869,2,4.105,3,5.511,4,5.998,255,0,0,0,0
1671457455368,0,198605,6,4.325,-3.484,0.000,1,4.869,2,4.105,3,5.511,4,5.998,255,0,0,0,0
1671457455430,62,198667,6,4.325,-3.484,0.000,1,4.869,2,4.105,3,5.511,4,5.998,255,0,0,0,0
1671457455456,26,198693,6,4.358,-3.596,0.000,1,4.869,2,4.105,3,5.511,4,5.998,255,0,0,0,0
1671457455475,19,198712,6,4.358,-3.596,0.000,1,4.872,2,4.105,3,5.506,4,5.998,255,0,0,0,0
1671457455536,61,198773,6,4.358,-3.596,0.000,1,4.872,2,4.105,3,5.506,4,5.998,255,0,0,0,0
1671457455565,29,198802,6,4.358,-3.596,0.000,1,4.872,2,4.105,3,5.506,4,5.998,255,0,0,0,0
1671457455566,1,198803,6,4.340,-3.648,0.000,1,4.872,2,4.105,3,5.506,4,5.998,255,0,0,0,0
1671457455581,15,198818,6,4.340,-3.648,0.000,1,4.869,2,4.108,3,5.506,4,5.998,255,0,0,0,0
1671457455658,77,198895,6,4.340,-3.648,0.000,1,4.869,2,4.108,3,5.506,4,5.998,255,0,0,0,0
1671457455689,31,198926,6,4.325,-3.668,0.000,1,4.869,2,4.108,3,5.506,4,5.998,255,0,0,0,0
1671457455749,60,198986,6,4.325,-3.668,0.000,1,4.869,2,4.108,3,5.506,4,5.998,255,0,0,0,0
1671457455780,31,199017,6,4.325,-3.668,0.000,1,4.869,2,4.080,3,5.511,4,5.998,255,0,0,0,0
1671457455780,0,199017,6,4.325,-3.668,0.000,1,4.869,2,4.080,3,5.511,4,5.998,255,0,0,0,0
1671457455832,52,199069,6,4.389,-3.661,0.000,1,4.869,2,4.080,3,5.511,4,5.998,255,0,0,0,0
1671457455902,70,199139,6,4.389,-3.661,0.000,1,4.872,2,4.102,3,5.500,4,5.998,255,0,0,0,0
1671457455936,34,199173,6,4.389,-3.661,0.000,1,4.872,2,4.102,3,5.500,4,5.998,255,0,0,0,0
1671457455963,27,199200,6,4.399,-3.704,0.000,1,4.872,2,4.102,3,5.500,4,5.998,255,0,0,0,0
1671457456008,45,199245,6,4.399,-3.704,0.000,1,4.878,2,4.105,3,5.503,4,5.998,255,0,0,0,0
1671457456008,0,199245,6,4.399,-3.704,0.000,1,4.878,2,4.105,3,5.503,4,5.998,255,0,0,0,0
1671457456069,61,199306,6,4.326,-3.500,0.000,1,4.878,2,4.105,3,5.503,4,5.998,255,0,0,0,0
1671457456099,30,199336,6,4.326,-3.500,0.000,1,4.872,2,4.102,3,5.506,4,5.998,255,0,0,0,0
1671457456151,52,199388,6,4.326,-3.500,0.000,1,4.872,2,4.102,3,5.506,4,5.998,255,0,0,0,0
1671457456176,25,199413,6,4.395,-3.648,0.000,1,4.872,2,4.102,3,5.506,4,5.998,255,0,0,0,0
1671457456206,30,199443,6,4.395,-3.648,0.000,1,4.872,2,4.102,3,5.506,4,5.998,255,0,0,0,0
1671457456206,0,199443,6,4.395,-3.648,0.000,1,4.872,2,4.102,3,5.506,4,5.998,255,0,0,0,0
1671457456282,76,199519,6,4.395,-3.648,0.000,1,4.883,2,4.108,3,5.506,4,5.998,255,0,0,0,0
1671457456313,31,199550,6,4.327,-3.673,0.000,1,4.883,2,4.108,3,5.506,4,5.998,255,0,0,0,0
1671457456343,30,199580,6,4.327,-3.673,0.000,1,4.872,2,4.108,3,5.506,4,5.998,255,0,0,0,0
1671457456404,61,199641,6,4.327,-3.673,0.000,1,4.872,2,4.108,3,5.506,4,5.998,255,0,0,0,0
1671457456434,30,199671,6,4.327,-3.673,0.000,1,4.872,2,4.108,3,5.506,4,5.998,255,0,0,0,0
1671457456435,1,199672,6,4.367,-3.668,0.000,1,4.872,2,4.108,3,5.506,4,5.998,255,0,0,0,0
1671457456450,15,199687,6,4.367,-3.668,0.000,1,4.878,2,4.108,3,5.506,4,5.998,255,0,0,0,0
1671457456527,77,199764,6,4.367,-3.668,0.000,1,4.878,2,4.108,3,5.506,4,5.998,255,0,0,0,0
1671457456550,23,199787,6,4.367,-3.668,0.000,1,4.878,2,4.108,3,5.506,4,5.998,255,0,0,0,0
1671457456558,8,199795,6,4.367,-3.668,0.000,1,4.872,2,4.108,3,5.506,4,5.998,255,0,0,0,0
1671457456617,59,199854,6,4.367,-3.668,0.000,1,4.872,2,4.108,3,5.506,4,5.998,255,0,0,0,0
1671457456617,0,199854,6,4.367,-3.668,0.000,1,4.872,2,4.108,3,5.506,4,5.998,255,0,0,0,0
1671457456650,33,199887,6,4.335,-3.666,0.000,1,4.872,2,4.108,3,5.511,4,5.998,255,0,0,0,0
1671457456664,14,199901,6,4.335,-3.666,0.000,1,4.872,2,4.108,3,5.511,4,5.998,255,0,0,0,0
1671457456742,78,199979,6,4.335,-3.666,0.000,1,4.872,2,4.108,3,5.511,4,5.998,255,0,0,0,0
1671457456764,22,200001,6,4.335,-3.666,0.000,1,4.880,2,4.108,3,5.506,4,5.998,255,0,0,0,0
1671457456772,8,200009,6,4.335,-3.666,0.000,1,4.880,2,4.108,3,5.506,4,5.998,255,0,0,0,0
1671457456773,1,200010,6,4.352,-3.668,0.000,1,4.880,2,4.108,3,5.506,4,5.998,255,0,0,0,0
1671457456832,59,200069,6,4.352,-3.668,0.000,1,4.880,2,4.108,3,5.506,4,5.998,255,0,0,0,0
1671457456891,59,200128,6,4.352,-3.668,0.000,1,4.869,2,4.110,3,5.506,4,5.998,255,0,0,0,0
1671457456922,31,200159,6,4.396,-3.672,0.000,1,4.869,2,4.110,3,5.506,4,5.998,255,0,0,0,0
1671457456998,76,200235,6,4.396,-3.672,0.000,1,4.869,2,4.110,3,5.506,4,5.998,255,0,0,0,0
1671457457029,31,200266,6,4.396,-3.672,0.000,1,4.872,2,4.110,3,5.506,4,5.998,255,0,0,0,0
1671457457029,0,200266,6,4.396,-3.672,0.000,1,4.872,2,4.110,3,5.506,4,5.998,255,0,0,0,0
1671457457090,61,200327,6,4.341,-3.501,0.000,1,4.872,2,4.110,3,5.506,4,5.998,255,0,0,0,0
1671457457149,59,200386,6,4.341,-3.501,0.000,1,4.872,2,4.113,3,5.506,4,5.998,255,0,0,0,0
1671457457179,30,200416,6,4.341,-3.501,0.000,1,4.872,2,4.113,3,5.506,4,5.998,255,0,0,0,0
1671457457205,26,200442,6,4.336,-3.550,0.000,1,4.872,2,4.113,3,5.506,4,5.998,255,0,0,0,0
1671457457246,41,200483,6,4.336,-3.550,0.000,1,4.883,2,4.110,3,5.506,4,5.998,255,0,0,0,0
1671457457247,1,200484,6,4.336,-3.550,0.000,1,4.883,2,4.110,3,5.506,4,5.998,255,0,0,0,0
1671457457377,130,200614,6,4.334,-3.510,0.000,1,4.883,2,4.110,3,5.506,4,5.998,255,0,0,0,0
1671457457499,122,200736,6,4.334,-3.510,0.000,1,4.872,2,4.110,3,5.506,4,5.998,255,0,0,0,0
1671457457546,47,200783,6,4.334,-3.510,0.000,1,4.872,2,4.110,3,5.506,4,5.998,255,0,0,0,0
1671457457621,75,200858,6,4.334,-3.510,0.000,1,4.872,2,4.110,3,5.506,4,5.998,255,0,0,0,0
1671457457652,31,200889,6,4.334,-3.510,0.000,1,4.880,2,4.085,3,5.506,4,5.998,255,0,0,0,0
1671457457653,1,200890,6,4.368,-3.600,0.000,1,4.880,2,4.085,3,5.506,4,5.998,255,0,0,0,0
1671457457714,61,200951,6,4.368,-3.600,0.000,1,4.880,2,4.085,3,5.506,4,5.998,255,0,0,0,0
1671457457745,31,200982,6,4.368,-3.600,0.000,1,4.878,2,4.102,3,5.506,4,6.003,255,0,0,0,0
1671457457792,47,201029,6,4.368,-3.600,0.000,1,4.878,2,4.102,3,5.506,4,6.003,255,0,0,0,0
1671457457915,123,201152,6,4.403,-3.711,0.000,1,4.878,2,4.102,3,5.506,4,6.003,255,0,0,0,0
1671457457969,54,201206,6,4.403,-3.711,0.000,1,4.878,2,4.102,3,5.506,4,6.003,255,0,0,0,0
1671457457969,0,201206,6,4.403,-3.711,0.000,1,4.878,2,4.102,3,5.506,4,6.003,255,0,0,0,0
1671457458037,68,201274,6,4.403,-3.711,0.000,1,4.878,2,4.102,3,5.506,4,6.003,255,0,0,0,0
1671457458100,63,201337,6,4.383,-3.645,0.000,1,4.872,2,4.105,3,5.511,4,5.998,255,0,0,0,0
1671457458159,59,201396,6,4.398,-3.673,0.000,1,4.872,2,4.105,3,5.511,4,5.998,255,0,0,0,0
1671457458251,92,201488,6,4.398,-3.673,0.000,1,4.864,2,4.105,3,5.511,4,5.998,255,0,0,0,0
1671457458282,31,201519,6,4.398,-3.673,0.000,1,4.867,2,4.110,3,5.511,4,5.998,255,0,0,0,0
1671457458283,1,201520,6,4.377,-3.621,0.000,1,4.867,2,4.110,3,5.511,4,5.998,255,0,0,0,0
1671457458345,62,201582,6,4.377,-3.621,0.000,1,4.867,2,4.110,3,5.511,4,5.998,255,0,0,0,0
1671457458406,61,201643,6,4.345,-3.542,0.000,1,4.867,2,4.110,3,5.511,4,5.998,255,0,0,0,0
1671457458498,92,201735,6,4.345,-3.542,0.000,1,4.867,2,4.110,3,5.511,4,5.998,255,0,0,0,0
1671457458529,31,201766,6,4.391,-3.654,0.000,1,4.867,2,4.105,3,5.506,4,5.989,255,0,0,0,0
1671457458561,32,201798,6,4.391,-3.654,0.000,1,4.867,2,4.105,3,5.506,4,5.989,255,0,0,0,0
1671457458561,0,201798,6,4.391,-3.654,0.000,1,4.867,2,4.105,3,5.506,4,5.989,255,0,0,0,0
1671457458639,78,201876,6,4.391,-3.654,0.000,1,4.867,2,4.105,3,5.506,4,5.989,255,0,0,0,0
1671457458698,59,201935,6,4.391,-3.654,0.000,1,4.867,2,4.105,3,5.506,4,5.989,255,0,0,0,0
1671457458762,64,201999,6,4.335,-3.670,0.000,1,4.861,2,4.099,3,5.511,4,5.998,255,0,0,0,0
1671457458821,59,202058,6,4.335,-3.670,0.000,1,4.861,2,4.099,3,5.511,4,5.998,255,0,0,0,0
1671457458900,79,202137,6,4.335,-3.670,0.000,1,4.864,2,4.105,3,5.506,4,5.998,255,0,0,0,0
1671457458901,1,202138,6,4.353,-3.672,0.000,1,4.864,2,4.105,3,5.506,4,5.998,255,0,0,0,0
1671457458952,51,202189,6,4.353,-3.672,0.000,1,4.864,2,4.105,3,5.506,4,5.998,255,0,0,0,0
1671457458961,9,202198,6,4.353,-3.672,0.000,1,4.869,2,4.105,3,5.506,4,5.998,255,0,0,0,0
1671457459023,62,202260,6,4.373,-3.678,0.000,1,4.869,2,4.105,3,5.506,4,5.998,255,0,0,0,0
1671457459107,84,202344,6,4.339,-3.670,0.000,1,4.869,2,4.105,3,5.506,4,5.998,255,0,0,0,0
1671457459160,53,202397,6,4.339,-3.670,0.000,1,4.869,2,4.105,3,5.506,4,5.998,255,0,0,0,0
1671457459160,0,202397,6,4.339,-3.670,0.000,1,4.869,2,4.105,3,5.506,4,5.998,255,0,0,0,0
1671457459175,15,202412,6,4.339,-3.670,0.000,1,4.869,2,4.105,3,5.506,4,5.998,255,0,0,0,0
1671457459282,107,202519,6,4.322,-3.669,0.000,1,4.869,2,4.105,3,5.506,4,5.998,255,0,0,0,0
1671457459372,90,202609,6,4.322,-3.669,0.000,1,4.867,2,4.105,3,5.506,4,5.998,255,0,0,0,0
1671457459392,20,202629,6,4.364,-3.669,0.000,1,4.869,2,4.110,3,5.506,4,5.998,255,0,0,0,0
1671457459464,72,202701,6,4.364,-3.669,0.000,1,4.869,2,4.110,3,5.506,4,5.998,255,0,0,0,0
1671457459464,0,202701,6,4.364,-3.669,0.000,1,4.869,2,4.110,3,5.506,4,5.998,255,0,0,0,0
1671457459495,31,202732,6,4.364,-3.669,0.000,1,4.875,2,4.110,3,5.506,4,5.998,255,0,0,0,0
1671457459570,75,202807,6,4.364,-3.669,0.000,1,4.875,2,4.110,3,5.506,4,5.998,255,0,0,0,0
1671457459603,33,202840,6,4.354,-3.583,0.000,1,4.864,2,4.113,3,5.481,4,5.998,255,0,0,0,0
1671457459633,30,202870,6,4.354,-3.583,0.000,1,4.864,2,4.113,3,5.481,4,5.998,255,0,0,0,0
1671457459726,93,202963,6,4.354,-3.583,0.000,1,4.864,2,4.113,3,5.481,4,5.998,255,0,0,0,0
1671457459727,1,202964,6,4.354,-3.583,0.000,1,4.864,2,4.113,3,5.481,4,5.998,255,0,0,0,0
1671457459767,40,203004,6,4.394,-3.661,0.000,1,4.867,2,4.113,3,5.506,4,5.992,255,0,0,0,0
1671457459853,86,203090,6,4.394,-3.661,0.000,1,4.867,2,4.113,3,5.506,4,5.992,255,0,0,0,0
1671457459910,57,203147,6,4.394,-3.661,0.000,1,4.867,2,4.113,3,5.506,4,5.992,255,0,0,0,0
1671457459940,30,203177,6,4.379,-3.620,0.000,1,4.867,2,4.113,3,5.506,4,5.992,255,0,0,0,0
1671457460032,92,203269,6,4.379,-3.620,0.000,1,4.867,2,4.113,3,5.506,4,5.998,255,0,0,0,0
1671457460032,0,203269,6,4.379,-3.620,0.000,1,4.867,2,4.113,3,5.506,4,5.998,255,0,0,0,0
1671457460064,32,203301,6,4.365,-3.556,0.000,1,4.867,2,4.113,3,5.506,4,5.998,255,0,0,0,0
1671457460127,63,203364,6,4.342,-3.526,0.000,1,4.867,2,4.113,3,5.506,4,5.998,255,0,0,0,0
1671457460204,77,203441,6,4.342,-3.526,0.000,1,4.867,2,4.113,3,5.506,4,5.998,255,0,0,0,0
1671457460250,46,203487,6,4.331,-3.647,0.000,1,4.867,2,4.116,3,5.506,4,5.998,255,0,0,0,0
1671457460280,30,203517,6,4.331,-3.647,0.000,1,4.867,2,4.116,3,5.506,4,5.998,255,0,0,0,0
1671457460280,0,203517,6,4.331,-3.647,0.000,1,4.867,2,4.116,3,5.506,4,5.998,255,0,0,0,0
1671457460373,93,203610,6,4.331,-3.647,0.000,1,4.867,2,4.116,3,5.506,4,5.998,255,0,0,0,0
1671457460469,96,203706,6,4.374,-3.660,0.000,1,4.869,2,4.105,3,5.506,4,5.998,255,0,0,0,0
1671457460497,28,203734,6,4.374,-3.660,0.000,1,4.867,2,4.102,3,5.506,4,5.998,255,0,0,0,0
1671457460591,94,203828,6,4.342,-3.657,0.000,1,4.867,2,4.102,3,5.506,4,5.998,255,0,0,0,0
1671457460684,93,203921,6,4.342,-3.657,0.000,1,4.872,2,4.094,3,5.481,4,5.998,255,0,0,0,0
1671457460684,0,203921,6,4.342,-3.657,0.000,1,4.872,2,4.094,3,5.481,4,5.998,255,0,0,0,0
1671457460706,22,203943,6,4.361,-3.638,0.000,1,4.872,2,4.094,3,5.481,4,5.998,255,0,0,0,0
1671457460715,9,203952,6,4.361,-3.638,0.000,1,4.869,2,4.088,3,5.506,4,5.998,255,0,0,0,0
1671457460809,94,204046,6,4.344,-3.547,0.000,1,4.869,2,4.088,3,5.506,4,5.998,255,0,0,0,0
1671457460823,14,204060,6,4.373,-3.625,0.000,1,4.869,2,4.088,3,5.506,4,5.998,255,0,0,0,0
1671457460885,62,204122,6,4.373,-3.625,0.000,1,4.869,2,4.088,3,5.506,4,5.998,255,0,0,0,0
1671457460885,0,204122,1,9.390,-3.685,2.220,255,0,0,0,0
1671457460885,0,204122,2,0.003,-3.685,2.220,255,0,0,0,0
1671457460885,0,204122,3,0.003,0.000,2.220,255,0,0,0,0
1671457460885,0,204122,4,9.390,0.000,2.220,255,0,0,0,0
1671457460885,0,204122,6,4.373,-3.625,0.000,1,4.869,2,4.088,3,5.506,4,5.998,255,0,0,0,0
1671457460931,46,204168,6,4.373,-3.625,0.000,1,4.869,2,4.088,3,5.506,4,5.998,255,0,0,0,0
1671457461026,95,204263,6,4.394,-3.684,0.000,1,4.869,2,4.088,3,5.506,4,5.998,255,0,0,0,0
1671457461103,77,204340,6,4.394,-3.684,0.000,1,4.872,2,4.080,3,5.506,4,5.998,255,0,0,0,0
1671457461134,31,204371,6,4.394,-3.684,0.000,1,4.878,2,4.094,3,5.506,4,5.998,255,0,0,0,0
1671457461150,16,204387,6,4.394,-3.684,0.000,1,4.878,2,4.094,3,5.506,4,5.998,255,0,0,0,0
1671457461151,1,204388,6,4.374,-3.687,0.000,1,4.878,2,4.094,3,5.506,4,5.998,255,0,0,0,0
1671457461211,60,204448,6,4.311,-3.698,0.000,1,4.878,2,4.094,3,5.506,4,5.998,255,0,0,0,0
1671457461294,83,204531,6,4.311,-3.698,0.000,1,4.878,2,4.094,3,5.506,4,5.998,255,0,0,0,0
1671457461317,23,204554,6,4.311,-3.698,0.000,1,4.872,2,4.097,3,5.506,4,5.998,255,0,0,0,0
1671457461349,32,204586,6,4.388,-3.683,0.000,1,4.872,2,4.119,3,5.506,4,5.998,255,0,0,0,0
1671457461379,30,204616,6,4.388,-3.683,0.000,1,4.872,2,4.119,3,5.506,4,5.998,255,0,0,0,0
1671457461379,0,204616,6,4.388,-3.683,0.000,1,4.872,2,4.119,3,5.506,4,5.998,255,0,0,0,0
1671457461468,89,204705,6,4.396,-3.677,0.000,1,4.872,2,4.119,3,5.506,4,5.998,255,0,0,0,0
1671457461563,95,204800,6,4.396,-3.677,0.000,1,4.872,2,4.116,3,5.506,4,5.998,255,0,0,0,0
1671457461626,63,204863,6,4.396,-3.677,0.000,1,4.864,2,4.113,3,5.506,4,5.998,255,0,0,0,0
1671457461687,61,204924,6,4.396,-3.677,0.000,1,4.864,2,4.113,3,5.511,4,5.998,255,0,0,0,0
1671457461763,76,205000,6,4.396,-3.677,0.000,1,4.869,2,4.105,3,5.511,4,5.998,255,0,0,0,0
1671457461764,1,205001,6,4.386,-3.670,0.000,1,4.869,2,4.105,3,5.511,4,5.998,255,0,0,0,0
1671457461793,29,205030,6,4.378,-3.660,0.000,1,4.869,2,4.105,3,5.506,4,5.998,255,0,0,0,0
1671457461808,15,205045,6,4.378,-3.660,0.000,1,4.869,2,4.105,3,5.506,4,5.998,255,0,0,0,0
1671457461915,107,205152,6,4.360,-3.667,0.000,1,4.869,2,4.105,3,5.506,4,5.998,255,0,0,0,0
1671457461947,32,205184,6,4.392,-3.669,0.000,1,4.869,2,4.105,3,5.506,4,5.998,255,0,0,0,0
1671457462021,74,205258,6,4.392,-3.669,0.000,1,4.869,2,4.105,3,5.506,4,5.998,255,0,0,0,0
1671457462021,0,205258,6,4.392,-3.669,0.000,1,4.869,2,4.105,3,5.506,4,5.998,255,0,0,0,0
1671457462083,62,205320,6,4.392,-3.669,0.000,1,4.869,2,4.105,3,5.506,4,5.998,255,0,0,0,0
1671457462176,93,205413,6,4.395,-3.671,0.000,1,4.880,2,4.099,3,5.506,4,5.998,255,0,0,0,0
1671457462205,29,205442,6,4.395,-3.671,0.000,1,4.880,2,4.099,3,5.506,4,5.998,255,0,0,0,0
1671457462251,46,205488,6,4.395,-3.671,0.000,1,4.869,2,4.099,3,5.506,4,5.998,255,0,0,0,0
1671457462282,31,205519,6,4.395,-3.671,0.000,1,4.869,2,4.099,3,5.506,4,5.998,255,0,0,0,0
1671457462282,0,205519,6,4.395,-3.671,0.000,1,4.869,2,4.099,3,5.506,4,5.998,255,0,0,0,0
1671457462346,64,205583,6,4.395,-3.676,0.000,1,4.869,2,4.099,3,5.506,4,5.998,255,0,0,0,0
1671457462435,89,205672,6,4.395,-3.676,0.000,1,4.869,2,4.099,3,5.506,4,5.998,255,0,0,0,0
1671457462606,171,205843,6,4.395,-3.676,0.000,1,4.867,2,4.105,3,5.506,4,5.998,255,0,0,0,0
1671457462606,0,205843,6,4.395,-3.676,0.000,1,4.867,2,4.105,3,5.506,4,5.998,255,0,0,0,0
1671457462680,74,205917,6,4.395,-3.676,0.000,1,4.867,2,4.105,3,5.506,4,5.998,255,0,0,0,0
1671457462771,91,206008,6,4.395,-3.676,0.000,1,4.867,2,4.105,3,5.506,4,5.998,255,0,0,0,0
1671457462880,109,206117,6,4.395,-3.672,0.000,1,4.869,2,4.102,3,5.506,4,5.998,255,0,0,0,0
1671457462911,31,206148,6,4.384,-3.674,0.000,1,4.869,2,4.102,3,5.506,4,5.998,255,0,0,0,0
1671457462971,60,206208,6,4.384,-3.674,0.000,1,4.869,2,4.102,3,5.506,4,5.998,255,0,0,0,0
1671457462972,1,206209,6,4.383,-3.674,0.000,1,4.869,2,4.102,3,5.506,4,5.998,255,0,0,0,0
1671457463017,45,206254,6,4.383,-3.674,0.000,1,4.867,2,4.102,3,5.506,4,5.998,255,0,0,0,0
1671457463081,64,206318,6,4.364,-3.672,0.000,1,4.867,2,4.102,3,5.506,4,5.998,255,0,0,0,0
1671457463125,44,206362,6,4.378,-3.672,0.000,1,4.867,2,4.102,3,5.506,4,5.998,255,0,0,0,0
1671457463171,46,206408,6,4.378,-3.672,0.000,1,4.867,2,4.102,3,5.506,4,5.998,255,0,0,0,0
1671457463294,123,206531,6,4.378,-3.672,0.000,1,4.867,2,4.102,3,5.506,4,5.998,255,0,0,0,0
1671457463294,0,206531,6,4.378,-3.672,0.000,1,4.867,2,4.102,3,5.506,4,5.998,255,0,0,0,0
1671457463325,31,206562,6,4.378,-3.672,0.000,1,4.867,2,4.102,3,5.506,4,5.998,255,0,0,0,0
1671457463340,15,206577,6,4.378,-3.672,0.000,1,4.867,2,4.102,3,5.506,4,5.998,255,0,0,0,0
1671457463449,109,206686,6,4.378,-3.672,0.000,1,4.867,2,4.102,3,5.506,4,5.998,255,0,0,0,0
1671457463513,64,206750,6,4.350,-3.672,0.000,1,4.867,2,4.080,3,5.506,4,5.998,255,0,0,0,0
1671457463786,273,207023,6,4.350,-3.672,0.000,1,4.867,2,4.080,3,5.506,4,5.998,255,0,0,0,0
1671457463786,0,207023,6,4.350,-3.672,0.000,1,4.867,2,4.080,3,5.506,4,5.998,255,0,0,0,0
1671457463881,95,207118,6,4.350,-3.672,0.000,1,4.867,2,4.080,3,5.506,4,5.998,255,0,0,0,0
1671457463942,61,207179,6,4.386,-3.674,0.000,1,4.867,2,4.080,3,5.506,4,5.998,255,0,0,0,0
1671457464003,61,207240,6,4.386,-3.674,0.000,1,4.864,2,4.105,3,5.511,4,5.998,255,0,0,0,0
1671457464113,110,207350,6,4.395,-3.696,0.000,1,4.864,2,4.105,3,5.511,4,5.998,255,0,0,0,0
1671457464172,59,207409,6,4.395,-3.696,0.000,1,4.864,2,4.105,3,5.511,4,5.998,255,0,0,0,0
1671457464172,0,207409,6,4.395,-3.696,0.000,1,4.864,2,4.105,3,5.511,4,5.998,255,0,0,0,0
1671457464217,45,207454,6,4.395,-3.696,0.000,1,4.864,2,4.105,3,5.511,4,5.998,255,0,0,0,0
1671457464532,315,207769,6,4.395,-3.696,0.000,1,4.864,2,4.105,3,5.511,4,5.998,255,0,0,0,0
1671457464644,112,207881,6,4.395,-3.696,0.000,1,4.864,2,4.105,3,5.511,4,5.998,255,0,0,0,0
1671457464690,46,207927,6,4.395,-3.696,0.000,1,4.864,2,4.105,3,5.511,4,5.998,255,0,0,0,0
1671457464750,60,207987,6,4.395,-3.696,0.000,1,4.864,2,4.105,3,5.511,4,5.998,255,0,0,0,0
1671457464750,0,207987,6,4.395,-3.696,0.000,1,4.864,2,4.105,3,5.511,4,5.998,255,0,0,0,0
1671457464831,81,208068,6,4.395,-3.696,0.000,1,4.864,2,4.105,3,5.511,4,5.998,255,0,0,0,0
1671457464876,45,208113,6,4.395,-3.696,0.000,1,4.864,2,4.105,3,5.511,4,5.998,255,0,0,0,0
1671457464936,60,208173,6,4.395,-3.696,0.000,1,4.864,2,4.105,3,5.511,4,5.998,255,0,0,0,0
1671457464967,31,208204,6,4.395,-3.696,0.000,1,4.864,2,4.105,3,5.511,4,5.998,255,0,0,0,0
1671457465046,79,208283,6,4.395,-3.696,0.000,1,4.864,2,4.105,3,5.511,4,5.998,255,0,0,0,0
1671457465046,0,208283,6,4.395,-3.696,0.000,1,4.864,2,4.105,3,5.511,4,5.998,255,0,0,0,0
1671457465076,30,208313,6,4.395,-3.696,0.000,1,4.864,2,4.105,3,5.511,4,5.998,255,0,0,0,0
1671457465092,16,208329,6,4.395,-3.696,0.000,1,4.864,2,4.105,3,5.511,4,5.998,255,0,0,0,0
1671457465184,92,208421,6,4.395,-3.696,0.000,1,4.864,2,4.105,3,5.511,4,5.998,255,0,0,0,0
1671457465199,15,208436,6,4.395,-3.696,0.000,1,4.864,2,4.105,3,5.511,4,5.998,255,0,0,0,0
1671457465293,94,208530,6,4.395,-3.696,0.000,1,4.864,2,4.105,3,5.511,4,5.998,255,0,0,0,0
1671457465293,0,208530,6,4.395,-3.696,0.000,1,4.864,2,4.105,3,5.511,4,5.998,255,0,0,0,0
1671457465309,16,208546,6,4.395,-3.696,0.000,1,4.864,2,4.105,3,5.511,4,5.998,255,0,0,0,0
1671457465399,90,208636,6,4.395,-3.696,0.000,1,4.864,2,4.105,3,5.511,4,5.998,255,0,0,0,0
1671457465475,76,208712,6,4.395,-3.696,0.000,1,4.864,2,4.105,3,5.511,4,5.998,255,0,0,0,0
1671457465506,31,208743,6,4.395,-3.696,0.000,1,4.864,2,4.105,3,5.511,4,5.998,255,0,0,0,0
1671457465584,78,208821,6,4.395,-3.696,0.000,1,4.864,2,4.105,3,5.511,4,5.998,255,0,0,0,0
1671457465584,0,208821,6,4.395,-3.696,0.000,1,4.864,2,4.105,3,5.511,4,5.998,255,0,0,0,0
1671457465615,31,208852,6,4.395,-3.696,0.000,1,4.864,2,4.105,3,5.511,4,5.998,255,0,0,0,0
1671457465646,31,208883,6,4.395,-3.696,0.000,1,4.864,2,4.105,3,5.511,4,5.998,255,0,0,0,0
1671457465735,89,208972,6,4.395,-3.696,0.000,1,4.864,2,4.105,3,5.511,4,5.998,255,0,0,0,0
1671457465784,49,209021,6,4.395,-3.696,0.000,1,4.864,2,4.105,3,5.511,4,5.998,255,0,0,0,0
1671457465845,61,209082,6,4.395,-3.696,0.000,1,4.864,2,4.105,3,5.511,4,5.998,255,0,0,0,0
1671457465845,0,209082,6,4.395,-3.696,0.000,1,4.864,2,4.105,3,5.511,4,5.998,255,0,0,0,0
1671457465937,92,209174,6,4.395,-3.696,0.000,1,4.864,2,4.105,3,5.511,4,5.998,255,0,0,0,0
1671457466003,66,209240,6,4.395,-3.696,0.000,1,4.864,2,4.105,3,5.511,4,5.998,255,0,0,0,0
1671457466062,59,209299,6,4.395,-3.696,0.000,1,4.864,2,4.105,3,5.511,4,5.998,255,0,0,0,0
1671457466138,76,209375,6,4.395,-3.696,0.000,1,4.864,2,4.105,3,5.511,4,5.998,255,0,0,0,0
1671457466168,30,209405,6,4.395,-3.696,0.000,1,4.864,2,4.105,3,5.511,4,5.998,255,0,0,0,0
1671457466169,1,209406,6,4.395,-3.696,0.000,1,4.864,2,4.105,3,5.511,4,5.998,255,0,0,0,0
1671457466183,14,209420,6,4.395,-3.696,0.000,1,4.864,2,4.105,3,5.511,4,5.998,255,0,0,0,0
1671457466290,107,209527,6,4.395,-3.696,0.000,1,4.864,2,4.105,3,5.511,4,5.998,255,0,0,0,0
1671457466351,61,209588,6,4.394,-3.702,0.000,1,4.864,2,4.105,3,5.511,4,5.998,255,0,0,0,0
1671457466414,63,209651,6,4.394,-3.700,0.000,1,4.867,2,4.102,3,5.506,4,5.998,255,0,0,0,0
1671457466474,60,209711,6,4.412,-3.750,0.000,1,4.867,2,4.102,3,5.506,4,5.998,255,0,0,0,0
1671457466474,0,209711,6,4.411,-3.746,0.000,1,4.867,2,4.102,3,5.506,4,5.998,255,0,0,0,0
1671457466588,114,209825,6,4.360,-3.585,0.000,1,4.867,2,4.102,3,5.481,4,5.998,255,0,0,0,0
1671457466607,19,209844,6,4.360,-3.585,0.000,1,4.867,2,4.102,3,5.481,4,5.998,255,0,0,0,0
1671457466672,65,209909,6,4.331,-3.509,0.000,1,4.867,2,4.102,3,5.506,4,5.998,255,0,0,0,0
1671457466718,46,209955,6,4.331,-3.509,0.000,1,4.867,2,4.102,3,5.506,4,5.998,255,0,0,0,0
1671457466734,16,209971,6,4.331,-3.509,0.000,1,4.869,2,4.105,3,5.503,4,5.998,255,0,0,0,0
1671457466735,1,209972,6,4.369,-3.607,0.000,1,4.869,2,4.105,3,5.503,4,5.998,255,0,0,0,0
1671457466827,92,210064,6,4.369,-3.607,0.000,1,4.869,2,4.105,3,5.503,4,5.998,255,0,0,0,0
1671457466905,78,210142,6,4.390,-3.661,0.000,1,4.867,2,4.097,3,5.503,4,5.998,255,0,0,0,0
1671457466936,31,210173,6,4.390,-3.661,0.000,1,4.867,2,4.097,3,5.503,4,5.998,255,0,0,0,0
1671457467014,78,210251,6,4.390,-3.661,0.000,1,4.867,2,4.097,3,5.503,4,5.998,255,0,0,0,0
1671457467045,31,210282,6,4.390,-3.661,0.000,1,4.867,2,4.102,3,5.509,4,5.998,255,0,0,0,0
1671457467046,1,210283,6,4.394,-3.671,0.000,1,4.867,2,4.102,3,5.509,4,5.998,255,0,0,0,0
1671457467061,15,210298,6,4.395,-3.674,0.000,1,4.867,2,4.102,3,5.509,4,5.998,255,0,0,0,0
1671457467154,93,210391,6,4.395,-3.674,0.000,1,4.867,2,4.102,3,5.509,4,5.998,255,0,0,0,0
1671457467230,76,210467,6,4.395,-3.674,0.000,1,4.864,2,4.097,3,5.511,4,5.998,255,0,0,0,0
1671457467267,37,210504,6,4.401,-3.687,0.000,1,4.864,2,4.099,3,5.506,4,5.998,255,0,0,0,0
1671457467289,22,210526,6,4.401,-3.687,0.000,1,4.864,2,4.099,3,5.506,4,5.998,255,0,0,0,0
1671457467289,0,210526,6,4.401,-3.687,0.000,1,4.864,2,4.099,3,5.506,4,5.998,255,0,0,0,0
1671457467396,107,210633,6,4.401,-3.687,0.000,1,4.864,2,4.099,3,5.506,4,5.998,255,0,0,0,0
1671457467428,32,210665,6,4.382,-3.642,0.000,1,4.867,2,4.105,3,5.506,4,5.998,255,0,0,0,0
1671457467529,101,210766,6,4.382,-3.642,0.000,1,4.867,2,4.105,3,5.506,4,5.998,255,0,0,0,0
1671457467580,51,210817,6,4.386,-3.663,0.000,1,4.867,2,4.105,3,5.506,4,5.998,255,0,0,0,0
1671457467673,93,210910,6,4.386,-3.663,0.000,1,4.867,2,4.105,3,5.506,4,5.998,255,0,0,0,0
1671457467673,0,210910,6,4.386,-3.663,0.000,1,4.867,2,4.105,3,5.506,4,5.998,255,0,0,0,0
1671457467718,45,210955,6,4.359,-3.702,0.000,1,4.867,2,4.105,3,5.506,4,5.998,255,0,0,0,0
1671457467810,92,211047,6,4.359,-3.702,0.000,1,4.880,2,4.088,3,5.489,4,6.009,255,0,0,0,0
1671457467826,16,211063,6,4.356,-3.633,0.000,1,4.880,2,4.088,3,5.489,4,6.009,255,0,0,0,0
1671457467902,76,211139,6,4.334,-3.514,0.000,1,4.880,2,4.088,3,5.489,4,6.009,255,0,0,0,0
1671457467966,64,211203,6,4.334,-3.514,0.000,1,4.880,2,4.088,3,5.489,4,6.009,255,0,0,0,0
1671457467966,0,211203,6,4.334,-3.514,0.000,1,4.880,2,4.088,3,5.489,4,6.009,255,0,0,0,0
1671457467995,29,211232,6,4.373,-3.648,0.000,1,4.872,2,4.102,3,5.506,4,5.998,255,0,0,0,0
1671457468160,165,211397,6,4.373,-3.648,0.000,1,4.872,2,4.102,3,5.506,4,5.998,255,0,0,0,0
1671457468190,30,211427,6,4.373,-3.648,0.000,1,4.872,2,4.102,3,5.506,4,5.998,255,0,0,0,0
1671457468268,78,211505,6,4.394,-3.668,0.000,1,4.872,2,4.102,3,5.506,4,5.998,255,0,0,0,0
1671457468268,0,211505,6,4.394,-3.668,0.000,1,4.872,2,4.102,3,5.506,4,5.998,255,0,0,0,0
1671457468401,133,211638,6,4.394,-3.668,0.000,1,4.872,2,4.099,3,5.506,4,5.998,255,0,0,0,0
1671457468429,28,211666,6,4.365,-3.594,0.000,1,4.872,2,4.099,3,5.506,4,5.995,255,0,0,0,0
1671457468530,101,211767,6,4.365,-3.594,0.000,1,4.872,2,4.099,3,5.506,4,5.995,255,0,0,0,0
1671457468591,61,211828,6,4.365,-3.594,0.000,1,4.872,2,4.099,3,5.506,4,5.995,255,0,0,0,0
1671457468622,31,211859,6,4.365,-3.594,0.000,1,4.878,2,4.105,3,5.506,4,5.998,255,0,0,0,0
1671457468624,2,211861,6,4.364,-3.592,0.000,1,4.878,2,4.105,3,5.506,4,5.998,255,0,0,0,0
1671457468730,106,211967,6,4.381,-3.634,0.000,1,4.878,2,4.105,3,5.506,4,5.998,255,0,0,0,0
1671457468795,65,212032,6,4.381,-3.634,0.000,1,4.869,2,4.102,3,5.511,4,5.998,255,0,0,0,0
1671457468929,134,212166,6,4.338,-3.522,0.000,1,4.869,2,4.102,3,5.511,4,5.998,255,0,0,0,0
1671457468988,59,212225,6,4.338,-3.522,0.000,1,4.869,2,4.102,3,5.511,4,5.998,255,0,0,0,0
1671457469016,28,212253,6,4.338,-3.522,0.000,1,4.869,2,4.102,3,5.511,4,5.998,255,0,0,0,0
1671457469017,1,212254,6,4.362,-3.583,0.000,1,4.869,2,4.102,3,5.511,4,5.998,255,0,0,0,0
1671457469096,79,212333,6,4.386,-3.648,0.000,1,4.878,2,4.102,3,5.506,4,5.995,255,0,0,0,0
1671457469127,31,212364,6,4.394,-3.668,0.000,1,4.878,2,4.102,3,5.506,4,5.998,255,0,0,0,0
1671457469203,76,212440,6,4.394,-3.668,0.000,1,4.878,2,4.102,3,5.506,4,5.998,255,0,0,0,0
1671457469245,42,212482,6,4.394,-3.668,0.000,1,4.878,2,4.102,3,5.506,4,5.998,255,0,0,0,0
1671457469282,37,212519,6,4.394,-3.668,0.000,1,4.864,2,4.102,3,5.506,4,5.995,255,0,0,0,0
1671457469283,1,212520,6,4.395,-3.670,0.000,1,4.864,2,4.102,3,5.506,4,5.995,255,0,0,0,0
1671457469343,60,212580,6,4.395,-3.670,0.000,1,4.864,2,4.102,3,5.506,4,5.995,255,0,0,0,0
1671457469419,76,212656,6,4.395,-3.672,0.000,1,4.864,2,4.102,3,5.506,4,5.995,255,0,0,0,0
1671457469450,31,212687,6,4.395,-3.672,0.000,1,4.867,2,4.102,3,5.511,4,5.998,255,0,0,0,0
1671457469465,15,212702,6,4.395,-3.672,0.000,1,4.867,2,4.102,3,5.511,4,5.998,255,0,0,0,0
1671457469558,93,212795,6,4.395,-3.672,0.000,1,4.867,2,4.102,3,5.511,4,5.998,255,0,0,0,0
1671457469558,0,212795,6,4.396,-3.674,0.000,1,4.867,2,4.102,3,5.511,4,5.998,255,0,0,0,0
1671457469574,16,212811,6,4.396,-3.675,0.000,1,4.864,2,4.102,3,5.506,4,5.998,255,0,0,0,0
1671457469673,99,212910,6,4.396,-3.675,0.000,1,4.864,2,4.102,3,5.506,4,5.998,255,0,0,0,0
1671457469681,8,212918,6,4.396,-3.675,0.000,1,4.867,2,4.094,3,5.506,4,5.998,255,0,0,0,0
1671457469773,92,213010,6,4.394,-3.672,0.000,1,4.867,2,4.094,3,5.506,4,5.998,255,0,0,0,0
1671457469896,123,213133,6,4.394,-3.672,0.000,1,4.867,2,4.097,3,5.506,4,5.998,255,0,0,0,0
1671457469896,0,213133,6,4.394,-3.672,0.000,1,4.867,2,4.097,3,5.506,4,5.998,255,0,0,0,0
1671457469958,62,213195,6,4.337,-3.695,0.000,1,4.867,2,4.097,3,5.506,4,5.998,255,0,0,0,0
1671457470020,62,213257,6,4.337,-3.695,0.000,1,4.878,2,4.094,3,5.506,4,5.998,255,0,0,0,0
1671457470082,62,213319,6,4.337,-3.695,0.000,1,4.878,2,4.094,3,5.506,4,5.998,255,0,0,0,0
1671457470188,106,213425,6,4.347,-3.563,0.000,1,4.867,2,4.094,3,5.506,4,5.998,255,0,0,0,0
1671457470217,29,213454,6,4.347,-3.563,0.000,1,4.867,2,4.099,3,5.506,4,5.998,255,0,0,0,0
1671457470217,0,213454,6,4.359,-3.591,0.000,1,4.867,2,4.099,3,5.506,4,5.998,255,0,0,0,0
1671457470311,94,213548,6,4.359,-3.591,0.000,1,4.864,2,4.099,3,5.506,4,5.998,255,0,0,0,0
1671457470334,23,213571,6,4.367,-3.630,0.000,1,4.864,2,4.099,3,5.506,4,5.998,255,0,0,0,0
1671457470341,7,213578,6,4.363,-3.657,0.000,1,4.869,2,4.099,3,5.506,4,5.987,255,0,0,0,0
1671457470402,61,213639,6,4.363,-3.657,0.000,1,4.869,2,4.099,3,5.506,4,5.987,255,0,0,0,0
1671457470479,77,213716,6,4.363,-3.657,0.000,1,4.869,2,4.099,3,5.506,4,5.987,255,0,0,0,0
1671457470480,1,213717,6,4.344,-3.633,0.000,1,4.869,2,4.099,3,5.506,4,5.987,255,0,0,0,0
1671457470545,65,213782,6,4.344,-3.633,0.000,1,4.869,2,4.099,3,5.506,4,5.998,255,0,0,0,0
1671457470555,10,213792,6,4.344,-3.633,0.000,1,4.869,2,4.099,3,5.506,4,5.998,255,0,0,0,0
1671457470649,94,213886,6,4.344,-3.633,0.000,1,4.869,2,4.099,3,5.506,4,5.998,255,0,0,0,0
1671457470665,16,213902,6,4.366,-3.625,0.000,1,4.867,2,4.105,3,5.511,4,5.995,255,0,0,0,0
1671457470771,106,214008,6,4.366,-3.625,0.000,1,4.867,2,4.105,3,5.511,4,5.995,255,0,0,0,0
1671457470771,0,214008,6,4.363,-3.643,0.000,1,4.867,2,4.105,3,5.511,4,5.995,255,0,0,0,0
1671457470807,36,214044,6,4.363,-3.643,0.000,1,4.867,2,4.105,3,5.506,4,5.998,255,0,0,0,0
1671457470923,116,214160,2,0.003,-3.685,2.220,255,0,0,0,0
1671457470923,0,214160,3,0.003,0.000,2.220,255,0,0,0,0
1671457470923,0,214160,4,9.390,0.000,2.220,255,0,0,0,0
1671457470923,0,214160,6,4.363,-3.643,0.000,1,4.867,2,4.105,3,5.506,4,5.998,255,0,0,0,0
1671457470923,0,214160,1,9.390,-3.685,2.220,255,0,0,0,0
1671457470984,61,214221,6,4.352,-3.669,0.000,1,4.867,2,4.105,3,5.506,4,5.998,255,0,0,0,0
1671457471050,66,214287,6,4.352,-3.669,0.000,1,4.864,2,4.105,3,5.506,4,5.998,255,0,0,0,0
1671457471080,30,214317,6,4.352,-3.669,0.000,1,4.864,2,4.105,3,5.506,4,5.998,255,0,0,0,0
1671457471081,1,214318,6,4.360,-3.669,0.000,1,4.864,2,4.105,3,5.506,4,5.998,255,0,0,0,0
1671457471111,30,214348,6,4.332,-3.672,0.000,1,4.864,2,4.105,3,5.506,4,5.998,255,0,0,0,0
1671457471217,106,214454,6,4.332,-3.672,0.000,1,4.864,2,4.105,3,5.506,4,5.998,255,0,0,0,0
1671457471308,91,214545,6,4.394,-3.684,0.000,1,4.864,2,4.105,3,5.511,4,5.995,255,0,0,0,0
1671457471400,92,214637,6,4.394,-3.684,0.000,1,4.864,2,4.105,3,5.511,4,5.992,255,0,0,0,0
1671457471421,21,214658,6,4.394,-3.684,0.000,1,4.861,2,4.105,3,5.506,4,5.995,255,0,0,0,0
1671457471421,0,214658,6,4.394,-3.684,0.000,1,4.861,2,4.105,3,5.506,4,5.995,255,0,0,0,0
1671457471433,12,214670,6,4.393,-3.668,0.000,1,4.861,2,4.105,3,5.506,4,5.995,255,0,0,0,0
1671457471493,60,214730,6,4.402,-3.676,0.000,1,4.861,2,4.105,3,5.506,4,5.995,255,0,0,0,0
1671457471576,83,214813,6,4.402,-3.676,0.000,1,4.861,2,4.105,3,5.506,4,5.995,255,0,0,0,0
1671457471647,71,214884,6,4.398,-3.669,0.000,1,4.864,2,4.105,3,5.511,4,5.995,255,0,0,0,0
1671457471684,37,214921,6,4.398,-3.669,0.000,1,4.844,2,4.105,3,5.511,4,5.995,255,0,0,0,0
1671457471684,0,214921,6,4.398,-3.669,0.000,1,4.844,2,4.105,3,5.511,4,5.995,255,0,0,0,0
1671457471794,110,215031,6,4.398,-3.669,0.000,1,4.844,2,4.105,3,5.511,4,5.995,255,0,0,0,0
1671457471876,82,215113,6,4.387,-3.676,0.000,1,4.844,2,4.105,3,5.511,4,5.995,255,0,0,0,0
1671457471920,44,215157,6,4.387,-3.676,0.000,1,4.844,2,4.105,3,5.511,4,5.995,255,0,0,0,0
1671457471984,64,215221,6,4.350,-3.664,0.000,1,4.844,2,4.105,3,5.511,4,5.995,255,0,0,0,0
1671457472193,209,215430,6,4.350,-3.664,0.000,1,4.869,2,4.105,3,5.511,4,5.998,255,0,0,0,0
1671457472193,0,215430,6,4.350,-3.664,0.000,1,4.869,2,4.105,3,5.511,4,5.998,255,0,0,0,0
1671457472256,63,215493,6,4.334,-3.623,0.000,1,4.869,2,4.105,3,5.511,4,5.998,255,0,0,0,0
1671457472342,86,215579,6,4.333,-3.646,0.000,1,4.869,2,4.105,3,5.511,4,5.998,255,0,0,0,0
1671457472423,81,215660,6,4.333,-3.646,0.000,1,4.869,2,4.105,3,5.511,4,5.998,255,0,0,0,0
1671457472515,92,215752,6,4.333,-3.646,0.000,1,4.869,2,4.105,3,5.511,4,5.998,255,0,0,0,0
1671457472533,18,215770,6,4.333,-3.646,0.000,1,4.869,2,4.105,3,5.511,4,5.998,255,0,0,0,0
1671457472533,0,215770,6,4.333,-3.646,0.000,1,4.869,2,4.105,3,5.511,4,5.998,255,0,0,0,0
1671457472594,61,215831,6,4.333,-3.646,0.000,1,4.869,2,4.105,3,5.511,4,5.998,255,0,0,0,0
1671457472678,84,215915,6,4.333,-3.646,0.000,1,4.869,2,4.105,3,5.511,4,5.998,255,0,0,0,0
1671457472733,55,215970,6,4.333,-3.646,0.000,1,4.869,2,4.105,3,5.511,4,5.998,255,0,0,0,0
1671457472748,15,215985,6,4.333,-3.646,0.000,1,4.869,2,4.105,3,5.511,4,5.998,255,0,0,0,0
1671457472840,92,216077,6,4.333,-3.646,0.000,1,4.869,2,4.105,3,5.511,4,5.998,255,0,0,0,0
1671457472840,0,216077,6,4.333,-3.646,0.000,1,4.869,2,4.105,3,5.511,4,5.998,255,0,0,0,0
1671457472902,62,216139,6,4.333,-3.646,0.000,1,4.869,2,4.105,3,5.511,4,5.998,255,0,0,0,0
1671457472964,62,216201,6,4.333,-3.646,0.000,1,4.869,2,4.105,3,5.511,4,5.998,255,0,0,0,0
1671457472996,32,216233,6,4.333,-3.646,0.000,1,4.869,2,4.105,3,5.511,4,5.998,255,0,0,0,0
1671457473105,109,216342,6,4.333,-3.646,0.000,1,4.869,2,4.105,3,5.511,4,5.998,255,0,0,0,0
1671457473161,56,216398,6,4.333,-3.646,0.000,1,4.869,2,4.105,3,5.511,4,5.998,255,0,0,0,0
1671457473161,0,216398,6,4.333,-3.646,0.000,1,4.869,2,4.105,3,5.511,4,5.998,255,0,0,0,0
1671457473253,92,216490,6,4.333,-3.646,0.000,1,4.869,2,4.105,3,5.511,4,5.998,255,0,0,0,0
1671457473281,28,216518,6,4.333,-3.646,0.000,1,4.869,2,4.105,3,5.511,4,5.998,255,0,0,0,0
1671457473300,19,216537,6,4.333,-3.646,0.000,1,4.869,2,4.105,3,5.511,4,5.998,255,0,0,0,0
1671457473391,91,216628,6,4.333,-3.646,0.000,1,4.869,2,4.105,3,5.511,4,5.998,255,0,0,0,0
1671457473469,78,216706,6,4.333,-3.646,0.000,1,4.869,2,4.105,3,5.511,4,5.998,255,0,0,0,0
1671457473469,0,216706,6,4.333,-3.646,0.000,1,4.869,2,4.105,3,5.511,4,5.998,255,0,0,0,0
1671457473498,29,216735,6,4.333,-3.646,0.000,1,4.869,2,4.105,3,5.511,4,5.998,255,0,0,0,0
1671457473577,79,216814,6,4.333,-3.646,0.000,1,4.869,2,4.105,3,5.511,4,5.998,255,0,0,0,0
1671457473606,29,216843,6,4.333,-3.646,0.000,1,4.869,2,4.105,3,5.511,4,5.998,255,0,0,0,0
1671457473621,15,216858,6,4.333,-3.646,0.000,1,4.869,2,4.105,3,5.511,4,5.998,255,0,0,0,0
1671457473683,62,216920,6,4.333,-3.646,0.000,1,4.869,2,4.105,3,5.511,4,5.998,255,0,0,0,0
1671457473683,0,216920,6,4.333,-3.646,0.000,1,4.869,2,4.105,3,5.511,4,5.998,255,0,0,0,0
1671457473763,80,217000,6,4.333,-3.646,0.000,1,4.869,2,4.105,3,5.511,4,5.998,255,0,0,0,0
1671457473820,57,217057,6,4.333,-3.646,0.000,1,4.869,2,4.105,3,5.511,4,5.998,255,0,0,0,0
1671457473851,31,217088,6,4.333,-3.646,0.000,1,4.869,2,4.105,3,5.511,4,5.998,255,0,0,0,0
1671457473911,60,217148,6,4.333,-3.646,0.000,1,4.869,2,4.105,3,5.511,4,5.998,255,0,0,0,0
1671457473942,31,217179,6,4.333,-3.646,0.000,1,4.869,2,4.105,3,5.511,4,5.998,255,0,0,0,0
1671457473942,0,217179,6,4.333,-3.647,0.000,1,4.869,2,4.105,3,5.511,4,5.998,255,0,0,0,0
1671457474004,62,217241,6,4.332,-3.673,0.000,1,4.869,2,4.105,3,5.511,4,5.998,255,0,0,0,0
1671457474048,44,217285,6,4.332,-3.673,0.000,1,4.867,2,4.113,3,5.506,4,5.998,255,0,0,0,0
1671457474091,43,217328,6,4.332,-3.674,0.000,1,4.867,2,4.113,3,5.506,4,5.998,255,0,0,0,0
1671457474188,97,217425,6,4.331,-3.679,0.000,1,4.867,2,4.113,3,5.506,4,5.998,255,0,0,0,0
1671457474277,89,217514,6,4.330,-3.683,0.000,1,4.880,2,4.113,3,5.506,4,5.998,255,0,0,0,0
1671457474278,1,217515,6,4.330,-3.680,0.000,1,4.880,2,4.113,3,5.506,4,5.998,255,0,0,0,0
1671457474370,92,217607,6,4.331,-3.688,0.000,1,4.883,2,4.108,3,5.506,4,5.998,255,0,0,0,0
1671457474395,25,217632,6,4.331,-3.601,0.000,1,4.883,2,4.102,3,5.506,4,5.998,255,0,0,0,0
1671457474485,90,217722,6,4.331,-3.601,0.000,1,4.883,2,4.102,3,5.506,4,5.998,255,0,0,0,0
1671457474552,67,217789,6,4.320,-3.549,0.000,1,4.869,2,4.097,3,5.506,4,5.998,255,0,0,0,0
1671457474582,30,217819,6,4.320,-3.549,0.000,1,4.869,2,4.097,3,5.511,4,5.998,255,0,0,0,0
1671457474582,0,217819,6,4.336,-3.598,0.000,1,4.869,2,4.097,3,5.511,4,5.998,255,0,0,0,0
1671457474673,91,217910,6,4.336,-3.598,0.000,1,4.869,2,4.097,3,5.511,4,5.998,255,0,0,0,0
1671457474705,32,217942,6,4.370,-3.664,0.000,1,4.869,2,4.099,3,5.514,4,5.998,255,0,0,0,0
1671457474719,14,217956,6,4.370,-3.664,0.000,1,4.869,2,4.099,3,5.514,4,5.998,255,0,0,0,0
1671457474781,62,218018,6,4.326,-3.685,0.000,1,4.869,2,4.099,3,5.514,4,5.998,255,0,0,0,0
1671457474888,107,218125,6,4.326,-3.685,0.000,1,4.869,2,4.099,3,5.514,4,5.998,255,0,0,0,0
1671457474888,0,218125,6,4.326,-3.685,0.000,1,4.869,2,4.099,3,5.514,4,5.998,255,0,0,0,0
1671457474934,46,218171,6,4.394,-3.689,0.000,1,4.869,2,4.099,3,5.514,4,5.998,255,0,0,0,0
1671457474965,31,218202,6,4.394,-3.689,0.000,1,4.880,2,4.102,3,5.511,4,5.998,255,0,0,0,0
1671457475056,91,218293,6,4.394,-3.689,0.000,1,4.880,2,4.102,3,5.511,4,5.998,255,0,0,0,0
1671457475118,62,218355,6,4.398,-3.680,0.000,1,4.880,2,4.102,3,5.511,4,5.998,255,0,0,0,0
1671457475183,65,218420,6,4.398,-3.680,0.000,1,4.891,2,4.130,3,5.495,4,5.998,255,0,0,0,0
1671457475183,0,218420,6,4.398,-3.680,0.000,1,4.891,2,4.130,3,5.495,4,5.998,255,0,0,0,0
1671457475241,58,218478,6,4.398,-3.680,0.000,1,4.891,2,4.130,3,5.495,4,5.998,255,0,0,0,0
1671457475346,105,218583,6,4.398,-3.680,0.000,1,4.880,2,4.141,3,5.495,4,6.003,255,0,0,0,0
1671457475468,122,218705,6,4.323,-3.491,0.000,1,4.880,2,4.141,3,5.506,4,5.998,255,0,0,0,0
1671457475482,14,218719,6,4.323,-3.491,0.000,1,4.880,2,4.141,3,5.506,4,5.998,255,0,0,0,0
1671457475581,99,218818,6,4.323,-3.491,0.000,1,4.880,2,4.141,3,5.506,4,5.998,255,0,0,0,0
1671457475582,1,218819,6,4.337,-3.498,0.000,1,4.880,2,4.141,3,5.506,4,5.998,255,0,0,0,0
1671457475652,70,218889,6,4.348,-3.543,0.000,1,4.883,2,4.135,3,5.506,4,5.998,255,0,0,0,0
1671457475683,31,218920,6,4.354,-3.498,0.000,1,4.867,2,4.116,3,5.506,4,5.998,255,0,0,0,0
1671457475759,76,218996,6,4.354,-3.498,0.000,1,4.867,2,4.116,3,5.506,4,5.998,255,0,0,0,0
1671457475804,45,219041,6,4.390,-3.486,0.000,1,4.869,2,4.105,3,5.506,4,5.998,255,0,0,0,0
1671457475842,38,219079,6,4.390,-3.486,0.000,1,4.869,2,4.105,3,5.506,4,5.998,255,0,0,0,0
1671457475843,1,219080,6,4.390,-3.486,0.000,1,4.869,2,4.105,3,5.506,4,5.998,255,0,0,0,0
1671457475895,52,219132,6,4.390,-3.486,0.000,1,4.869,2,4.105,3,5.506,4,5.998,255,0,0,0,0
1671457475958,63,219195,6,4.395,-3.508,0.000,1,4.869,2,4.105,3,5.506,4,5.998,255,0,0,0,0
1671457476017,59,219254,6,4.395,-3.508,0.000,1,4.869,2,4.105,3,5.506,4,5.998,255,0,0,0,0
1671457476035,18,219272,6,4.392,-3.514,0.000,1,4.880,2,4.116,3,5.486,4,6.011,255,0,0,0,0
1671457476125,90,219362,6,4.392,-3.514,0.000,1,4.880,2,4.116,3,5.486,4,6.011,255,0,0,0,0
1671457476125,0,219362,6,4.392,-3.514,0.000,1,4.880,2,4.116,3,5.486,4,6.011,255,0,0,0,0
1671457476143,18,219380,6,4.372,-3.550,0.000,1,4.883,2,4.094,3,5.500,4,5.998,255,0,0,0,0
1671457476249,106,219486,6,4.372,-3.550,0.000,1,4.883,2,4.094,3,5.500,4,5.998,255,0,0,0,0
1671457476282,33,219519,6,4.372,-3.550,0.000,1,4.883,2,4.099,3,5.500,4,5.998,255,0,0,0,0
1671457476393,111,219630,6,4.375,-3.522,0.000,1,4.883,2,4.099,3,5.500,4,5.998,255,0,0,0,0
1671457476464,71,219701,6,4.375,-3.522,0.000,1,4.883,2,4.094,3,5.500,4,5.998,255,0,0,0,0
1671457476464,0,219701,6,4.375,-3.522,0.000,1,4.883,2,4.094,3,5.500,4,5.998,255,0,0,0,0
1671457476558,94,219795,6,4.400,-3.652,0.000,1,4.883,2,4.094,3,5.500,4,5.998,255,0,0,0,0
1671457476574,16,219811,6,4.400,-3.652,0.000,1,4.880,2,4.094,3,5.500,4,5.992,255,0,0,0,0
1671457476683,109,219920,6,4.359,-3.695,0.000,1,4.880,2,4.094,3,5.500,4,5.992,255,0,0,0,0
1671457476775,92,220012,6,4.328,-3.657,0.000,1,4.878,2,4.094,3,5.506,4,5.998,255,0,0,0,0
1671457476891,116,220128,6,4.328,-3.657,0.000,1,4.883,2,4.099,3,5.506,4,5.998,255,0,0,0,0
1671457476891,0,220128,6,4.328,-3.657,0.000,1,4.883,2,4.099,3,5.506,4,5.998,255,0,0,0,0
1671457476914,23,220151,6,4.331,-3.650,0.000,1,4.883,2,4.099,3,5.506,4,5.998,255,0,0,0,0
1671457476974,60,220211,6,4.331,-3.650,0.000,1,4.883,2,4.099,3,5.506,4,5.998,255,0,0,0,0
1671457477066,92,220303,6,4.363,-3.676,0.000,1,4.880,2,4.099,3,5.506,4,5.998,255,0,0,0,0
1671457477097,31,220334,6,4.326,-3.676,0.000,1,4.880,2,4.097,3,5.500,4,5.998,255,0,0,0,0
1671457477127,30,220364,6,4.326,-3.676,0.000,1,4.880,2,4.097,3,5.500,4,5.998,255,0,0,0,0
1671457477127,0,220364,6,4.326,-3.676,0.000,1,4.880,2,4.097,3,5.500,4,5.998,255,0,0,0,0
1671457477204,77,220441,6,4.323,-3.691,0.000,1,4.880,2,4.097,3,5.500,4,5.998,255,0,0,0,0
1671457477265,61,220502,6,4.323,-3.691,0.000,1,4.872,2,4.097,3,5.506,4,5.998,255,0,0,0,0
1671457477332,67,220569,6,4.323,-3.521,0.000,1,4.872,2,4.097,3,5.506,4,5.998,255,0,0,0,0
1671457477340,8,220577,6,4.323,-3.521,0.000,1,4.878,2,4.097,3,5.506,4,5.998,255,0,0,0,0
1671457477431,91,220668,6,4.323,-3.521,0.000,1,4.878,2,4.097,3,5.506,4,5.998,255,0,0,0,0
1671457477432,1,220669,6,4.324,-3.530,0.000,1,4.878,2,4.097,3,5.506,4,5.998,255,0,0,0,0
1671457477510,78,220747,6,4.324,-3.530,0.000,1,4.880,2,4.105,3,5.500,4,5.998,255,0,0,0,0
1671457477557,47,220794,6,4.313,-3.474,0.000,1,4.864,2,4.108,3,5.506,4,5.992,255,0,0,0,0
1671457477649,92,220886,6,4.313,-3.474,0.000,1,4.864,2,4.108,3,5.506,4,5.992,255,0,0,0,0
1671457477680,31,220917,6,4.313,-3.474,0.000,1,4.880,2,4.108,3,5.506,4,5.998,255,0,0,0,0
1671457477766,86,221003,6,4.313,-3.474,0.000,1,4.880,2,4.108,3,5.506,4,5.998,255,0,0,0,0
1671457477767,1,221004,6,4.359,-3.578,0.000,1,4.880,2,4.108,3,5.506,4,5.998,255,0,0,0,0
1671457477854,87,221091,6,4.359,-3.578,0.000,1,4.880,2,4.110,3,5.506,4,5.998,255,0,0,0,0
1671457477942,88,221179,6,4.394,-3.655,0.000,1,4.880,2,4.110,3,5.506,4,5.998,255,0,0,0,0
1671457477972,30,221209,6,4.394,-3.655,0.000,1,4.880,2,4.110,3,5.506,4,5.998,255,0,0,0,0
1671457478003,31,221240,6,4.402,-3.663,0.000,1,4.872,2,4.099,3,5.506,4,5.995,255,0,0,0,0
1671457478185,182,221422,6,4.402,-3.663,0.000,1,4.872,2,4.099,3,5.506,4,5.995,255,0,0,0,0
1671457478187,2,221424,6,4.391,-3.665,0.000,1,4.872,2,4.099,3,5.506,4,5.995,255,0,0,0,0
1671457478219,32,221456,6,4.391,-3.665,0.000,1,4.880,2,4.105,3,5.506,4,5.998,255,0,0,0,0
1671457478260,41,221497,6,4.337,-3.674,0.000,1,4.880,2,4.105,3,5.506,4,5.998,255,0,0,0,0
1671457478324,64,221561,6,4.337,-3.674,0.000,1,4.880,2,4.105,3,5.506,4,5.998,255,0,0,0,0
1671457478387,63,221624,6,4.397,-3.665,0.000,1,4.880,2,4.105,3,5.506,4,5.998,255,0,0,0,0
1671457478464,77,221701,6,4.397,-3.665,0.000,1,4.883,2,4.105,3,5.492,4,5.998,255,0,0,0,0
1671457478464,0,221701,6,4.392,-3.665,0.000,1,4.883,2,4.105,3,5.492,4,5.998,255,0,0,0,0
1671457478525,61,221762,6,4.392,-3.665,0.000,1,4.883,2,4.105,3,5.492,4,5.998,255,0,0,0,0
1671457478617,92,221854,6,4.346,-3.672,0.000,1,4.867,2,4.110,3,5.506,4,5.998,255,0,0,0,0
1671457478642,25,221879,6,4.346,-3.672,0.000,1,4.878,2,4.110,3,5.506,4,5.998,255,0,0,0,0
1671457478712,70,221949,6,4.384,-3.650,0.000,1,4.878,2,4.105,3,5.506,4,5.998,255,0,0,0,0
1671457478741,29,221978,6,4.384,-3.650,0.000,1,4.878,2,4.105,3,5.506,4,5.998,255,0,0,0,0
1671457478741,0,221978,6,4.384,-3.650,0.000,1,4.878,2,4.105,3,5.506,4,5.998,255,0,0,0,0
1671457478772,31,222009,6,4.360,-3.661,0.000,1,4.867,2,4.105,3,5.506,4,5.998,255,0,0,0,0
1671457478941,169,222178,6,4.360,-3.661,0.000,1,4.867,2,4.105,3,5.506,4,5.998,255,0,0,0,0
1671457478970,29,222207,6,4.330,-3.668,0.000,1,4.867,2,4.105,3,5.506,4,5.998,255,0,0,0,0
1671457479063,93,222300,6,4.330,-3.668,0.000,1,4.867,2,4.110,3,5.506,4,5.998,255,0,0,0,0
1671457479095,32,222332,6,4.330,-3.668,0.000,1,4.878,2,4.105,3,5.506,4,5.998,255,0,0,0,0
1671457479095,0,222332,6,4.330,-3.668,0.000,1,4.878,2,4.105,3,5.506,4,5.998,255,0,0,0,0
1671457479189,94,222426,6,4.392,-3.666,0.000,1,4.878,2,4.105,3,5.506,4,5.998,255,0,0,0,0
1671457479281,92,222518,6,4.393,-3.666,0.000,1,4.867,2,4.105,3,5.506,4,5.998,255,0,0,0,0
1671457479311,30,222548,6,4.393,-3.666,0.000,1,4.867,2,4.105,3,5.506,4,5.998,255,0,0,0,0
1671457479374,63,222611,6,4.395,-3.669,0.000,1,4.867,2,4.105,3,5.506,4,5.998,255,0,0,0,0
1671457479437,63,222674,6,4.395,-3.669,0.000,1,4.867,2,4.105,3,5.506,4,5.998,255,0,0,0,0
1671457479437,0,222674,6,4.395,-3.669,0.000,1,4.867,2,4.105,3,5.506,4,5.998,255,0,0,0,0
1671457479496,59,222733,6,4.395,-3.669,0.000,1,4.867,2,4.105,3,5.506,4,5.998,255,0,0,0,0
1671457479518,22,222755,6,4.395,-3.669,0.000,1,4.883,2,4.099,3,5.506,4,5.998,255,0,0,0,0
1671457479528,10,222765,6,4.369,-3.669,0.000,1,4.883,2,4.099,3,5.500,4,5.998,255,0,0,0,0
1671457479618,90,222855,6,4.369,-3.669,0.000,1,4.883,2,4.099,3,5.500,4,5.998,255,0,0,0,0
1671457479712,94,222949,6,4.369,-3.669,0.000,1,4.864,2,4.099,3,5.500,4,5.998,255,0,0,0,0
1671457479713,1,222950,6,4.382,-3.670,0.000,1,4.864,2,4.099,3,5.500,4,5.998,255,0,0,0,0
1671457479735,22,222972,6,4.382,-3.670,0.000,1,4.864,2,4.099,3,5.506,4,5.998,255,0,0,0,0
1671457479804,69,223041,6,4.382,-3.670,0.000,1,4.880,2,4.099,3,5.506,4,5.998,255,0,0,0,0
1671457479835,31,223072,6,4.392,-3.672,0.000,1,4.880,2,4.099,3,5.506,4,5.998,255,0,0,0,0
1671457479895,60,223132,6,4.395,-3.676,0.000,1,4.880,2,4.099,3,5.506,4,5.998,255,0,0,0,0
1671457480018,123,223255,6,4.395,-3.676,0.000,1,4.880,2,4.099,3,5.506,4,5.998,255,0,0,0,0
1671457480018,0,223255,6,4.395,-3.676,0.000,1,4.880,2,4.099,3,5.506,4,5.998,255,0,0,0,0
1671457480124,106,223361,6,4.395,-3.676,0.000,1,4.880,2,4.099,3,5.506,4,5.998,255,0,0,0,0
1671457480155,31,223392,6,4.395,-3.676,0.000,1,4.880,2,4.099,3,5.506,4,5.998,255,0,0,0,0
1671457480186,31,223423,6,4.395,-3.676,0.000,1,4.880,2,4.099,3,5.506,4,5.998,255,0,0,0,0
1671457480218,32,223455,6,4.395,-3.676,0.000,1,4.880,2,4.099,3,5.506,4,5.998,255,0,0,0,0
1671457480340,122,223577,6,4.395,-3.676,0.000,1,4.880,2,4.099,3,5.506,4,5.998,255,0,0,0,0
1671457480340,0,223577,6,4.395,-3.676,0.000,1,4.880,2,4.099,3,5.506,4,5.998,255,0,0,0,0
1671457480402,62,223639,6,4.395,-3.676,0.000,1,4.869,2,4.099,3,5.506,4,5.998,255,0,0,0,0
1671457480610,208,223847,6,4.395,-3.676,0.000,1,4.878,2,4.094,3,5.506,4,5.992,255,0,0,0,0
1671457480629,19,223866,6,4.387,-3.656,0.000,1,4.878,2,4.094,3,5.506,4,5.992,255,0,0,0,0
1671457480673,44,223910,6,4.394,-3.674,0.000,1,4.878,2,4.094,3,5.506,4,5.992,255,0,0,0,0
1671457480764,91,224001,6,4.394,-3.674,0.000,1,4.878,2,4.094,3,5.506,4,5.992,255,0,0,0,0
1671457480764,0,224001,6,4.394,-3.674,0.000,1,4.878,2,4.094,3,5.506,4,5.992,255,0,0,0,0
1671457480823,59,224060,6,4.394,-3.674,0.000,1,4.878,2,4.094,3,5.506,4,5.992,255,0,0,0,0
1671457480915,92,224152,6,4.394,-3.674,0.000,1,4.878,2,4.094,3,5.506,4,5.992,255,0,0,0,0
1671457480945,30,224182,3,0.003,0.000,2.220,255,0,0,0,0
1671457480945,0,224182,4,9.390,0.000,2.220,255,0,0,0,0
1671457480945,0,224182,6,4.394,-3.674,0.000,1,4.878,2,4.094,3,5.506,4,5.992,255,0,0,0,0
1671457480945,0,224182,1,9.390,-3.685,2.220,255,0,0,0,0
1671457480945,0,224182,2,0.003,-3.685,2.220,255,0,0,0,0
1671457481078,133,224315,6,4.394,-3.674,0.000,1,4.878,2,4.094,3,5.506,4,5.992,255,0,0,0,0
1671457481129,51,224366,6,4.394,-3.674,0.000,1,4.878,2,4.094,3,5.506,4,5.992,255,0,0,0,0
1671457481129,0,224366,6,4.394,-3.674,0.000,1,4.878,2,4.094,3,5.506,4,5.992,255,0,0,0,0
1671457481156,27,224393,6,4.394,-3.674,0.000,1,4.878,2,4.094,3,5.506,4,5.992,255,0,0,0,0
1671457481220,64,224457,6,4.394,-3.674,0.000,1,4.878,2,4.094,3,5.506,4,5.992,255,0,0,0,0
1671457481250,30,224487,6,4.394,-3.674,0.000,1,4.878,2,4.094,3,5.506,4,5.992,255,0,0,0,0
1671457481282,32,224519,6,4.394,-3.674,0.000,1,4.878,2,4.094,3,5.506,4,5.992,255,0,0,0,0
1671457481345,63,224582,6,4.394,-3.674,0.000,1,4.878,2,4.094,3,5.506,4,5.992,255,0,0,0,0
1671457481345,0,224582,6,4.394,-3.674,0.000,1,4.878,2,4.094,3,5.506,4,5.992,255,0,0,0,0
1671457481422,77,224659,6,4.394,-3.674,0.000,1,4.878,2,4.094,3,5.506,4,5.992,255,0,0,0,0
1671457481483,61,224720,6,4.394,-3.674,0.000,1,4.878,2,4.094,3,5.506,4,5.992,255,0,0,0,0
1671457481559,76,224796,6,4.394,-3.674,0.000,1,4.878,2,4.094,3,5.506,4,5.992,255,0,0,0,0
1671457481590,31,224827,6,4.394,-3.674,0.000,1,4.878,2,4.094,3,5.506,4,5.992,255,0,0,0,0
1671457481667,77,224904,6,4.394,-3.674,0.000,1,4.878,2,4.094,3,5.506,4,5.992,255,0,0,0,0
1671457481667,0,224904,6,4.394,-3.674,0.000,1,4.878,2,4.094,3,5.506,4,5.992,255,0,0,0,0
1671457481698,31,224935,6,4.394,-3.674,0.000,1,4.878,2,4.094,3,5.506,4,5.992,255,0,0,0,0
1671457481713,15,224950,6,4.394,-3.674,0.000,1,4.878,2,4.094,3,5.506,4,5.992,255,0,0,0,0
1671457481749,36,224986,6,4.394,-3.674,0.000,1,4.878,2,4.094,3,5.506,4,5.992,255,0,0,0,0
1671457481775,26,225012,6,4.394,-3.674,0.000,1,4.878,2,4.094,3,5.506,4,5.992,255,0,0,0,0
1671457481884,109,225121,6,4.394,-3.674,0.000,1,4.878,2,4.094,3,5.506,4,5.992,255,0,0,0,0
1671457481884,0,225121,6,4.394,-3.674,0.000,1,4.878,2,4.094,3,5.506,4,5.992,255,0,0,0,0
1671457481974,90,225211,6,4.394,-3.674,0.000,1,4.878,2,4.094,3,5.506,4,5.992,255,0,0,0,0
1671457482008,34,225245,6,4.394,-3.674,0.000,1,4.878,2,4.094,3,5.506,4,5.992,255,0,0,0,0
1671457482052,44,225289,6,4.394,-3.674,0.000,1,4.878,2,4.094,3,5.506,4,5.992,255,0,0,0,0
1671457482113,61,225350,6,4.394,-3.674,0.000,1,4.878,2,4.094,3,5.506,4,5.992,255,0,0,0,0
1671457482143,30,225380,6,4.394,-3.674,0.000,1,4.878,2,4.094,3,5.506,4,5.992,255,0,0,0,0
1671457482143,0,225380,6,4.394,-3.674,0.000,1,4.878,2,4.094,3,5.506,4,5.992,255,0,0,0,0
1671457482252,109,225489,6,4.394,-3.674,0.000,1,4.878,2,4.094,3,5.506,4,5.992,255,0,0,0,0
1671457482360,108,225597,6,4.394,-3.674,0.000,1,4.878,2,4.094,3,5.506,4,5.992,255,0,0,0,0
1671457482377,17,225614,6,4.394,-3.674,0.000,1,4.878,2,4.094,3,5.506,4,5.992,255,0,0,0,0
1671457482468,91,225705,6,4.395,-3.675,0.000,1,4.878,2,4.094,3,5.506,4,5.992,255,0,0,0,0
1671457482534,66,225771,6,4.395,-3.675,0.000,1,4.878,2,4.094,3,5.506,4,5.992,255,0,0,0,0
1671457482534,0,225771,6,4.395,-3.675,0.000,1,4.878,2,4.094,3,5.506,4,5.992,255,0,0,0,0
1671457482564,30,225801,6,4.395,-3.676,0.000,1,4.878,2,4.094,3,5.506,4,5.992,255,0,0,0,0
1671457482657,93,225894,6,4.395,-3.676,0.000,1,4.878,2,4.094,3,5.506,4,5.992,255,0,0,0,0
1671457482749,92,225986,6,4.395,-3.676,0.000,1,4.883,2,4.094,3,5.506,4,5.992,255,0,0,0,0
1671457482811,62,226048,6,4.416,-3.729,0.000,1,4.883,2,4.094,3,5.506,4,5.998,255,0,0,0,0
1671457482849,38,226086,6,4.425,-3.750,0.000,1,4.883,2,4.094,3,5.506,4,5.998,255,0,0,0,0
1671457482850,1,226087,6,4.418,-3.734,0.000,1,4.883,2,4.094,3,5.506,4,5.998,255,0,0,0,0
1671457482902,52,226139,6,4.408,-3.710,0.000,1,4.883,2,4.094,3,5.506,4,5.998,255,0,0,0,0
1671457482926,24,226163,6,4.339,-3.537,0.000,1,4.883,2,4.094,3,5.506,4,5.998,255,0,0,0,0
1671457482948,22,226185,6,4.339,-3.537,0.000,1,4.883,2,4.094,3,5.506,4,5.998,255,0,0,0,0
1671457483058,110,226295,6,4.339,-3.537,0.000,1,4.883,2,4.094,3,5.506,4,5.998,255,0,0,0,0
1671457483103,45,226340,6,4.339,-3.537,0.000,1,4.886,2,4.097,3,5.506,4,5.998,255,0,0,0,0
1671457483104,1,226341,6,4.371,-3.621,0.000,1,4.886,2,4.097,3,5.506,4,5.998,255,0,0,0,0
1671457483133,29,226370,6,4.371,-3.621,0.000,1,4.886,2,4.097,3,5.506,4,5.998,255,0,0,0,0
1671457483195,62,226432,6,4.371,-3.621,0.000,1,4.886,2,4.097,3,5.506,4,5.998,255,0,0,0,0
1671457483229,34,226466,6,4.393,-3.680,0.000,1,4.886,2,4.102,3,5.506,4,5.998,255,0,0,0,0
1671457483303,74,226540,6,4.393,-3.680,0.000,1,4.886,2,4.102,3,5.506,4,5.998,255,0,0,0,0
1671457483343,40,226580,6,4.393,-3.680,0.000,1,4.883,2,4.108,3,5.506,4,5.998,255,0,0,0,0
1671457483343,0,226580,6,4.366,-3.636,0.000,1,4.883,2,4.108,3,5.506,4,5.998,255,0,0,0,0
1671457483425,82,226662,6,4.366,-3.636,0.000,1,4.883,2,4.108,3,5.506,4,5.998,255,0,0,0,0
1671457483470,45,226707,6,4.366,-3.636,0.000,1,4.880,2,4.110,3,5.506,4,5.992,255,0,0,0,0
1671457483503,33,226740,6,4.325,-3.497,0.000,1,4.880,2,4.110,3,5.506,4,5.992,255,0,0,0,0
1671457483623,120,226860,6,4.325,-3.497,0.000,1,4.880,2,4.110,3,5.506,4,5.992,255,0,0,0,0
1671457483685,62,226922,6,4.325,-3.497,0.000,1,4.886,2,4.113,3,5.506,4,5.998,255,0,0,0,0
1671457483687,2,226924,6,4.350,-3.554,0.000,1,4.886,2,4.113,3,5.506,4,5.998,255,0,0,0,0
1671457483779,92,227016,6,4.350,-3.554,0.000,1,4.886,2,4.113,3,5.506,4,5.998,255,0,0,0,0
1671457483883,104,227120,6,4.376,-3.614,0.000,1,4.886,2,4.113,3,5.506,4,5.998,255,0,0,0,0
1671457483900,17,227137,6,4.375,-3.634,0.000,1,4.886,2,4.113,3,5.506,4,5.998,255,0,0,0,0
1671457483976,76,227213,6,4.375,-3.634,0.000,1,4.886,2,4.113,3,5.506,4,5.998,255,0,0,0,0
1671457484006,30,227243,6,4.375,-3.634,0.000,1,4.886,2,4.119,3,5.506,4,5.998,255,0,0,0,0
1671457484006,0,227243,6,4.375,-3.634,0.000,1,4.886,2,4.119,3,5.506,4,5.998,255,0,0,0,0
1671457484045,39,227282,6,4.340,-3.649,0.000,1,4.886,2,4.119,3,5.506,4,5.998,255,0,0,0,0
1671457484099,54,227336,6,4.340,-3.649,0.000,1,4.886,2,4.119,3,5.506,4,5.998,255,0,0,0,0
1671457484156,57,227393,6,4.340,-3.649,0.000,1,4.886,2,4.113,3,5.506,4,5.998,255,0,0,0,0
1671457484219,63,227456,6,4.340,-3.649,0.000,1,4.886,2,4.113,3,5.506,4,5.998,255,0,0,0,0
1671457484234,15,227471,6,4.340,-3.649,0.000,1,4.883,2,4.108,3,5.506,4,5.998,255,0,0,0,0
1671457484234,0,227471,6,4.340,-3.649,0.000,1,4.883,2,4.108,3,5.506,4,5.998,255,0,0,0,0
1671457484342,108,227579,6,4.340,-3.649,0.000,1,4.883,2,4.108,3,5.506,4,5.998,255,0,0,0,0
1671457484435,93,227672,6,4.327,-3.661,0.000,1,4.883,2,4.102,3,5.506,4,5.998,255,0,0,0,0
1671457484542,107,227779,6,4.327,-3.661,0.000,1,4.891,2,4.113,3,5.506,4,5.998,255,0,0,0,0
1671457484559,17,227796,6,4.317,-3.666,0.000,1,4.894,2,4.099,3,5.506,4,5.998,255,0,0,0,0
1671457484660,101,227897,6,4.317,-3.666,0.000,1,4.894,2,4.099,3,5.506,4,5.998,255,0,0,0,0
1671457484660,0,227897,6,4.317,-3.666,0.000,1,4.894,2,4.099,3,5.506,4,5.998,255,0,0,0,0
1671457484730,70,227967,6,4.371,-3.707,0.000,1,4.891,2,4.099,3,5.506,4,5.998,255,0,0,0,0
1671457484761,31,227998,6,4.377,-3.634,0.000,1,4.891,2,4.099,3,5.506,4,5.998,255,0,0,0,0
1671457484874,113,228111,6,4.377,-3.634,0.000,1,4.891,2,4.099,3,5.506,4,5.998,255,0,0,0,0
1671457484920,46,228157,6,4.317,-3.474,0.000,1,4.891,2,4.099,3,5.506,4,5.998,255,0,0,0,0
1671457484975,55,228212,6,4.317,-3.474,0.000,1,4.894,2,4.099,3,5.506,4,5.998,255,0,0,0,0
1671457484975,0,228212,6,4.317,-3.474,0.000,1,4.894,2,4.099,3,5.506,4,5.998,255,0,0,0,0
1671457484991,16,228228,6,4.344,-3.544,0.000,1,4.894,2,4.099,3,5.506,4,5.998,255,0,0,0,0
1671457485098,107,228335,6,4.392,-3.667,0.000,1,4.894,2,4.099,3,5.506,4,5.998,255,0,0,0,0
1671457485136,38,228373,6,4.392,-3.667,0.000,1,4.864,2,4.085,3,5.503,4,5.998,255,0,0,0,0
1671457485160,24,228397,6,4.392,-3.667,0.000,1,4.864,2,4.085,3,5.503,4,5.998,255,0,0,0,0
1671457485285,125,228522,6,4.392,-3.667,0.000,1,4.864,2,4.085,3,5.503,4,5.998,255,0,0,0,0
1671457485286,1,228523,6,4.392,-3.667,0.000,1,4.864,2,4.085,3,5.503,4,5.998,255,0,0,0,0
1671457485312,26,228549,6,4.392,-3.667,0.000,1,4.894,2,4.110,3,5.489,4,5.998,255,0,0,0,0
1671457485333,21,228570,6,4.389,-3.655,0.000,1,4.894,2,4.110,3,5.489,4,5.998,255,0,0,0,0
1671457485391,58,228628,6,4.389,-3.655,0.000,1,4.894,2,4.110,3,5.489,4,5.998,255,0,0,0,0
1671457485486,95,228723,6,4.389,-3.643,0.000,1,4.894,2,4.110,3,5.506,4,5.998,255,0,0,0,0
1671457485546,60,228783,6,4.389,-3.643,0.000,1,4.878,2,4.110,3,5.481,4,5.998,255,0,0,0,0
1671457485546,0,228783,6,4.389,-3.643,0.000,1,4.878,2,4.110,3,5.481,4,5.998,255,0,0,0,0
1671457485638,92,228875,6,4.389,-3.643,0.000,1,4.886,2,4.108,3,5.506,4,5.998,255,0,0,0,0
1671457485654,16,228891,6,4.382,-3.626,0.000,1,4.886,2,4.108,3,5.506,4,5.998,255,0,0,0,0
1671457485762,108,228999,6,4.382,-3.626,0.000,1,4.886,2,4.108,3,5.506,4,5.998,255,0,0,0,0
1671457485903,141,229140,6,4.394,-3.639,0.000,1,4.891,2,4.108,3,5.506,4,5.998,255,0,0,0,0
1671457485934,31,229171,6,4.394,-3.639,0.000,1,4.891,2,4.108,3,5.506,4,5.998,255,0,0,0,0
1671457485934,0,229171,6,4.375,-3.609,0.000,1,4.891,2,4.108,3,5.506,4,5.998,255,0,0,0,0
1671457486014,80,229251,6,4.375,-3.609,0.000,1,4.842,2,4.099,3,5.506,4,5.998,255,0,0,0,0
1671457486042,28,229279,6,4.310,-3.527,0.000,1,4.842,2,4.099,3,5.506,4,5.998,255,0,0,0,0
1671457486074,32,229311,6,4.312,-3.465,0.000,1,4.894,2,4.099,3,5.506,4,5.998,255,0,0,0,0
1671457486103,29,229340,6,4.312,-3.465,0.000,1,4.894,2,4.099,3,5.506,4,5.998,255,0,0,0,0
1671457486189,86,229426,6,4.312,-3.465,0.000,1,4.894,2,4.099,3,5.506,4,5.998,255,0,0,0,0
1671457486189,0,229426,6,4.361,-3.591,0.000,1,4.894,2,4.099,3,5.506,4,5.998,255,0,0,0,0
1671457486227,38,229464,6,4.361,-3.591,0.000,1,4.894,2,4.099,3,5.506,4,5.998,255,0,0,0,0
1671457486255,28,229492,6,4.361,-3.591,0.000,1,4.894,2,4.099,3,5.506,4,5.998,255,0,0,0,0
1671457486485,230,229722,6,4.361,-3.591,0.000,1,4.894,2,4.099,3,5.506,4,5.998,255,0,0,0,0
1671457486516,31,229753,6,4.361,-3.591,0.000,1,4.894,2,4.099,3,5.506,4,5.998,255,0,0,0,0
1671457486516,0,229753,6,4.361,-3.591,0.000,1,4.894,2,4.099,3,5.506,4,5.998,255,0,0,0,0
1671457486531,15,229768,6,4.361,-3.591,0.000,1,4.894,2,4.099,3,5.506,4,5.998,255,0,0,0,0
1671457486609,78,229846,6,4.361,-3.591,0.000,1,4.894,2,4.099,3,5.506,4,5.998,255,0,0,0,0
1671457486721,112,229958,6,4.317,-3.478,0.000,1,4.894,2,4.099,3,5.506,4,5.998,255,0,0,0,0
1671457486750,29,229987,6,4.317,-3.478,0.000,1,4.894,2,4.097,3,5.506,4,5.998,255,0,0,0,0
1671457486856,106,230093,6,4.317,-3.478,0.000,1,4.894,2,4.097,3,5.506,4,5.998,255,0,0,0,0
1671457486856,0,230093,6,4.317,-3.478,0.000,1,4.894,2,4.097,3,5.506,4,5.998,255,0,0,0,0
1671457486922,66,230159,6,4.317,-3.478,0.000,1,4.891,2,4.091,3,5.506,4,5.998,255,0,0,0,0
1671457487015,93,230252,6,4.336,-3.663,0.000,1,4.891,2,4.091,3,5.506,4,5.998,255,0,0,0,0
1671457487044,29,230281,6,4.337,-3.682,0.000,1,4.883,2,4.083,3,5.492,4,6.014,255,0,0,0,0
1671457487075,31,230312,6,4.337,-3.682,0.000,1,4.894,2,4.091,3,5.506,4,6.014,255,0,0,0,0
1671457487168,93,230405,6,4.337,-3.682,0.000,1,4.894,2,4.091,3,5.506,4,5.998,255,0,0,0,0
1671457487169,1,230406,6,4.342,-3.628,0.000,1,4.894,2,4.091,3,5.506,4,5.998,255,0,0,0,0
1671457487184,15,230421,6,4.352,-3.620,0.000,1,4.894,2,4.091,3,5.506,4,5.998,255,0,0,0,0
1671457487290,106,230527,6,4.352,-3.620,0.000,1,4.894,2,4.091,3,5.506,4,5.998,255,0,0,0,0
1671457487498,208,230735,6,4.352,-3.620,0.000,1,4.891,2,4.094,3,5.506,4,5.998,255,0,0,0,0
1671457487572,74,230809,6,4.374,-3.678,0.000,1,4.891,2,4.094,3,5.506,4,5.998,255,0,0,0,0
1671457487638,66,230875,6,4.374,-3.678,0.000,1,4.891,2,4.094,3,5.506,4,5.998,255,0,0,0,0
1671457487638,0,230875,6,4.374,-3.678,0.000,1,4.891,2,4.094,3,5.506,4,5.998,255,0,0,0,0
1671457487719,81,230956,6,4.331,-3.683,0.000,1,4.891,2,4.094,3,5.506,4,5.998,255,0,0,0,0
1671457487784,65,231021,6,4.331,-3.683,0.000,1,4.891,2,4.094,3,5.506,4,5.998,255,0,0,0,0
1671457487863,79,231100,6,4.331,-3.683,0.000,1,4.891,2,4.094,3,5.506,4,5.998,255,0,0,0,0
1671457487953,90,231190,6,4.331,-3.683,0.000,1,4.891,2,4.094,3,5.506,4,5.998,255,0,0,0,0
1671457488013,60,231250,6,4.331,-3.683,0.000,1,4.891,2,4.094,3,5.506,4,5.998,255,0,0,0,0
1671457488013,0,231250,6,4.331,-3.683,0.000,1,4.891,2,4.094,3,5.506,4,5.998,255,0,0,0,0
1671457488122,109,231359,6,4.331,-3.683,0.000,1,4.891,2,4.094,3,5.506,4,5.998,255,0,0,0,0
1671457488201,79,231438,6,4.331,-3.683,0.000,1,4.891,2,4.094,3,5.506,4,5.998,255,0,0,0,0
1671457488262,61,231499,6,4.331,-3.683,0.000,1,4.891,2,4.094,3,5.506,4,5.998,255,0,0,0,0
1671457488278,16,231515,6,4.331,-3.683,0.000,1,4.891,2,4.094,3,5.506,4,5.998,255,0,0,0,0
1671457488369,91,231606,6,4.331,-3.683,0.000,1,4.891,2,4.094,3,5.506,4,5.998,255,0,0,0,0
1671457488369,0,231606,6,4.331,-3.683,0.000,1,4.891,2,4.094,3,5.506,4,5.998,255,0,0,0,0
1671457488446,77,231683,6,4.331,-3.683,0.000,1,4.891,2,4.094,3,5.506,4,5.998,255,0,0,0,0
1671457488477,31,231714,6,4.331,-3.683,0.000,1,4.891,2,4.094,3,5.506,4,5.998,255,0,0,0,0
1671457488553,76,231790,6,4.331,-3.683,0.000,1,4.891,2,4.094,3,5.506,4,5.998,255,0,0,0,0
1671457488583,30,231820,6,4.331,-3.683,0.000,1,4.891,2,4.094,3,5.506,4,5.998,255,0,0,0,0
1671457488614,31,231851,6,4.331,-3.683,0.000,1,4.891,2,4.094,3,5.506,4,5.998,255,0,0,0,0
1671457488614,0,231851,6,4.331,-3.683,0.000,1,4.891,2,4.094,3,5.506,4,5.998,255,0,0,0,0
1671457488644,30,231881,6,4.331,-3.683,0.000,1,4.891,2,4.094,3,5.506,4,5.998,255,0,0,0,0
1671457488722,78,231959,6,4.331,-3.683,0.000,1,4.891,2,4.094,3,5.506,4,5.998,255,0,0,0,0
1671457488783,61,232020,6,4.331,-3.683,0.000,1,4.891,2,4.094,3,5.506,4,5.998,255,0,0,0,0
1671457488814,31,232051,6,4.331,-3.683,0.000,1,4.891,2,4.094,3,5.506,4,5.998,255,0,0,0,0
1671457488892,78,232129,6,4.331,-3.683,0.000,1,4.891,2,4.094,3,5.506,4,5.998,255,0,0,0,0
1671457488892,0,232129,6,4.331,-3.683,0.000,1,4.891,2,4.094,3,5.506,4,5.998,255,0,0,0,0
1671457488921,29,232158,6,4.331,-3.683,0.000,1,4.891,2,4.094,3,5.506,4,5.998,255,0,0,0,0
1671457488938,17,232175,6,4.331,-3.683,0.000,1,4.891,2,4.094,3,5.506,4,5.998,255,0,0,0,0
1671457489030,92,232267,6,4.331,-3.683,0.000,1,4.891,2,4.094,3,5.506,4,5.998,255,0,0,0,0
1671457489105,75,232342,6,4.331,-3.683,0.000,1,4.891,2,4.094,3,5.506,4,5.998,255,0,0,0,0
1671457489134,29,232371,6,4.331,-3.683,0.000,1,4.891,2,4.094,3,5.506,4,5.998,255,0,0,0,0
1671457489134,0,232371,6,4.331,-3.683,0.000,1,4.891,2,4.094,3,5.506,4,5.998,255,0,0,0,0
1671457489243,109,232480,6,4.331,-3.683,0.000,1,4.891,2,4.094,3,5.506,4,5.998,255,0,0,0,0
1671457489321,78,232558,6,4.331,-3.683,0.000,1,4.894,2,4.108,3,5.506,4,5.998,255,0,0,0,0
1671457489357,36,232594,6,4.331,-3.683,0.000,1,4.891,2,4.105,3,5.511,4,5.998,255,0,0,0,0
1671457489381,24,232618,6,4.331,-3.683,0.000,1,4.891,2,4.105,3,5.511,4,5.998,255,0,0,0,0
1671457489486,105,232723,6,4.290,-3.687,0.000,1,4.891,2,4.105,3,5.511,4,5.998,255,0,0,0,0
1671457489487,1,232724,6,4.294,-3.686,0.000,1,4.891,2,4.105,3,5.511,4,5.998,255,0,0,0,0
1671457489606,119,232843,6,4.392,-3.673,0.000,1,4.878,2,4.105,3,5.506,4,5.998,255,0,0,0,0
1671457489682,76,232919,6,4.392,-3.673,0.000,1,4.894,2,4.108,3,5.506,4,5.998,255,0,0,0,0
1671457489698,16,232935,6,4.404,-3.697,0.000,1,4.894,2,4.108,3,5.481,4,5.998,255,0,0,0,0
1671457489745,47,232982,6,4.404,-3.697,0.000,1,4.894,2,4.108,3,5.481,4,5.998,255,0,0,0,0
1671457489805,60,233042,6,4.404,-3.697,0.000,1,4.894,2,4.108,3,5.481,4,5.998,255,0,0,0,0
1671457489806,1,233043,6,4.369,-3.579,0.000,1,4.894,2,4.108,3,5.481,4,5.998,255,0,0,0,0
1671457489906,100,233143,6,4.319,-3.485,0.000,1,4.894,2,4.108,3,5.481,4,5.998,255,0,0,0,0
1671457489948,42,233185,6,4.319,-3.485,0.000,1,4.894,2,4.108,3,5.481,4,5.998,255,0,0,0,0
1671457490014,66,233251,6,4.319,-3.485,0.000,1,4.894,2,4.099,3,5.506,4,5.998,255,0,0,0,0
1671457490036,22,233273,6,4.345,-3.560,0.000,1,4.894,2,4.099,3,5.506,4,5.998,255,0,0,0,0
1671457490112,76,233349,6,4.345,-3.560,0.000,1,4.894,2,4.099,3,5.506,4,5.998,255,0,0,0,0
1671457490112,0,233349,6,4.340,-3.613,0.000,1,4.894,2,4.099,3,5.506,4,5.998,255,0,0,0,0
1671457490203,91,233440,6,4.340,-3.613,0.000,1,4.894,2,4.099,3,5.506,4,5.998,255,0,0,0,0
1671457490234,31,233471,6,4.308,-3.669,0.000,1,4.891,2,4.102,3,5.506,4,5.998,255,0,0,0,0
1671457490312,78,233549,6,4.308,-3.669,0.000,1,4.891,2,4.102,3,5.506,4,5.998,255,0,0,0,0
1671457490342,30,233579,6,4.308,-3.669,0.000,1,4.891,2,4.099,3,5.506,4,5.998,255,0,0,0,0
1671457490418,76,233655,6,4.308,-3.669,0.000,1,4.891,2,4.099,3,5.506,4,5.998,255,0,0,0,0
1671457490419,1,233656,6,4.349,-3.636,0.000,1,4.891,2,4.099,3,5.506,4,5.998,255,0,0,0,0
1671457490449,30,233686,6,4.349,-3.636,0.000,1,4.891,2,4.099,3,5.506,4,5.998,255,0,0,0,0
1671457490495,46,233732,6,4.349,-3.636,0.000,1,4.894,2,4.097,3,5.506,4,5.998,255,0,0,0,0
1671457490619,124,233856,6,4.349,-3.636,0.000,1,4.894,2,4.097,3,5.506,4,5.998,255,0,0,0,0
1671457490674,55,233911,6,4.315,-3.472,0.000,1,4.891,2,4.097,3,5.506,4,5.998,255,0,0,0,0
1671457490738,64,233975,6,4.315,-3.472,0.000,1,4.894,2,4.094,3,5.506,4,5.998,255,0,0,0,0
1671457490738,0,233975,6,4.315,-3.472,0.000,1,4.894,2,4.094,3,5.506,4,5.998,255,0,0,0,0
1671457490768,30,234005,6,4.315,-3.472,0.000,1,4.894,2,4.094,3,5.506,4,5.998,255,0,0,0,0
1671457490800,32,234037,6,4.356,-3.612,0.000,1,4.894,2,4.094,3,5.506,4,5.998,255,0,0,0,0
1671457490829,29,234066,6,4.356,-3.612,0.000,1,4.894,2,4.094,3,5.506,4,5.998,255,0,0,0,0
1671457490889,60,234126,6,4.356,-3.612,0.000,1,4.894,2,4.094,3,5.506,4,5.998,255,0,0,0,0
1671457490906,17,234143,6,4.356,-3.612,0.000,1,4.894,2,4.094,3,5.506,4,5.998,255,0,0,0,0
1671457490907,1,234144,6,4.327,-3.660,0.000,1,4.894,2,4.094,3,5.506,4,5.998,255,0,0,0,0
1671457491134,227,234371,2,0.003,-3.685,2.220,255,0,0,0,0
1671457491134,0,234371,3,0.003,0.000,2.220,255,0,0,0,0
1671457491134,0,234371,4,9.390,0.000,2.220,255,0,0,0,0
1671457491134,0,234371,6,4.327,-3.660,0.000,1,4.894,2,4.094,3,5.506,4,5.998,255,0,0,0,0
1671457491134,0,234371,1,9.390,-3.685,2.220,255,0,0,0,0
1671457491195,61,234432,6,4.327,-3.660,0.000,1,4.894,2,4.094,3,5.506,4,5.998,255,0,0,0,0
1671457491241,46,234478,6,4.312,-3.686,0.000,1,4.894,2,4.094,3,5.506,4,5.998,255,0,0,0,0
1671457491302,61,234539,6,4.312,-3.686,0.000,1,4.894,2,4.094,3,5.506,4,5.998,255,0,0,0,0
1671457491302,0,234539,6,4.312,-3.686,0.000,1,4.894,2,4.094,3,5.506,4,5.998,255,0,0,0,0
1671457491397,95,234634,6,4.298,-3.694,0.000,1,4.894,2,4.094,3,5.506,4,5.998,255,0,0,0,0
1671457491487,90,234724,6,4.298,-3.694,0.000,1,4.894,2,4.097,3,5.506,4,5.998,255,0,0,0,0
1671457491548,61,234785,6,4.298,-3.694,0.000,1,4.894,2,4.099,3,5.506,4,5.998,255,0,0,0,0
1671457491564,16,234801,6,4.350,-3.685,0.000,1,4.894,2,4.099,3,5.506,4,5.998,255,0,0,0,0
1671457491669,105,234906,6,4.350,-3.685,0.000,1,4.894,2,4.099,3,5.506,4,5.998,255,0,0,0,0
1671457491670,1,234907,6,4.357,-3.658,0.000,1,4.894,2,4.099,3,5.506,4,5.998,255,0,0,0,0
1671457491776,106,235013,6,4.357,-3.658,0.000,1,4.894,2,4.099,3,5.506,4,5.998,255,0,0,0,0
1671457491882,106,235119,6,4.370,-3.620,0.000,1,4.894,2,4.094,3,5.506,4,5.998,255,0,0,0,0
1671457491919,37,235156,6,4.370,-3.620,0.000,1,4.894,2,4.094,3,5.506,4,5.998,255,0,0,0,0
1671457491986,67,235223,6,4.317,-3.478,0.000,1,4.894,2,4.094,3,5.506,4,5.998,255,0,0,0,0
1671457492004,18,235241,6,4.317,-3.478,0.000,1,4.894,2,4.094,3,5.506,4,5.998,255,0,0,0,0
1671457492005,1,235242,6,4.347,-3.557,0.000,1,4.894,2,4.094,3,5.506,4,5.998,255,0,0,0,0
1671457492082,77,235319,6,4.393,-3.678,0.000,1,4.894,2,4.094,3,5.506,4,5.998,255,0,0,0,0
1671457492173,91,235410,6,4.393,-3.678,0.000,1,4.891,2,4.088,3,5.506,4,5.998,255,0,0,0,0
1671457492232,59,235469,6,4.393,-3.678,0.000,1,4.891,2,4.088,3,5.506,4,5.998,255,0,0,0,0
1671457492264,32,235501,6,4.395,-3.689,0.000,1,4.894,2,4.088,3,5.506,4,5.998,255,0,0,0,0
1671457492370,106,235607,6,4.395,-3.689,0.000,1,4.894,2,4.088,3,5.506,4,5.998,255,0,0,0,0
1671457492370,0,235607,6,4.395,-3.689,0.000,1,4.894,2,4.088,3,5.506,4,5.998,255,0,0,0,0
1671457492402,32,235639,6,4.382,-3.688,0.000,1,4.891,2,4.091,3,5.506,4,5.998,255,0,0,0,0
1671457492423,21,235660,6,4.382,-3.688,0.000,1,4.891,2,4.091,3,5.506,4,5.998,255,0,0,0,0
1671457492494,71,235731,6,4.393,-3.689,0.000,1,4.886,2,4.091,3,5.511,4,5.998,255,0,0,0,0
1671457492524,30,235761,6,4.393,-3.689,0.000,1,4.886,2,4.091,3,5.511,4,5.998,255,0,0,0,0
1671457492615,91,235852,6,4.393,-3.689,0.000,1,4.886,2,4.091,3,5.511,4,5.998,255,0,0,0,0
1671457492616,1,235853,6,4.395,-3.689,0.000,1,4.886,2,4.091,3,5.511,4,5.998,255,0,0,0,0
1671457492642,26,235879,6,4.395,-3.689,0.000,1,4.894,2,4.088,3,5.506,4,5.998,255,0,0,0,0
1671457492661,19,235898,6,4.395,-3.689,0.000,1,4.894,2,4.088,3,5.506,4,5.998,255,0,0,0,0
1671457492816,155,236053,6,4.417,-3.693,0.000,1,4.894,2,4.088,3,5.506,4,5.998,255,0,0,0,0
1671457492937,121,236174,6,4.417,-3.693,0.000,1,4.894,2,4.085,3,5.481,4,5.998,255,0,0,0,0
1671457492984,47,236221,6,4.417,-3.693,0.000,1,4.894,2,4.085,3,5.481,4,5.998,255,0,0,0,0
1671457492985,1,236222,6,4.402,-3.684,0.000,1,4.894,2,4.085,3,5.481,4,5.998,255,0,0,0,0
1671457493255,270,236492,6,4.402,-3.684,0.000,1,4.891,2,4.085,3,5.506,4,5.989,255,0,0,0,0
1671457493287,32,236524,6,4.383,-3.678,0.000,1,4.891,2,4.085,3,5.506,4,5.989,255,0,0,0,0
1671457493317,30,236554,6,4.382,-3.657,0.000,1,4.891,2,4.085,3,5.506,4,5.989,255,0,0,0,0
1671457493405,88,236642,6,4.382,-3.657,0.000,1,4.891,2,4.085,3,5.506,4,5.989,255,0,0,0,0
1671457493405,0,236642,6,4.382,-3.657,0.000,1,4.891,2,4.085,3,5.506,4,5.989,255,0,0,0,0
1671457493470,65,236707,6,4.325,-3.683,0.000,1,4.894,2,4.085,3,5.506,4,5.998,255,0,0,0,0
1671457493530,60,236767,6,4.325,-3.683,0.000,1,4.894,2,4.085,3,5.506,4,5.998,255,0,0,0,0
1671457493668,138,236905,6,4.325,-3.683,0.000,1,4.894,2,4.085,3,5.506,4,5.998,255,0,0,0,0
1671457493772,104,237009,6,4.325,-3.683,0.000,1,4.894,2,4.085,3,5.506,4,5.998,255,0,0,0,0
1671457493834,62,237071,6,4.325,-3.683,0.000,1,4.894,2,4.085,3,5.506,4,5.998,255,0,0,0,0
1671457493834,0,237071,6,4.325,-3.683,0.000,1,4.894,2,4.085,3,5.506,4,5.998,255,0,0,0,0
1671457493925,91,237162,6,4.325,-3.683,0.000,1,4.894,2,4.085,3,5.506,4,5.998,255,0,0,0,0
1671457494017,92,237254,6,4.325,-3.683,0.000,1,4.894,2,4.085,3,5.506,4,5.998,255,0,0,0,0
1671457494061,44,237298,6,4.325,-3.683,0.000,1,4.894,2,4.085,3,5.506,4,5.998,255,0,0,0,0
1671457494138,77,237375,6,4.325,-3.683,0.000,1,4.894,2,4.085,3,5.506,4,5.998,255,0,0,0,0
1671457494169,31,237406,6,4.325,-3.683,0.000,1,4.894,2,4.085,3,5.506,4,5.998,255,0,0,0,0
1671457494169,0,237406,6,4.325,-3.683,0.000,1,4.894,2,4.085,3,5.506,4,5.998,255,0,0,0,0
1671457494184,15,237421,6,4.325,-3.683,0.000,1,4.894,2,4.085,3,5.506,4,5.998,255,0,0,0,0
1671457494276,92,237513,6,4.325,-3.683,0.000,1,4.894,2,4.085,3,5.506,4,5.998,255,0,0,0,0
1671457494291,15,237528,6,4.325,-3.683,0.000,1,4.894,2,4.085,3,5.506,4,5.998,255,0,0,0,0
1671457494324,33,237561,6,4.325,-3.683,0.000,1,4.894,2,4.085,3,5.506,4,5.998,255,0,0,0,0
1671457494396,72,237633,6,4.325,-3.683,0.000,1,4.894,2,4.085,3,5.506,4,5.998,255,0,0,0,0
1671457494396,0,237633,6,4.325,-3.683,0.000,1,4.894,2,4.085,3,5.506,4,5.998,255,0,0,0,0
1671457494458,62,237695,6,4.325,-3.683,0.000,1,4.894,2,4.085,3,5.506,4,5.998,255,0,0,0,0
1671457494551,93,237788,6,4.325,-3.683,0.000,1,4.894,2,4.085,3,5.506,4,5.998,255,0,0,0,0
1671457494581,30,237818,6,4.325,-3.683,0.000,1,4.894,2,4.085,3,5.506,4,5.998,255,0,0,0,0
1671457494608,27,237845,6,4.325,-3.683,0.000,1,4.894,2,4.085,3,5.506,4,5.998,255,0,0,0,0
1671457494671,63,237908,6,4.325,-3.683,0.000,1,4.894,2,4.085,3,5.506,4,5.998,255,0,0,0,0
1671457494671,0,237908,6,4.325,-3.683,0.000,1,4.894,2,4.085,3,5.506,4,5.998,255,0,0,0,0
1671457494718,47,237955,6,4.325,-3.683,0.000,1,4.894,2,4.085,3,5.506,4,5.998,255,0,0,0,0
1671457494733,15,237970,6,4.325,-3.683,0.000,1,4.894,2,4.085,3,5.506,4,5.998,255,0,0,0,0
1671457494826,93,238063,6,4.325,-3.683,0.000,1,4.894,2,4.085,3,5.506,4,5.998,255,0,0,0,0
1671457494902,76,238139,6,4.325,-3.683,0.000,1,4.894,2,4.085,3,5.506,4,5.998,255,0,0,0,0
1671457494979,77,238216,6,4.325,-3.683,0.000,1,4.894,2,4.085,3,5.506,4,5.998,255,0,0,0,0
1671457494979,0,238216,6,4.325,-3.683,0.000,1,4.894,2,4.085,3,5.506,4,5.998,255,0,0,0,0
1671457495040,61,238277,6,4.325,-3.683,0.000,1,4.894,2,4.085,3,5.506,4,5.998,255,0,0,0,0
1671457495117,77,238354,6,4.325,-3.683,0.000,1,4.894,2,4.085,3,5.506,4,5.998,255,0,0,0,0
1671457495147,30,238384,6,4.325,-3.683,0.000,1,4.894,2,4.085,3,5.506,4,5.998,255,0,0,0,0
1671457495224,77,238461,6,4.325,-3.683,0.000,1,4.894,2,4.085,3,5.506,4,5.998,255,0,0,0,0
1671457495255,31,238492,6,4.323,-3.684,0.000,1,4.894,2,4.085,3,5.506,4,5.998,255,0,0,0,0
1671457495256,1,238493,6,4.323,-3.684,0.000,1,4.894,2,4.085,3,5.506,4,5.998,255,0,0,0,0
1671457495270,14,238507,6,4.323,-3.684,0.000,1,4.894,2,4.085,3,5.506,4,5.998,255,0,0,0,0
1671457495393,123,238630,6,4.323,-3.684,0.000,1,4.894,2,4.085,3,5.506,4,5.998,255,0,0,0,0
1671457495437,44,238674,6,4.320,-3.686,0.000,1,4.894,2,4.094,3,5.506,4,5.998,255,0,0,0,0
1671457495468,31,238705,6,4.317,-3.728,0.000,1,4.894,2,4.094,3,5.506,4,5.998,255,0,0,0,0
1671457495547,79,238784,6,4.312,-3.789,0.000,1,4.894,2,4.094,3,5.506,4,5.998,255,0,0,0,0
1671457495547,0,238784,6,4.312,-3.777,0.000,1,4.894,2,4.094,3,5.506,4,5.998,255,0,0,0,0
1671457495607,60,238844,6,4.310,-3.647,0.000,1,4.894,2,4.094,3,5.506,4,5.998,255,0,0,0,0
1671457495678,71,238915,6,4.316,-3.596,0.000,1,4.886,2,4.105,3,5.506,4,5.998,255,0,0,0,0
1671457495760,82,238997,6,4.316,-3.596,0.000,1,4.886,2,4.105,3,5.506,4,5.998,255,0,0,0,0
1671457495810,50,239047,6,4.325,-3.659,0.000,1,4.894,2,4.105,3,5.506,4,5.998,255,0,0,0,0
1671457495819,9,239056,6,4.325,-3.659,0.000,1,4.894,2,4.105,3,5.506,4,5.998,255,0,0,0,0
1671457495819,0,239056,6,4.325,-3.659,0.000,1,4.894,2,4.105,3,5.506,4,5.998,255,0,0,0,0
1671457495897,78,239134,6,4.400,-3.701,0.000,1,4.894,2,4.105,3,5.506,4,5.998,255,0,0,0,0
1671457495967,70,239204,6,4.400,-3.701,0.000,1,4.894,2,4.105,3,5.506,4,5.998,255,0,0,0,0
1671457495990,23,239227,6,4.362,-3.590,0.000,1,4.894,2,4.105,3,5.506,4,5.998,255,0,0,0,0
1671457496019,29,239256,6,4.362,-3.590,0.000,1,4.894,2,4.105,3,5.506,4,5.998,255,0,0,0,0
1671457496095,76,239332,6,4.362,-3.590,0.000,1,4.894,2,4.105,3,5.506,4,5.998,255,0,0,0,0
1671457496095,0,239332,6,4.362,-3.590,0.000,1,4.894,2,4.105,3,5.506,4,5.998,255,0,0,0,0
1671457496142,47,239379,6,4.392,-3.662,0.000,1,4.894,2,4.094,3,5.506,4,5.998,255,0,0,0,0
1671457496217,75,239454,6,4.392,-3.662,0.000,1,4.894,2,4.094,3,5.506,4,5.998,255,0,0,0,0
1671457496264,47,239501,6,4.392,-3.662,0.000,1,4.894,2,4.094,3,5.506,4,5.998,255,0,0,0,0
1671457496357,93,239594,6,4.392,-3.662,0.000,1,4.894,2,4.094,3,5.506,4,5.998,255,0,0,0,0
1671457496387,30,239624,6,4.392,-3.662,0.000,1,4.894,2,4.091,3,5.506,4,5.998,255,0,0,0,0
1671457496387,0,239624,6,4.392,-3.662,0.000,1,4.894,2,4.091,3,5.506,4,5.998,255,0,0,0,0
1671457496481,94,239718,6,4.395,-3.681,0.000,1,4.894,2,4.091,3,5.506,4,5.998,255,0,0,0,0
1671457496511,30,239748,6,4.395,-3.681,0.000,1,4.891,2,4.091,3,5.506,4,5.998,255,0,0,0,0
1671457496541,30,239778,6,4.395,-3.681,0.000,1,4.891,2,4.091,3,5.506,4,5.998,255,0,0,0,0
1671457496587,46,239824,6,4.395,-3.681,0.000,1,4.891,2,4.091,3,5.506,4,5.998,255,0,0,0,0
1671457496680,93,239917,6,4.395,-3.681,0.000,1,4.891,2,4.091,3,5.506,4,5.998,255,0,0,0,0
1671457496681,1,239918,6,4.371,-3.683,0.000,1,4.891,2,4.091,3,5.506,4,5.998,255,0,0,0,0
1671457496728,47,239965,6,4.371,-3.683,0.000,1,4.894,2,4.091,3,5.506,4,5.998,255,0,0,0,0
1671457496796,68,240033,6,4.338,-3.684,0.000,1,4.894,2,4.091,3,5.506,4,5.998,255,0,0,0,0
1671457496924,128,240161,6,4.338,-3.684,0.000,1,4.894,2,4.094,3,5.506,4,5.998,255,0,0,0,0
1671457496986,62,240223,6,4.371,-3.683,0.000,1,4.894,2,4.094,3,5.506,4,5.998,255,0,0,0,0
1671457497015,29,240252,6,4.371,-3.683,0.000,1,4.894,2,4.094,3,5.506,4,5.998,255,0,0,0,0
1671457497015,0,240252,6,4.371,-3.683,0.000,1,4.894,2,4.094,3,5.506,4,5.998,255,0,0,0,0
1671457497091,76,240328,6,4.347,-3.683,0.000,1,4.894,2,4.094,3,5.506,4,5.998,255,0,0,0,0
1671457497137,46,240374,6,4.389,-3.689,0.000,1,4.894,2,4.085,3,5.500,4,5.998,255,0,0,0,0
1671457497229,92,240466,6,4.389,-3.689,0.000,1,4.894,2,4.085,3,5.500,4,5.998,255,0,0,0,0
1671457497320,91,240557,6,4.389,-3.689,0.000,1,4.894,2,4.094,3,5.506,4,5.998,255,0,0,0,0
1671457497344,24,240581,6,4.389,-3.689,0.000,1,4.894,2,4.094,3,5.506,4,5.998,255,0,0,0,0
1671457497345,1,240582,6,4.370,-3.685,0.000,1,4.894,2,4.094,3,5.506,4,5.998,255,0,0,0,0
1671457497411,66,240648,6,4.370,-3.685,0.000,1,4.891,2,4.094,3,5.506,4,5.998,255,0,0,0,0
1671457497444,33,240681,6,4.358,-3.736,0.000,1,4.891,2,4.094,3,5.506,4,5.998,255,0,0,0,0
1671457497471,27,240708,6,4.319,-3.687,0.000,1,4.891,2,4.094,3,5.506,4,5.998,255,0,0,0,0
1671457497547,76,240784,6,4.319,-3.687,0.000,1,4.891,2,4.094,3,5.506,4,5.998,255,0,0,0,0
1671457497579,32,240816,6,4.319,-3.687,0.000,1,4.891,2,4.094,3,5.506,4,5.998,255,0,0,0,0
1671457497580,1,240817,6,4.339,-3.643,0.000,1,4.891,2,4.094,3,5.506,4,5.998,255,0,0,0,0
1671457497609,29,240846,6,4.339,-3.643,0.000,1,4.891,2,4.094,3,5.506,4,5.998,255,0,0,0,0
1671457497686,77,240923,6,4.339,-3.643,0.000,1,4.891,2,4.094,3,5.506,4,5.998,255,0,0,0,0
1671457497764,78,241001,6,4.399,-3.677,0.000,1,4.891,2,4.094,3,5.506,4,5.998,255,0,0,0,0
1671457497886,122,241123,6,4.399,-3.677,0.000,1,4.894,2,4.091,3,5.503,4,5.998,255,0,0,0,0
1671457497932,46,241169,6,4.399,-3.677,0.000,1,4.894,2,4.091,3,5.503,4,5.998,255,0,0,0,0
1671457497932,0,241169,6,4.399,-3.677,0.000,1,4.894,2,4.091,3,5.503,4,5.998,255,0,0,0,0
1671457497963,31,241200,6,4.325,-3.676,0.000,1,4.894,2,4.088,3,5.506,4,5.998,255,0,0,0,0
1671457498024,61,241261,6,4.325,-3.676,0.000,1,4.894,2,4.088,3,5.506,4,5.998,255,0,0,0,0
1671457498086,62,241323,6,4.390,-3.684,0.000,1,4.894,2,4.088,3,5.506,4,5.998,255,0,0,0,0
1671457498176,90,241413,6,4.401,-3.687,0.000,1,4.891,2,4.088,3,5.506,4,5.998,255,0,0,0,0
1671457498216,40,241453,6,4.401,-3.687,0.000,1,4.891,2,4.088,3,5.506,4,5.998,255,0,0,0,0
1671457498216,0,241453,6,4.401,-3.687,0.000,1,4.891,2,4.088,3,5.506,4,5.998,255,0,0,0,0
1671457498296,80,241533,6,4.401,-3.687,0.000,1,4.894,2,4.088,3,5.506,4,5.998,255,0,0,0,0
1671457498328,32,241565,6,4.364,-3.688,0.000,1,4.894,2,4.088,3,5.506,4,5.998,255,0,0,0,0
1671457498418,90,241655,6,4.317,-3.688,0.000,1,4.891,2,4.088,3,5.506,4,5.998,255,0,0,0,0
1671457498440,22,241677,6,4.317,-3.688,0.000,1,4.891,2,4.088,3,5.506,4,5.998,255,0,0,0,0
1671457498523,83,241760,6,4.317,-3.688,0.000,1,4.891,2,4.088,3,5.506,4,5.998,255,0,0,0,0
1671457498524,1,241761,6,4.355,-3.688,0.000,1,4.891,2,4.088,3,5.506,4,5.998,255,0,0,0,0
1671457498548,24,241785,6,4.355,-3.688,0.000,1,4.883,2,4.069,3,5.506,4,5.998,255,0,0,0,0
1671457498555,7,241792,6,4.355,-3.688,0.000,1,4.883,2,4.069,3,5.506,4,5.998,255,0,0,0,0
1671457498646,91,241883,6,4.355,-3.688,0.000,1,4.883,2,4.069,3,5.506,4,5.998,255,0,0,0,0
1671457498661,15,241898,6,4.355,-3.688,0.000,1,4.897,2,4.085,3,5.506,4,5.992,255,0,0,0,0
1671457498697,36,241934,6,4.355,-3.688,0.000,1,4.897,2,4.085,3,5.506,4,5.992,255,0,0,0,0
1671457498698,1,241935,6,4.352,-3.697,0.000,1,4.897,2,4.085,3,5.506,4,5.992,255,0,0,0,0
1671457498783,85,242020,6,4.352,-3.697,0.000,1,4.897,2,4.085,3,5.506,4,5.992,255,0,0,0,0
1671457499597,814,242834,6,4.352,-3.697,0.000,1,4.897,2,4.085,3,5.506,4,5.992,255,0,0,0,0
1671457499658,61,242895,6,4.364,-3.693,0.000,1,4.897,2,4.085,3,5.506,4,5.992,255,0,0,0,0
1671457499688,30,242925,6,4.364,-3.693,0.000,1,4.897,2,4.085,3,5.506,4,5.992,255,0,0,0,0
1671457499763,75,243000,6,4.364,-3.693,0.000,1,4.897,2,4.085,3,5.506,4,5.992,255,0,0,0,0
1671457499764,1,243001,6,4.358,-3.693,0.000,1,4.897,2,4.085,3,5.506,4,5.992,255,0,0,0,0
1671457499824,60,243061,6,4.358,-3.693,0.000,1,4.897,2,4.085,3,5.506,4,5.992,255,0,0,0,0
1671457499901,77,243138,6,4.358,-3.693,0.000,1,4.894,2,4.085,3,5.509,4,5.998,255,0,0,0,0
1671457499963,62,243200,6,4.358,-3.693,0.000,1,4.894,2,4.085,3,5.509,4,5.998,255,0,0,0,0
1671457499978,15,243215,6,4.358,-3.693,0.000,1,4.894,2,4.085,3,5.509,4,5.998,255,0,0,0,0
1671457500016,38,243253,6,4.358,-3.693,0.000,1,4.894,2,4.085,3,5.509,4,5.998,255,0,0,0,0
1671457500016,0,243253,6,4.358,-3.693,0.000,1,4.894,2,4.085,3,5.509,4,5.998,255,0,0,0,0
1671457500070,54,243307,6,4.358,-3.693,0.000,1,4.894,2,4.085,3,5.509,4,5.998,255,0,0,0,0
1671457500230,160,243467,6,4.358,-3.693,0.000,1,4.894,2,4.085,3,5.509,4,5.998,255,0,0,0,0
1671457500253,23,243490,6,4.358,-3.693,0.000,1,4.894,2,4.085,3,5.509,4,5.998,255,0,0,0,0
1671457500284,31,243521,6,4.358,-3.693,0.000,1,4.894,2,4.085,3,5.509,4,5.998,255,0,0,0,0
1671457500376,92,243613,6,4.358,-3.693,0.000,1,4.894,2,4.085,3,5.509,4,5.998,255,0,0,0,0
1671457500376,0,243613,6,4.358,-3.693,0.000,1,4.894,2,4.085,3,5.509,4,5.998,255,0,0,0,0
1671457500407,31,243644,6,4.358,-3.693,0.000,1,4.894,2,4.085,3,5.509,4,5.998,255,0,0,0,0
1671457500484,77,243721,6,4.358,-3.693,0.000,1,4.894,2,4.085,3,5.509,4,5.998,255,0,0,0,0
1671457500529,45,243766,6,4.358,-3.693,0.000,1,4.894,2,4.085,3,5.509,4,5.998,255,0,0,0,0
1671457500620,91,243857,6,4.358,-3.693,0.000,1,4.894,2,4.085,3,5.509,4,5.998,255,0,0,0,0
1671457500697,77,243934,6,4.358,-3.693,0.000,1,4.894,2,4.085,3,5.509,4,5.998,255,0,0,0,0
1671457500697,0,243934,6,4.358,-3.693,0.000,1,4.894,2,4.085,3,5.509,4,5.998,255,0,0,0,0
1671457500728,31,243965,6,4.358,-3.693,0.000,1,4.894,2,4.085,3,5.509,4,5.998,255,0,0,0,0
1671457500743,15,243980,6,4.358,-3.693,0.000,1,4.894,2,4.085,3,5.509,4,5.998,255,0,0,0,0
1671457500778,35,244015,6,4.358,-3.693,0.000,1,4.894,2,4.085,3,5.509,4,5.998,255,0,0,0,0
1671457500895,117,244132,6,4.358,-3.693,0.000,1,4.894,2,4.085,3,5.509,4,5.998,255,0,0,0,0
1671457500955,60,244192,6,4.358,-3.693,0.000,1,4.894,2,4.085,3,5.509,4,5.998,255,0,0,0,0
1671457500956,1,244193,6,4.358,-3.693,0.000,1,4.894,2,4.085,3,5.509,4,5.998,255,0,0,0,0
1671457501003,47,244240,6,4.358,-3.693,0.000,1,4.894,2,4.085,3,5.509,4,5.998,255,0,0,0,0
1671457501060,57,244297,6,4.358,-3.693,0.000,1,4.894,2,4.085,3,5.509,4,5.998,255,0,0,0,0
1671457501079,19,244316,6,4.358,-3.693,0.000,1,4.894,2,4.085,3,5.509,4,5.998,255,0,0,0,0
1671457501109,30,244346,6,4.358,-3.693,0.000,1,4.894,2,4.085,3,5.509,4,5.998,255,0,0,0,0
1671457501170,61,244407,6,4.358,-3.693,0.000,1,4.894,2,4.085,3,5.509,4,5.998,255,0,0,0,0
1671457501170,0,244407,1,9.390,-3.685,2.220,255,0,0,0,0
1671457501170,0,244407,2,0.003,-3.685,2.220,255,0,0,0,0
1671457501170,0,244407,3,0.003,0.000,2.220,255,0,0,0,0
1671457501170,0,244407,4,9.390,0.000,2.220,255,0,0,0,0
1671457501170,0,244407,6,4.358,-3.693,0.000,1,4.894,2,4.085,3,5.509,4,5.998,255,0,0,0,0
1671457501247,77,244484,6,4.358,-3.693,0.000,1,4.894,2,4.085,3,5.509,4,5.998,255,0,0,0,0
1671457501276,29,244513,6,4.358,-3.693,0.000,1,4.894,2,4.085,3,5.509,4,5.998,255,0,0,0,0
1671457501351,75,244588,6,4.358,-3.693,0.000,1,4.894,2,4.085,3,5.509,4,5.998,255,0,0,0,0
1671457501386,35,244623,6,4.341,-3.694,0.000,1,4.894,2,4.085,3,5.509,4,5.998,255,0,0,0,0
1671457501458,72,244695,6,4.333,-3.694,0.000,1,4.894,2,4.085,3,5.509,4,5.998,255,0,0,0,0
1671457501458,0,244695,6,4.333,-3.694,0.000,1,4.894,2,4.085,3,5.509,4,5.998,255,0,0,0,0
1671457501488,30,244725,6,4.323,-3.695,0.000,1,4.894,2,4.085,3,5.509,4,5.998,255,0,0,0,0
1671457501566,78,244803,6,4.323,-3.695,0.000,1,4.894,2,4.085,3,5.509,4,5.998,255,0,0,0,0
1671457501598,32,244835,6,4.319,-3.695,0.000,1,4.894,2,4.085,3,5.509,4,5.998,255,0,0,0,0
1671457501689,91,244926,6,4.316,-3.695,0.000,1,4.894,2,4.085,3,5.509,4,5.998,255,0,0,0,0
1671457501717,28,244954,6,4.315,-3.695,0.000,1,4.894,2,4.085,3,5.509,4,5.995,255,0,0,0,0
1671457501717,0,244954,6,4.315,-3.695,0.000,1,4.894,2,4.085,3,5.509,4,5.995,255,0,0,0,0
1671457501798,81,245035,6,4.314,-3.695,0.000,1,4.894,2,4.085,3,5.509,4,5.995,255,0,0,0,0
1671457501829,31,245066,6,4.314,-3.695,0.000,1,4.894,2,4.085,3,5.509,4,5.995,255,0,0,0,0
1671457501844,15,245081,6,4.313,-3.695,0.000,1,4.894,2,4.085,3,5.509,4,5.995,255,0,0,0,0
1671457501876,32,245113,6,4.313,-3.695,0.000,1,4.894,2,4.085,3,5.509,4,5.995,255,0,0,0,0
1671457501983,107,245220,6,4.312,-3.695,0.000,1,4.894,2,4.085,3,5.509,4,5.995,255,0,0,0,0
1671457501983,0,245220,6,4.313,-3.695,0.000,1,4.894,2,4.085,3,5.509,4,5.995,255,0,0,0,0
1671457502044,61,245281,6,4.274,-3.698,0.000,1,4.894,2,4.085,3,5.509,4,5.995,255,0,0,0,0
1671457502120,76,245357,6,4.274,-3.698,0.000,1,4.894,2,4.085,3,5.509,4,5.995,255,0,0,0,0
1671457502167,47,245404,6,4.281,-3.705,0.000,1,4.894,2,4.091,3,5.492,4,5.998,255,0,0,0,0
1671457502210,43,245447,6,4.390,-3.671,0.000,1,4.894,2,4.091,3,5.492,4,5.998,255,0,0,0,0
1671457502228,18,245465,6,4.390,-3.671,0.000,1,4.894,2,4.091,3,5.492,4,5.998,255,0,0,0,0
1671457502228,0,245465,6,4.390,-3.671,0.000,1,4.894,2,4.091,3,5.492,4,5.998,255,0,0,0,0
1671457502319,91,245556,6,4.393,-3.645,0.000,1,4.894,2,4.091,3,5.492,4,5.998,255,0,0,0,0
1671457502375,56,245612,6,4.393,-3.645,0.000,1,4.894,2,4.091,3,5.492,4,5.998,255,0,0,0,0
1671457502440,65,245677,6,4.327,-3.652,0.000,1,4.897,2,4.091,3,5.511,4,5.998,255,0,0,0,0
1671457502471,31,245708,6,4.327,-3.652,0.000,1,4.897,2,4.091,3,5.511,4,5.998,255,0,0,0,0
1671457502579,108,245816,6,4.327,-3.652,0.000,1,4.897,2,4.091,3,5.511,4,5.998,255,0,0,0,0
1671457502580,1,245817,6,4.349,-3.644,0.000,1,4.897,2,4.091,3,5.511,4,5.998,255,0,0,0,0
1671457502671,91,245908,6,4.349,-3.644,0.000,1,4.891,2,4.097,3,5.509,4,5.998,255,0,0,0,0
1671457502702,31,245939,6,4.390,-3.681,0.000,1,4.897,2,4.099,3,5.506,4,5.998,255,0,0,0,0
1671457502794,92,246031,6,4.390,-3.681,0.000,1,4.897,2,4.099,3,5.506,4,5.998,255,0,0,0,0
1671457502824,30,246061,6,4.392,-3.682,0.000,1,4.891,2,4.099,3,5.506,4,5.998,255,0,0,0,0
1671457502885,61,246122,6,4.392,-3.682,0.000,1,4.891,2,4.099,3,5.506,4,5.998,255,0,0,0,0
1671457502885,0,246122,6,4.392,-3.682,0.000,1,4.891,2,4.099,3,5.506,4,5.998,255,0,0,0,0
1671457502932,47,246169,6,4.328,-3.677,0.000,1,4.891,2,4.099,3,5.506,4,5.998,255,0,0,0,0
1671457502965,33,246202,6,4.328,-3.677,0.000,1,4.891,2,4.099,3,5.506,4,5.998,255,0,0,0,0
1671457503077,112,246314,6,4.384,-3.676,0.000,1,4.891,2,4.099,3,5.506,4,5.998,255,0,0,0,0
1671457503129,52,246366,6,4.384,-3.676,0.000,1,4.891,2,4.099,3,5.506,4,5.998,255,0,0,0,0
1671457503234,105,246471,6,4.384,-3.676,0.000,1,4.894,2,4.091,3,5.506,4,5.998,255,0,0,0,0
1671457503234,0,246471,6,4.384,-3.676,0.000,1,4.894,2,4.091,3,5.506,4,5.998,255,0,0,0,0
1671457503265,31,246502,6,4.384,-3.676,0.000,1,4.891,2,4.085,3,5.511,4,5.998,255,0,0,0,0
1671457503297,32,246534,6,4.353,-3.681,0.000,1,4.891,2,4.085,3,5.511,4,5.998,255,0,0,0,0
1671457504098,801,247335,6,4.353,-3.681,0.000,1,4.891,2,4.085,3,5.511,4,5.998,255,0,0,0,0
1671457504124,26,247361,6,4.344,-3.684,0.000,1,4.891,2,4.085,3,5.511,4,5.998,255,0,0,0,0
1671457504143,19,247380,6,4.344,-3.684,0.000,1,4.891,2,4.085,3,5.511,4,5.998,255,0,0,0,0
1671457504143,0,247380,6,4.344,-3.684,0.000,1,4.891,2,4.085,3,5.511,4,5.998,255,0,0,0,0
1671457504173,30,247410,6,4.344,-3.684,0.000,1,4.891,2,4.085,3,5.511,4,5.998,255,0,0,0,0
1671457504315,142,247552,6,4.313,-3.698,0.000,1,4.891,2,4.085,3,5.511,4,5.998,255,0,0,0,0
1671457504340,25,247577,6,4.313,-3.698,0.000,1,4.891,2,4.085,3,5.511,4,5.998,255,0,0,0,0
1671457504355,15,247592,6,4.313,-3.698,0.000,1,4.891,2,4.085,3,5.511,4,5.998,255,0,0,0,0
1671457504390,35,247627,6,4.313,-3.698,0.000,1,4.891,2,4.085,3,5.511,4,5.998,255,0,0,0,0
1671457504390,0,247627,6,4.313,-3.698,0.000,1,4.891,2,4.085,3,5.511,4,5.998,255,0,0,0,0
1671457504447,57,247684,6,4.313,-3.698,0.000,1,4.891,2,4.085,3,5.511,4,5.998,255,0,0,0,0
1671457504523,76,247760,6,4.313,-3.698,0.000,1,4.891,2,4.085,3,5.511,4,5.998,255,0,0,0,0
1671457504555,32,247792,6,4.313,-3.698,0.000,1,4.891,2,4.085,3,5.511,4,5.998,255,0,0,0,0
1671457504632,77,247869,6,4.313,-3.698,0.000,1,4.891,2,4.085,3,5.511,4,5.998,255,0,0,0,0
1671457504661,29,247898,6,4.313,-3.698,0.000,1,4.891,2,4.085,3,5.511,4,5.998,255,0,0,0,0
1671457504661,0,247898,6,4.313,-3.698,0.000,1,4.891,2,4.085,3,5.511,4,5.998,255,0,0,0,0
1671457504738,77,247975,6,4.313,-3.698,0.000,1,4.891,2,4.085,3,5.511,4,5.998,255,0,0,0,0
1671457504769,31,248006,6,4.313,-3.698,0.000,1,4.891,2,4.085,3,5.511,4,5.998,255,0,0,0,0
1671457504876,107,248113,6,4.313,-3.698,0.000,1,4.891,2,4.085,3,5.511,4,5.998,255,0,0,0,0
1671457504938,62,248175,6,4.313,-3.698,0.000,1,4.891,2,4.085,3,5.511,4,5.998,255,0,0,0,0
1671457505000,62,248237,6,4.313,-3.698,0.000,1,4.891,2,4.085,3,5.511,4,5.998,255,0,0,0,0
1671457505001,1,248238,6,4.313,-3.698,0.000,1,4.891,2,4.085,3,5.511,4,5.998,255,0,0,0,0
1671457505075,74,248312,6,4.313,-3.698,0.000,1,4.891,2,4.085,3,5.511,4,5.998,255,0,0,0,0
1671457505106,31,248343,6,4.313,-3.698,0.000,1,4.891,2,4.085,3,5.511,4,5.998,255,0,0,0,0
1671457505183,77,248420,6,4.313,-3.698,0.000,1,4.891,2,4.085,3,5.511,4,5.998,255,0,0,0,0
1671457505214,31,248451,6,4.313,-3.698,0.000,1,4.891,2,4.085,3,5.511,4,5.998,255,0,0,0,0
1671457505229,15,248466,6,4.313,-3.698,0.000,1,4.891,2,4.085,3,5.511,4,5.998,255,0,0,0,0
1671457505229,0,248466,6,4.313,-3.698,0.000,1,4.891,2,4.085,3,5.511,4,5.998,255,0,0,0,0
1671457505262,33,248499,6,4.313,-3.698,0.000,1,4.891,2,4.085,3,5.511,4,5.998,255,0,0,0,0
1671457505291,29,248528,6,4.313,-3.698,0.000,1,4.891,2,4.085,3,5.511,4,5.998,255,0,0,0,0
1671457505412,121,248649,6,4.313,-3.698,0.000,1,4.891,2,4.085,3,5.511,4,5.998,255,0,0,0,0
1671457505437,25,248674,6,4.313,-3.698,0.000,1,4.891,2,4.085,3,5.511,4,5.998,255,0,0,0,0
1671457505443,6,248680,6,4.313,-3.698,0.000,1,4.891,2,4.085,3,5.511,4,5.998,255,0,0,0,0
1671457505443,0,248680,6,4.313,-3.698,0.000,1,4.891,2,4.085,3,5.511,4,5.998,255,0,0,0,0
1671457505479,36,248716,6,4.313,-3.698,0.000,1,4.891,2,4.085,3,5.511,4,5.998,255,0,0,0,0
1671457505533,54,248770,6,4.313,-3.698,0.000,1,4.891,2,4.085,3,5.511,4,5.998,255,0,0,0,0
1671457505624,91,248861,6,4.313,-3.698,0.000,1,4.891,2,4.085,3,5.511,4,5.998,255,0,0,0,0
1671457505670,46,248907,6,4.313,-3.698,0.000,1,4.894,2,4.083,3,5.506,4,5.998,255,0,0,0,0
1671457505794,124,249031,6,4.313,-3.698,0.000,1,4.894,2,4.083,3,5.506,4,5.998,255,0,0,0,0
1671457505794,0,249031,6,4.313,-3.698,0.000,1,4.894,2,4.083,3,5.506,4,5.998,255,0,0,0,0
1671457505885,91,249122,6,4.304,-3.699,0.000,1,4.844,2,4.083,3,5.506,4,5.998,255,0,0,0,0
1671457505979,94,249216,6,4.304,-3.699,0.000,1,4.844,2,4.083,3,5.506,4,5.998,255,0,0,0,0
1671457506056,77,249293,6,4.318,-3.699,0.000,1,4.886,2,4.085,3,5.506,4,5.998,255,0,0,0,0
1671457506095,39,249332,6,4.357,-3.650,0.000,1,4.886,2,4.085,3,5.506,4,5.998,255,0,0,0,0
1671457506162,67,249399,6,4.357,-3.650,0.000,1,4.886,2,4.085,3,5.506,4,5.998,255,0,0,0,0
1671457506162,0,249399,6,4.357,-3.650,0.000,1,4.886,2,4.085,3,5.506,4,5.998,255,0,0,0,0
1671457506192,30,249429,6,4.331,-3.567,0.000,1,4.897,2,4.083,3,5.506,4,5.998,255,0,0,0,0
1671457506298,106,249535,6,4.317,-3.465,0.000,1,4.897,2,4.083,3,5.506,4,5.998,255,0,0,0,0
1671457506328,30,249565,6,4.317,-3.465,0.000,1,4.886,2,4.083,3,5.506,4,5.998,255,0,0,0,0
1671457506358,30,249595,6,4.317,-3.465,0.000,1,4.886,2,4.083,3,5.506,4,5.998,255,0,0,0,0
1671457506388,30,249625,6,4.317,-3.465,0.000,1,4.886,2,4.083,3,5.506,4,5.998,255,0,0,0,0
1671457506389,1,249626,6,4.342,-3.575,0.000,1,4.886,2,4.083,3,5.506,4,5.998,255,0,0,0,0
1671457506496,107,249733,6,4.342,-3.575,0.000,1,4.886,2,4.083,3,5.506,4,5.998,255,0,0,0,0
1671457506542,46,249779,6,4.390,-3.683,0.000,1,4.894,2,4.083,3,5.506,4,5.998,255,0,0,0,0
1671457506574,32,249811,6,4.390,-3.683,0.000,1,4.894,2,4.083,3,5.506,4,5.998,255,0,0,0,0
1671457506603,29,249840,6,4.390,-3.683,0.000,1,4.894,2,4.083,3,5.506,4,5.998,255,0,0,0,0
1671457506685,82,249922,6,4.390,-3.683,0.000,1,4.894,2,4.083,3,5.506,4,5.998,255,0,0,0,0
1671457506685,0,249922,6,4.390,-3.683,0.000,1,4.894,2,4.083,3,5.506,4,5.998,255,0,0,0,0
1671457506908,223,250145,6,4.390,-3.683,0.000,1,4.891,2,4.088,3,5.492,4,5.998,255,0,0,0,0
1671457506937,29,250174,6,4.390,-3.683,0.000,1,4.891,2,4.088,3,5.492,4,5.998,255,0,0,0,0
1671457507014,77,250251,6,4.390,-3.683,0.000,1,4.894,2,4.088,3,5.506,4,5.998,255,0,0,0,0
1671457507076,62,250313,6,4.366,-3.685,0.000,1,4.897,2,4.088,3,5.506,4,5.998,255,0,0,0,0
1671457507076,0,250313,6,4.366,-3.685,0.000,1,4.897,2,4.088,3,5.506,4,5.998,255,0,0,0,0
1671457507167,91,250404,6,4.367,-3.678,0.000,1,4.897,2,4.088,3,5.506,4,5.998,255,0,0,0,0
1671457507190,23,250427,6,4.366,-3.682,0.000,1,4.894,2,4.088,3,5.506,4,5.998,255,0,0,0,0
1671457507258,68,250495,6,4.366,-3.682,0.000,1,4.894,2,4.088,3,5.506,4,5.998,255,0,0,0,0
1671457507288,30,250525,6,4.314,-3.682,0.000,1,4.883,2,4.094,3,5.506,4,5.998,255,0,0,0,0
1671457507364,76,250601,6,4.314,-3.682,0.000,1,4.883,2,4.094,3,5.506,4,5.998,255,0,0,0,0
1671457507364,0,250601,6,4.314,-3.682,0.000,1,4.883,2,4.094,3,5.506,4,5.998,255,0,0,0,0
1671457507410,46,250647,6,4.295,-3.471,0.000,1,4.894,2,4.091,3,5.506,4,5.998,255,0,0,0,0
1671457507439,29,250676,6,4.295,-3.471,0.000,1,4.894,2,4.091,3,5.506,4,5.998,255,0,0,0,0
1671457507469,30,250706,6,4.295,-3.471,0.000,1,4.894,2,4.091,3,5.506,4,5.998,255,0,0,0,0
1671457507501,32,250738,6,4.375,-3.640,0.000,1,4.894,2,4.091,3,5.506,4,5.998,255,0,0,0,0
1671457507606,105,250843,6,4.375,-3.640,0.000,1,4.894,2,4.091,3,5.506,4,5.998,255,0,0,0,0
1671457507606,0,250843,6,4.375,-3.640,0.000,1,4.894,2,4.091,3,5.506,4,5.998,255,0,0,0,0
1671457507637,31,250874,6,4.397,-3.677,0.000,1,4.894,2,4.091,3,5.506,4,5.998,255,0,0,0,0
1671457507670,33,250907,6,4.397,-3.677,0.000,1,4.894,2,4.091,3,5.506,4,5.998,255,0,0,0,0
1671457507698,28,250935,6,4.397,-3.677,0.000,1,4.894,2,4.091,3,5.506,4,5.998,255,0,0,0,0
1671457507821,123,251058,6,4.312,-3.685,0.000,1,4.894,2,4.091,3,5.506,4,5.998,255,0,0,0,0
1671457507911,90,251148,6,4.312,-3.685,0.000,1,4.894,2,4.091,3,5.506,4,5.998,255,0,0,0,0
1671457507911,0,251148,6,4.312,-3.685,0.000,1,4.894,2,4.091,3,5.506,4,5.998,255,0,0,0,0
1671457507942,31,251179,6,4.312,-3.685,0.000,1,4.894,2,4.091,3,5.506,4,5.998,255,0,0,0,0
1671457507998,56,251235,6,4.332,-3.577,0.000,1,4.894,2,4.091,3,5.506,4,5.998,255,0,0,0,0
1671457508048,50,251285,6,4.307,-3.464,0.000,1,4.886,2,4.088,3,5.965,4,5.998,255,0,0,0,0
1671457508125,77,251362,6,4.307,-3.464,0.000,1,4.886,2,4.088,3,5.965,4,5.998,255,0,0,0,0
1671457508170,45,251407,6,4.307,-3.464,0.000,1,4.897,2,4.091,3,5.907,4,5.998,255,0,0,0,0
1671457508171,1,251408,6,4.320,-3.496,0.000,1,4.897,2,4.091,3,5.907,4,5.998,255,0,0,0,0
1671457508247,76,251484,6,4.320,-3.496,0.000,1,4.897,2,4.091,3,5.907,4,5.998,255,0,0,0,0
1671457508293,46,251530,6,4.245,-3.491,0.000,1,4.894,2,4.091,3,5.503,4,5.998,255,0,0,0,0
1671457508385,92,251622,6,4.245,-3.491,0.000,1,4.894,2,4.091,3,5.503,4,5.998,255,0,0,0,0
1671457508475,90,251712,6,4.245,-3.491,0.000,1,4.897,2,4.091,3,5.503,4,5.998,255,0,0,0,0
1671457508502,27,251739,6,4.245,-3.491,0.000,1,4.886,2,4.097,3,5.503,4,5.998,255,0,0,0,0
1671457508503,1,251740,6,4.364,-3.566,0.000,1,4.886,2,4.097,3,5.503,4,5.998,255,0,0,0,0
1671457508542,39,251779,6,4.364,-3.566,0.000,1,4.886,2,4.097,3,5.511,4,5.998,255,0,0,0,0
1671457508566,24,251803,6,4.382,-3.632,0.000,1,4.886,2,4.097,3,5.511,4,5.998,255,0,0,0,0
1671457508597,31,251834,6,4.382,-3.632,0.000,1,4.886,2,4.097,3,5.511,4,5.998,255,0,0,0,0
1671457508674,77,251911,6,4.382,-3.632,0.000,1,4.886,2,4.097,3,5.511,4,5.998,255,0,0,0,0
1671457508704,30,251941,6,4.382,-3.632,0.000,1,4.894,2,4.094,3,5.509,4,5.998,255,0,0,0,0
1671457508705,1,251942,6,4.382,-3.632,0.000,1,4.894,2,4.094,3,5.509,4,5.998,255,0,0,0,0
1671457508736,31,251973,6,4.365,-3.668,0.000,1,4.894,2,4.094,3,5.509,4,5.998,255,0,0,0,0
1671457508766,30,252003,6,4.365,-3.668,0.000,1,4.891,2,4.094,3,5.511,4,5.998,255,0,0,0,0
1671457508795,29,252032,6,4.365,-3.668,0.000,1,4.891,2,4.094,3,5.511,4,5.998,255,0,0,0,0
1671457508917,122,252154,6,4.316,-3.685,0.000,1,4.891,2,4.094,3,5.511,4,5.998,255,0,0,0,0
1671457508980,63,252217,6,4.316,-3.685,0.000,1,4.891,2,4.094,3,5.511,4,5.998,255,0,0,0,0
1671457508980,0,252217,6,4.316,-3.685,0.000,1,4.891,2,4.094,3,5.511,4,5.998,255,0,0,0,0
1671457509010,30,252247,6,4.316,-3.685,0.000,1,4.897,2,4.088,3,5.506,4,5.998,255,0,0,0,0
1671457509041,31,252278,6,4.316,-3.685,0.000,1,4.897,2,4.088,3,5.506,4,5.998,255,0,0,0,0
1671457509118,77,252355,6,4.321,-3.569,0.000,1,4.897,2,4.088,3,5.506,4,5.998,255,0,0,0,0
1671457509162,44,252399,6,4.325,-3.660,0.000,1,4.894,2,4.072,3,5.937,4,5.998,255,0,0,0,0
1671457509252,90,252489,6,4.325,-3.660,0.000,1,4.894,2,4.072,3,5.937,4,5.998,255,0,0,0,0
1671457509252,0,252489,6,4.325,-3.660,0.000,1,4.894,2,4.072,3,5.937,4,5.998,255,0,0,0,0
1671457509328,76,252565,6,4.325,-3.660,0.000,1,4.891,2,4.094,3,5.901,4,5.998,255,0,0,0,0
1671457509390,62,252627,6,4.489,-3.656,0.000,1,4.891,2,4.094,3,5.901,4,5.998,255,0,0,0,0
1671457509483,93,252720,6,4.489,-3.656,0.000,1,4.894,2,4.097,3,5.912,4,5.998,255,0,0,0,0
1671457509575,92,252812,6,4.527,-3.499,0.000,1,4.894,2,4.094,3,5.915,4,5.998,255,0,0,0,0
1671457509595,20,252832,6,4.527,-3.499,0.000,1,4.894,2,4.094,3,5.915,4,5.998,255,0,0,0,0
1671457509595,0,252832,6,4.464,-3.492,0.000,1,4.894,2,4.094,3,5.915,4,5.998,255,0,0,0,0
1671457509604,9,252841,6,4.464,-3.492,0.000,1,4.897,2,4.097,3,5.915,4,5.998,255,0,0,0,0
1671457509637,33,252874,6,4.319,-3.474,0.000,1,4.897,2,4.097,3,5.915,4,5.998,255,0,0,0,0
1671457509666,29,252903,6,4.312,-3.474,0.000,1,4.897,2,4.097,3,5.915,4,5.998,255,0,0,0,0
1671457509789,123,253026,6,4.312,-3.474,0.000,1,4.897,2,4.097,3,5.915,4,5.998,255,0,0,0,0
1671457509812,23,253049,6,4.312,-3.474,0.000,1,4.847,2,4.088,3,5.486,4,5.987,255,0,0,0,0
1671457509812,0,253049,6,4.312,-3.474,0.000,1,4.847,2,4.088,3,5.486,4,5.987,255,0,0,0,0
1671457509820,8,253057,6,4.312,-3.474,0.000,1,4.847,2,4.088,3,5.486,4,5.987,255,0,0,0,0
1671457509881,61,253118,6,4.312,-3.474,0.000,1,4.847,2,4.088,3,5.486,4,5.987,255,0,0,0,0
1671457509922,41,253159,6,4.369,-3.605,0.000,1,4.847,2,4.088,3,5.486,4,5.987,255,0,0,0,0
1671457509986,64,253223,6,4.381,-3.634,0.000,1,4.847,2,4.088,3,5.486,4,5.987,255,0,0,0,0
1671457510018,32,253255,6,4.381,-3.634,0.000,1,4.894,2,4.094,3,5.511,4,5.989,255,0,0,0,0
1671457510018,0,253255,6,4.381,-3.634,0.000,1,4.894,2,4.094,3,5.511,4,5.989,255,0,0,0,0
1671457510094,76,253331,6,4.381,-3.634,0.000,1,4.894,2,4.094,3,5.511,4,5.989,255,0,0,0,0
1671457510170,76,253407,6,4.381,-3.634,0.000,1,4.894,2,4.094,3,5.511,4,5.989,255,0,0,0,0
1671457510262,92,253499,6,4.391,-3.681,0.000,1,4.883,2,4.091,3,5.517,4,5.998,255,0,0,0,0
1671457510353,91,253590,6,4.391,-3.681,0.000,1,4.897,2,4.088,3,5.511,4,5.998,255,0,0,0,0
1671457510443,90,253680,6,4.391,-3.681,0.000,1,4.897,2,4.085,3,5.511,4,5.998,255,0,0,0,0
1671457510443,0,253680,6,4.375,-3.672,0.000,1,4.897,2,4.085,3,5.511,4,5.998,255,0,0,0,0
1671457510468,25,253705,6,4.375,-3.672,0.000,1,4.897,2,4.085,3,5.511,4,5.998,255,0,0,0,0
1671457510549,81,253786,6,4.311,-3.576,0.000,1,4.897,2,4.085,3,5.511,4,5.998,255,0,0,0,0
1671457510576,27,253813,6,4.353,-3.671,0.000,1,4.891,2,4.088,3,5.506,4,5.998,255,0,0,0,0
1671457510670,94,253907,6,4.400,-3.699,0.000,1,4.891,2,4.088,3,5.506,4,5.998,255,0,0,0,0
1671457510701,31,253938,6,4.400,-3.699,0.000,1,4.894,2,4.097,3,6.029,4,5.998,255,0,0,0,0
1671457510701,0,253938,6,4.400,-3.699,0.000,1,4.894,2,4.097,3,6.029,4,5.998,255,0,0,0,0
1671457510732,31,253969,6,4.400,-3.699,0.000,1,4.894,2,4.097,3,6.029,4,5.998,255,0,0,0,0
1671457510763,31,254000,6,4.323,-3.690,0.000,1,4.894,2,4.097,3,6.029,4,5.998,255,0,0,0,0
1671457510916,153,254153,6,4.323,-3.690,0.000,1,4.894,2,4.097,3,6.029,4,5.998,255,0,0,0,0
1671457510948,32,254185,6,4.323,-3.690,0.000,1,4.894,2,4.097,3,6.029,4,5.998,255,0,0,0,0
1671457511008,60,254245,6,4.323,-3.690,0.000,1,4.894,2,4.097,3,6.029,4,5.998,255,0,0,0,0
1671457511008,0,254245,6,4.323,-3.690,0.000,1,4.894,2,4.097,3,6.029,4,5.998,255,0,0,0,0
1671457511038,30,254275,6,4.323,-3.690,0.000,1,4.894,2,4.091,3,5.959,4,5.992,255,0,0,0,0
1671457511125,87,254362,6,4.311,-3.477,0.000,1,4.894,2,4.091,3,5.959,4,5.992,255,0,0,0,0
1671457511169,44,254406,6,4.283,-3.476,0.000,1,4.897,2,4.088,3,5.926,4,5.998,255,0,0,0,0
1671457511221,52,254458,4,9.390,0.000,2.220,255,0,0,0,0
1671457511221,0,254458,6,4.283,-3.476,0.000,1,4.897,2,4.088,3,5.926,4,5.998,255,0,0,0,0
1671457511221,0,254458,1,9.390,-3.685,2.220,255,0,0,0,0
1671457511221,0,254458,2,0.003,-3.685,2.220,255,0,0,0,0
1671457511221,0,254458,3,0.003,0.000,2.220,255,0,0,0,0
1671457511299,78,254536,6,4.283,-3.476,0.000,1,4.897,2,4.088,3,5.926,4,5.998,255,0,0,0,0
1671457511299,0,254536,6,4.283,-3.476,0.000,1,4.897,2,4.088,3,5.926,4,5.998,255,0,0,0,0
1671457511360,61,254597,6,4.601,-3.466,0.000,1,4.894,2,4.091,3,5.929,4,5.998,255,0,0,0,0
1671457511497,137,254734,6,4.601,-3.466,0.000,1,4.897,2,4.088,3,5.931,4,5.998,255,0,0,0,0
1671457511573,76,254810,6,4.404,-3.470,0.000,1,4.894,2,4.083,3,5.887,4,5.998,255,0,0,0,0
1671457511666,93,254903,6,4.404,-3.470,0.000,1,4.894,2,4.083,3,5.887,4,5.998,255,0,0,0,0
1671457511742,76,254979,6,4.404,-3.470,0.000,1,4.894,2,4.085,3,5.500,4,5.998,255,0,0,0,0
1671457511743,1,254980,6,4.380,-3.493,0.000,1,4.894,2,4.085,3,5.500,4,5.998,255,0,0,0,0
1671457511773,30,255010,6,4.306,-3.437,0.000,1,4.891,2,4.085,3,5.498,4,6.003,255,0,0,0,0
1671457511788,15,255025,6,4.306,-3.437,0.000,1,4.891,2,4.085,3,5.498,4,6.003,255,0,0,0,0
1671457511822,34,255059,6,4.306,-3.437,0.000,1,4.891,2,4.085,3,5.498,4,6.003,255,0,0,0,0
1671457511881,59,255118,6,4.396,-3.674,0.000,1,4.891,2,4.085,3,5.498,4,6.003,255,0,0,0,0
1671457511932,51,255169,6,4.396,-3.674,0.000,1,4.891,2,4.085,3,5.498,4,6.003,255,0,0,0,0
1671457511932,0,255169,6,4.396,-3.674,0.000,1,4.891,2,4.085,3,5.498,4,6.003,255,0,0,0,0
1671457512017,85,255254,6,4.396,-3.674,0.000,1,4.891,2,4.085,3,5.498,4,6.003,255,0,0,0,0
1671457512079,62,255316,6,4.335,-3.713,0.000,1,4.891,2,4.085,3,5.498,4,6.003,255,0,0,0,0
1671457512124,45,255361,6,4.335,-3.713,0.000,1,4.891,2,4.088,3,5.887,4,5.998,255,0,0,0,0
1671457512201,77,255438,6,4.335,-3.713,0.000,1,4.891,2,4.088,3,5.887,4,5.998,255,0,0,0,0
1671457512293,92,255530,6,4.335,-3.713,0.000,1,4.897,2,4.088,3,5.879,4,6.003,255,0,0,0,0
1671457512294,1,255531,6,4.323,-3.578,0.000,1,4.897,2,4.088,3,5.879,4,6.003,255,0,0,0,0
1671457512323,29,255560,6,4.323,-3.578,0.000,1,4.894,2,4.088,3,5.893,4,6.003,255,0,0,0,0
1671457512369,46,255606,6,4.323,-3.578,0.000,1,4.894,2,4.088,3,5.893,4,6.003,255,0,0,0,0
1671457512439,70,255676,6,4.323,-3.578,0.000,1,4.897,2,4.088,3,5.492,4,6.003,255,0,0,0,0
1671457512507,68,255744,6,4.323,-3.578,0.000,1,4.897,2,4.088,3,5.492,4,6.003,255,0,0,0,0
1671457512538,31,255775,6,4.323,-3.578,0.000,1,4.897,2,4.088,3,5.498,4,6.003,255,0,0,0,0
1671457512539,1,255776,6,4.351,-3.507,0.000,1,4.897,2,4.088,3,5.498,4,6.003,255,0,0,0,0
1671457512615,76,255852,6,4.351,-3.507,0.000,1,4.897,2,4.088,3,5.498,4,6.003,255,0,0,0,0
1671457512645,30,255882,6,4.394,-3.440,0.000,1,4.894,2,4.088,3,5.492,4,6.003,255,0,0,0,0
1671457512737,92,255974,6,4.394,-3.440,0.000,1,4.894,2,4.088,3,5.492,4,6.003,255,0,0,0,0
1671457512808,71,256045,6,4.394,-3.440,0.000,1,4.897,2,4.085,3,5.492,4,6.003,255,0,0,0,0
1671457512889,81,256126,6,4.394,-3.440,0.000,1,4.897,2,4.085,3,5.492,4,6.003,255,0,0,0,0
1671457512890,1,256127,6,4.366,-3.520,0.000,1,4.897,2,4.085,3,5.492,4,6.003,255,0,0,0,0
1671457512919,29,256156,6,4.366,-3.520,0.000,1,4.897,2,4.085,3,5.492,4,6.003,255,0,0,0,0
1671457512950,31,256187,6,4.385,-3.479,0.000,1,4.897,2,4.085,3,5.492,4,6.003,255,0,0,0,0
1671457512995,45,256232,6,4.385,-3.479,0.000,1,4.897,2,4.085,3,5.492,4,6.003,255,0,0,0,0
1671457513096,101,256333,6,4.318,-3.648,0.000,1,4.897,2,4.085,3,5.492,4,6.003,255,0,0,0,0
1671457513117,21,256354,6,4.318,-3.648,0.000,1,4.894,2,4.083,3,5.492,4,6.006,255,0,0,0,0
1671457513117,0,256354,6,4.318,-3.648,0.000,1,4.894,2,4.083,3,5.492,4,6.006,255,0,0,0,0
1671457513209,92,256446,6,4.369,-3.525,0.000,1,4.894,2,4.083,3,5.492,4,6.006,255,0,0,0,0
1671457513269,60,256506,6,4.369,-3.525,0.000,1,4.894,2,4.083,3,5.492,4,6.006,255,0,0,0,0
1671457513362,93,256599,6,4.379,-3.492,0.000,1,4.894,2,4.085,3,5.498,4,5.998,255,0,0,0,0
1671457513421,59,256658,6,4.379,-3.492,0.000,1,4.891,2,4.080,3,5.890,4,6.003,255,0,0,0,0
1671457513468,47,256705,6,4.379,-3.492,0.000,1,4.891,2,4.080,3,5.890,4,6.003,255,0,0,0,0
1671457513469,1,256706,6,4.352,-3.542,0.000,1,4.891,2,4.080,3,5.890,4,6.003,255,0,0,0,0
1671457513543,74,256780,6,4.352,-3.542,0.000,1,4.891,2,4.080,3,5.890,4,6.003,255,0,0,0,0
1671457513636,93,256873,6,4.315,-3.634,0.000,1,4.897,2,4.085,3,5.912,4,5.998,255,0,0,0,0
1671457513726,90,256963,6,4.315,-3.634,0.000,1,4.891,2,4.088,3,5.923,4,6.003,255,0,0,0,0
1671457513750,24,256987,6,4.309,-3.506,0.000,1,4.891,2,4.088,3,5.923,4,6.003,255,0,0,0,0
1671457513818,68,257055,6,4.309,-3.506,0.000,1,4.878,2,4.074,3,5.882,4,6.003,255,0,0,0,0
1671457513818,0,257055,6,4.309,-3.506,0.000,1,4.878,2,4.074,3,5.882,4,6.003,255,0,0,0,0
1671457513925,107,257162,6,4.310,-3.477,0.000,1,4.878,2,4.074,3,5.882,4,6.003,255,0,0,0,0
1671457513957,32,257194,6,4.313,-3.483,0.000,1,4.878,2,4.074,3,5.882,4,6.003,255,0,0,0,0
1671457513985,28,257222,6,4.313,-3.483,0.000,1,4.894,2,4.083,3,5.498,4,6.003,255,0,0,0,0
1671457514182,197,257419,6,4.313,-3.483,0.000,1,4.894,2,4.083,3,5.498,4,6.003,255,0,0,0,0
1671457514182,0,257419,6,4.313,-3.483,0.000,1,4.894,2,4.083,3,5.498,4,6.003,255,0,0,0,0
1671457514197,15,257434,6,4.313,-3.483,0.000,1,4.894,2,4.083,3,5.498,4,6.003,255,0,0,0,0
1671457514234,37,257471,6,4.347,-3.599,0.000,1,4.894,2,4.083,3,5.498,4,6.003,255,0,0,0,0
1671457514259,25,257496,6,4.347,-3.599,0.000,1,4.894,2,4.083,3,5.498,4,6.003,255,0,0,0,0
1671457514306,47,257543,6,4.393,-3.685,0.000,1,4.894,2,4.083,3,5.498,4,6.003,255,0,0,0,0
1671457514411,105,257648,6,4.393,-3.685,0.000,1,4.894,2,4.083,3,5.498,4,6.003,255,0,0,0,0
1671457514411,0,257648,6,4.393,-3.685,0.000,1,4.894,2,4.083,3,5.498,4,6.003,255,0,0,0,0
1671457514518,107,257755,6,4.393,-3.685,0.000,1,4.891,2,4.083,3,5.498,4,5.998,255,0,0,0,0
1671457514579,61,257816,6,4.393,-3.685,0.000,1,4.894,2,4.083,3,5.498,4,6.003,255,0,0,0,0
1671457514688,109,257925,6,4.327,-3.679,0.000,1,4.894,2,4.083,3,5.498,4,6.003,255,0,0,0,0
1671457514748,60,257985,6,4.327,-3.679,0.000,1,4.886,2,4.083,3,5.498,4,6.003,255,0,0,0,0
1671457514929,181,258166,6,4.327,-3.679,0.000,1,4.897,2,4.080,3,5.478,4,6.003,255,0,0,0,0
1671457514930,1,258167,6,4.334,-3.676,0.000,1,4.897,2,4.080,3,5.478,4,6.003,255,0,0,0,0
1671457514953,23,258190,6,4.357,-3.681,0.000,1,4.897,2,4.080,3,5.478,4,6.003,255,0,0,0,0
1671457515021,68,258258,6,4.385,-3.700,0.000,1,4.894,2,4.077,3,5.498,4,5.998,255,0,0,0,0
1671457515052,31,258289,6,4.385,-3.700,0.000,1,4.894,2,4.077,3,5.498,4,5.998,255,0,0,0,0
1671457515083,31,258320,6,4.321,-3.564,0.000,1,4.894,2,4.077,3,5.498,4,5.998,255,0,0,0,0
1671457515189,106,258426,6,4.321,-3.564,0.000,1,4.894,2,4.077,3,5.498,4,5.998,255,0,0,0,0
1671457515189,0,258426,6,4.322,-3.559,0.000,1,4.894,2,4.077,3,5.498,4,5.998,255,0,0,0,0
1671457515251,62,258488,6,4.322,-3.559,0.000,1,4.894,2,4.077,3,5.498,4,5.998,255,0,0,0,0
1671457515296,45,258533,6,4.322,-3.559,0.000,1,4.894,2,4.080,3,5.503,4,5.998,255,0,0,0,0
1671457515328,32,258565,6,4.344,-3.572,0.000,1,4.894,2,4.080,3,5.503,4,5.998,255,0,0,0,0
1671457515358,30,258595,6,4.302,-3.447,0.000,1,4.894,2,4.080,3,5.503,4,5.998,255,0,0,0,0
1671457515419,61,258656,6,4.302,-3.447,0.000,1,4.894,2,4.080,3,5.503,4,5.998,255,0,0,0,0
1671457515419,0,258656,6,4.302,-3.447,0.000,1,4.894,2,4.080,3,5.503,4,5.998,255,0,0,0,0
1671457515501,82,258738,6,4.302,-3.447,0.000,1,4.894,2,4.080,3,5.503,4,5.998,255,0,0,0,0
1671457515643,142,258880,6,4.385,-3.666,0.000,1,4.894,2,4.080,3,5.498,4,5.998,255,0,0,0,0
1671457515669,26,258906,6,4.385,-3.666,0.000,1,4.886,2,4.080,3,5.498,4,5.998,255,0,0,0,0
1671457515740,71,258977,6,4.385,-3.666,0.000,1,4.886,2,4.080,3,5.498,4,5.998,255,0,0,0,0
1671457515800,60,259037,6,4.385,-3.666,0.000,1,4.853,2,4.083,3,5.498,4,5.998,255,0,0,0,0
1671457515801,1,259038,6,4.368,-3.627,0.000,1,4.853,2,4.083,3,5.498,4,5.998,255,0,0,0,0
1671457515832,31,259069,6,4.380,-3.659,0.000,1,4.853,2,4.083,3,5.503,4,5.998,255,0,0,0,0
1671457515889,57,259126,6,4.380,-3.659,0.000,1,4.853,2,4.083,3,5.503,4,5.998,255,0,0,0,0
1671457515951,62,259188,6,4.323,-3.509,0.000,1,4.853,2,4.083,3,5.503,4,5.998,255,0,0,0,0
1671457516012,61,259249,6,4.323,-3.509,0.000,1,4.894,2,4.083,3,5.498,4,5.998,255,0,0,0,0
1671457516042,30,259279,6,4.323,-3.509,0.000,1,4.891,2,4.083,3,5.498,4,6.003,255,0,0,0,0
1671457516042,0,259279,6,4.344,-3.576,0.000,1,4.891,2,4.083,3,5.498,4,6.003,255,0,0,0,0
1671457516092,50,259329,6,4.344,-3.576,0.000,1,4.891,2,4.083,3,5.498,4,6.003,255,0,0,0,0
1671457516120,28,259357,6,4.385,-3.669,0.000,1,4.891,2,4.083,3,5.498,4,6.003,255,0,0,0,0
1671457516149,29,259386,6,4.385,-3.669,0.000,1,4.894,2,4.088,3,5.498,4,5.998,255,0,0,0,0
1671457516180,31,259417,6,4.385,-3.669,0.000,1,4.894,2,4.088,3,5.498,4,5.998,255,0,0,0,0
1671457516266,86,259503,6,4.385,-3.669,0.000,1,4.875,2,4.074,3,5.481,4,5.998,255,0,0,0,0
1671457516310,44,259547,6,4.397,-3.709,0.000,1,4.875,2,4.074,3,5.481,4,6.000,255,0,0,0,0
1671457516360,50,259597,6,4.397,-3.709,0.000,1,4.875,2,4.074,3,5.481,4,6.000,255,0,0,0,0
1671457516390,30,259627,6,4.397,-3.709,0.000,1,4.894,2,4.085,3,5.481,4,6.000,255,0,0,0,0
1671457516437,47,259674,6,4.397,-3.709,0.000,1,4.894,2,4.085,3,5.498,4,5.998,255,0,0,0,0
1671457516438,1,259675,6,4.374,-3.645,0.000,1,4.894,2,4.085,3,5.498,4,5.998,255,0,0,0,0
1671457516468,30,259705,6,4.374,-3.645,0.000,1,4.894,2,4.085,3,5.498,4,5.998,255,0,0,0,0
1671457516545,77,259782,6,4.379,-3.662,0.000,1,4.894,2,4.085,3,5.498,4,5.998,255,0,0,0,0
1671457516574,29,259811,6,4.379,-3.662,0.000,1,4.894,2,4.085,3,5.498,4,5.998,255,0,0,0,0
1671457516605,31,259842,6,4.395,-3.692,0.000,1,4.894,2,4.083,3,5.498,4,5.998,255,0,0,0,0
1671457516680,75,259917,6,4.395,-3.692,0.000,1,4.894,2,4.083,3,5.498,4,5.998,255,0,0,0,0
1671457516680,0,259917,6,4.395,-3.692,0.000,1,4.894,2,4.083,3,5.498,4,5.998,255,0,0,0,0
1671457516703,23,259940,6,4.395,-3.692,0.000,1,4.894,2,4.083,3,5.498,4,5.998,255,0,0,0,0
1671457516711,8,259948,6,4.340,-3.586,0.000,1,4.894,2,4.083,3,5.498,4,5.998,255,0,0,0,0
1671457516772,61,260009,6,4.340,-3.586,0.000,1,4.894,2,4.083,3,5.498,4,5.998,255,0,0,0,0
1671457516803,31,260040,6,4.340,-3.586,0.000,1,4.886,2,4.085,3,5.498,4,5.998,255,0,0,0,0
1671457516895,92,260132,6,4.340,-3.586,0.000,1,4.886,2,4.085,3,5.498,4,5.998,255,0,0,0,0
1671457516896,1,260133,6,4.337,-3.637,0.000,1,4.886,2,4.085,3,5.498,4,5.998,255,0,0,0,0
1671457516923,27,260160,6,4.337,-3.637,0.000,1,4.886,2,4.085,3,5.498,4,5.998,255,0,0,0,0
1671457516972,49,260209,6,4.337,-3.637,0.000,1,4.897,2,4.085,3,5.498,4,5.998,255,0,0,0,0
1671457517017,45,260254,6,4.337,-3.637,0.000,1,4.897,2,4.085,3,5.498,4,5.998,255,0,0,0,0
1671457517079,62,260316,6,4.389,-3.678,0.000,1,4.894,2,4.085,3,5.495,4,5.998,255,0,0,0,0
1671457517109,30,260346,6,4.389,-3.678,0.000,1,4.894,2,4.085,3,5.495,4,5.998,255,0,0,0,0
1671457517109,0,260346,6,4.389,-3.678,0.000,1,4.894,2,4.085,3,5.495,4,5.998,255,0,0,0,0
1671457517140,31,260377,6,4.389,-3.678,0.000,1,4.894,2,4.083,3,5.495,4,5.998,255,0,0,0,0
1671457517202,62,260439,6,4.389,-3.678,0.000,1,4.894,2,4.083,3,5.503,4,5.998,255,0,0,0,0
1671457517233,31,260470,6,4.345,-3.678,0.000,1,4.894,2,4.083,3,5.503,4,5.998,255,0,0,0,0
1671457517262,29,260499,6,4.345,-3.678,0.000,1,4.886,2,4.083,3,5.503,4,5.998,255,0,0,0,0
1671457517294,32,260531,6,4.345,-3.678,0.000,1,4.886,2,4.083,3,5.498,4,5.998,255,0,0,0,0
1671457517294,0,260531,6,4.345,-3.678,0.000,1,4.886,2,4.083,3,5.498,4,5.998,255,0,0,0,0
1671457517356,62,260593,6,4.387,-3.688,0.000,1,4.886,2,4.083,3,5.498,4,5.998,255,0,0,0,0
1671457517370,14,260607,6,4.387,-3.688,0.000,1,4.886,2,4.083,3,5.498,4,5.998,255,0,0,0,0
1671457517430,60,260667,6,4.387,-3.688,0.000,1,4.886,2,4.083,3,5.498,4,5.998,255,0,0,0,0
1671457517460,30,260697,6,4.387,-3.688,0.000,1,4.886,2,4.083,3,5.498,4,5.998,255,0,0,0,0
1671457517475,15,260712,6,4.387,-3.688,0.000,1,4.886,2,4.083,3,5.498,4,5.998,255,0,0,0,0
1671457517476,1,260713,6,4.362,-3.683,0.000,1,4.886,2,4.083,3,5.498,4,5.998,255,0,0,0,0
1671457517512,36,260749,6,4.362,-3.683,0.000,1,4.886,2,4.083,3,5.498,4,5.998,255,0,0,0,0
1671457517578,66,260815,6,4.362,-3.683,0.000,1,4.886,2,4.083,3,5.498,4,5.998,255,0,0,0,0
1671457517599,21,260836,6,4.318,-3.681,0.000,1,4.894,2,4.083,3,5.498,4,5.998,255,0,0,0,0
1671457517676,77,260913,6,4.318,-3.681,0.000,1,4.894,2,4.083,3,5.498,4,5.998,255,0,0,0,0
1671457517730,54,260967,6,4.318,-3.681,0.000,1,4.897,2,4.080,3,5.887,4,5.989,255,0,0,0,0
1671457517731,1,260968,6,4.318,-3.681,0.000,1,4.897,2,4.080,3,5.887,4,5.989,255,0,0,0,0
1671457517753,22,260990,6,4.313,-3.681,0.000,1,4.897,2,4.080,3,5.887,4,5.989,255,0,0,0,0
1671457517798,45,261035,6,4.313,-3.681,0.000,1,4.891,2,4.080,3,5.890,4,5.998,255,0,0,0,0
1671457517814,16,261051,6,4.313,-3.681,0.000,1,4.891,2,4.080,3,5.890,4,5.998,255,0,0,0,0
1671457517875,61,261112,6,4.313,-3.681,0.000,1,4.891,2,4.080,3,5.890,4,5.998,255,0,0,0,0
1671457517953,78,261190,6,4.313,-3.681,0.000,1,4.891,2,4.080,3,5.890,4,5.998,255,0,0,0,0
1671457517954,1,261191,6,4.313,-3.681,0.000,1,4.891,2,4.080,3,5.890,4,5.998,255,0,0,0,0
1671457517984,30,261221,6,4.313,-3.681,0.000,1,4.886,2,4.080,3,5.890,4,5.998,255,0,0,0,0
1671457518014,30,261251,6,4.313,-3.681,0.000,1,4.894,2,4.080,3,5.890,4,5.998,255,0,0,0,0
1671457518062,48,261299,6,4.313,-3.681,0.000,1,4.894,2,4.085,3,5.498,4,5.998,255,0,0,0,0
1671457518094,32,261331,6,4.329,-3.543,0.000,1,4.894,2,4.085,3,5.498,4,5.998,255,0,0,0,0
1671457518123,29,261360,6,4.329,-3.543,0.000,1,4.894,2,4.085,3,5.498,4,5.998,255,0,0,0,0
1671457518123,0,261360,6,4.329,-3.543,0.000,1,4.894,2,4.085,3,5.498,4,5.998,255,0,0,0,0
1671457518169,46,261406,6,4.329,-3.543,0.000,1,4.886,2,4.085,3,5.500,4,5.998,255,0,0,0,0
1671457518200,31,261437,6,4.381,-3.656,0.000,1,4.886,2,4.085,3,5.500,4,5.998,255,0,0,0,0
1671457518229,29,261466,6,4.381,-3.656,0.000,1,4.886,2,4.085,3,5.500,4,5.998,255,0,0,0,0
1671457518276,47,261513,6,4.381,-3.656,0.000,1,4.886,2,4.085,3,5.500,4,5.998,255,0,0,0,0
1671457518306,30,261543,6,4.381,-3.656,0.000,1,4.894,2,4.083,3,5.498,4,5.998,255,0,0,0,0
1671457518306,0,261543,6,4.381,-3.656,0.000,1,4.894,2,4.083,3,5.498,4,5.998,255,0,0,0,0
1671457518338,32,261575,6,4.393,-3.683,0.000,1,4.894,2,4.083,3,5.498,4,5.998,255,0,0,0,0
1671457518352,14,261589,6,4.393,-3.683,0.000,1,4.894,2,4.083,3,5.498,4,5.998,255,0,0,0,0
1671457518428,76,261665,6,4.393,-3.683,0.000,1,4.894,2,4.083,3,5.498,4,5.998,255,0,0,0,0
1671457518451,23,261688,6,4.393,-3.683,0.000,1,4.883,2,4.083,3,5.500,4,5.998,255,0,0,0,0
1671457518458,7,261695,6,4.393,-3.683,0.000,1,4.883,2,4.083,3,5.500,4,5.998,255,0,0,0,0
1671457518460,2,261697,6,4.392,-3.683,0.000,1,4.883,2,4.083,3,5.500,4,5.998,255,0,0,0,0
1671457518519,59,261756,6,4.392,-3.683,0.000,1,4.883,2,4.083,3,5.500,4,5.998,255,0,0,0,0
1671457518548,29,261785,6,4.392,-3.683,0.000,1,4.894,2,4.085,3,5.498,4,5.998,255,0,0,0,0
1671457518579,31,261816,6,4.392,-3.685,0.000,1,4.894,2,4.085,3,5.498,4,5.998,255,0,0,0,0
1671457518610,31,261847,6,4.392,-3.685,0.000,1,4.894,2,4.085,3,5.498,4,5.998,255,0,0,0,0
1671457518672,62,261909,6,4.392,-3.685,0.000,1,4.894,2,4.085,3,5.498,4,5.998,255,0,0,0,0
1671457518672,0,261909,6,4.392,-3.685,0.000,1,4.894,2,4.085,3,5.498,4,5.998,255,0,0,0,0
1671457518687,15,261924,6,4.392,-3.685,0.000,1,4.886,2,4.083,3,5.498,4,5.998,255,0,0,0,0
1671457518749,62,261986,6,4.398,-3.698,0.000,1,4.886,2,4.083,3,5.498,4,5.998,255,0,0,0,0
1671457518779,30,262016,6,4.398,-3.698,0.000,1,4.886,2,4.077,3,5.498,4,5.998,255,0,0,0,0
1671457518825,46,262062,6,4.398,-3.698,0.000,1,4.886,2,4.077,3,5.498,4,5.998,255,0,0,0,0
1671457518887,62,262124,6,4.398,-3.698,0.000,1,4.886,2,4.077,3,5.498,4,5.998,255,0,0,0,0
1671457518887,0,262124,6,4.377,-3.647,0.000,1,4.886,2,4.077,3,5.498,4,5.998,255,0,0,0,0
1671457518917,30,262154,6,4.377,-3.647,0.000,1,4.886,2,4.077,3,5.498,4,5.998,255,0,0,0,0
1671457518946,29,262183,6,4.377,-3.647,0.000,1,4.894,2,4.085,3,5.498,4,5.998,255,0,0,0,0
1671457519002,56,262239,6,4.404,-3.724,0.000,1,4.894,2,4.085,3,5.498,4,5.998,255,0,0,0,0
1671457519054,52,262291,6,4.404,-3.724,0.000,1,4.891,2,4.080,3,5.486,4,6.009,255,0,0,0,0
1671457519085,31,262322,6,4.404,-3.724,0.000,1,4.891,2,4.080,3,5.486,4,6.009,255,0,0,0,0
1671457519085,0,262322,6,4.404,-3.724,0.000,1,4.891,2,4.080,3,5.486,4,6.009,255,0,0,0,0
1671457519111,26,262348,6,4.308,-3.496,0.000,1,4.891,2,4.080,3,5.486,4,6.009,255,0,0,0,0
1671457519149,38,262386,6,4.308,-3.496,0.000,1,4.886,2,4.085,3,5.492,4,6.009,255,0,0,0,0
1671457519175,26,262412,6,4.308,-3.496,0.000,1,4.886,2,4.085,3,5.492,4,6.003,255,0,0,0,0
1671457519207,32,262444,6,4.373,-3.490,0.000,1,4.886,2,4.085,3,5.492,4,6.003,255,0,0,0,0
1671457519251,44,262488,6,4.373,-3.490,0.000,1,4.886,2,4.085,3,5.492,4,6.003,255,0,0,0,0
1671457519251,0,262488,6,4.373,-3.490,0.000,1,4.886,2,4.085,3,5.492,4,6.003,255,0,0,0,0
1671457519297,46,262534,6,4.373,-3.490,0.000,1,4.886,2,4.085,3,5.498,4,5.998,255,0,0,0,0
1671457519327,30,262564,6,4.373,-3.490,0.000,1,4.886,2,4.085,3,5.498,4,5.998,255,0,0,0,0
1671457519374,47,262611,6,4.383,-3.464,0.000,1,4.886,2,4.085,3,5.498,4,5.998,255,0,0,0,0
1671457519404,30,262641,6,4.383,-3.464,0.000,1,4.883,2,4.085,3,5.500,4,5.998,255,0,0,0,0
1671457519435,31,262672,6,4.383,-3.464,0.000,1,4.883,2,4.085,3,5.500,4,5.998,255,0,0,0,0
1671457519435,0,262672,6,4.383,-3.464,0.000,1,4.883,2,4.085,3,5.500,4,5.998,255,0,0,0,0
1671457519451,16,262688,6,4.387,-3.598,0.000,1,4.883,2,4.085,3,5.500,4,5.998,255,0,0,0,0
1671457519510,59,262747,6,4.387,-3.598,0.000,1,4.883,2,4.085,3,5.500,4,5.998,255,0,0,0,0
1671457519548,38,262785,6,4.387,-3.598,0.000,1,4.883,2,4.108,3,5.498,4,6.003,255,0,0,0,0
1671457519571,23,262808,6,4.387,-3.598,0.000,1,4.883,2,4.108,3,5.498,4,6.003,255,0,0,0,0
1671457519631,60,262868,6,4.387,-3.598,0.000,1,4.883,2,4.108,3,5.498,4,6.003,255,0,0,0,0
1671457519632,1,262869,6,4.352,-3.635,0.000,1,4.883,2,4.108,3,5.498,4,6.003,255,0,0,0,0
1671457519676,44,262913,6,4.352,-3.635,0.000,1,4.886,2,4.088,3,5.500,4,5.998,255,0,0,0,0
1671457519707,31,262944,6,4.352,-3.635,0.000,1,4.886,2,4.088,3,5.500,4,5.998,255,0,0,0,0
1671457519738,31,262975,6,4.316,-3.647,0.000,1,4.886,2,4.088,3,5.500,4,5.998,255,0,0,0,0
1671457519798,60,263035,6,4.316,-3.647,0.000,1,4.886,2,4.088,3,5.500,4,5.998,255,0,0,0,0
1671457519830,32,263067,6,4.316,-3.647,0.000,1,4.886,2,4.088,3,5.500,4,5.998,255,0,0,0,0
1671457519830,0,263067,6,4.316,-3.647,0.000,1,4.886,2,4.088,3,5.500,4,5.998,255,0,0,0,0
1671457519892,62,263129,6,4.386,-3.679,0.000,1,4.894,2,4.088,3,5.498,4,5.998,255,0,0,0,0
1671457519936,44,263173,6,4.386,-3.679,0.000,1,4.894,2,4.088,3,5.498,4,5.998,255,0,0,0,0
1671457519996,60,263233,6,4.386,-3.679,0.000,1,4.894,2,4.094,3,5.500,4,5.998,255,0,0,0,0
1671457520026,30,263263,6,4.390,-3.676,0.000,1,4.883,2,4.094,3,5.498,4,6.003,255,0,0,0,0
1671457520088,62,263325,6,4.390,-3.676,0.000,1,4.883,2,4.094,3,5.498,4,6.003,255,0,0,0,0
1671457520088,0,263325,6,4.390,-3.676,0.000,1,4.883,2,4.094,3,5.498,4,6.003,255,0,0,0,0
1671457520135,47,263372,6,4.390,-3.676,0.000,1,4.883,2,4.094,3,5.498,4,6.003,255,0,0,0,0
1671457520181,46,263418,6,4.391,-3.673,0.000,1,4.883,2,4.094,3,5.500,4,5.998,255,0,0,0,0
1671457520204,23,263441,6,4.391,-3.673,0.000,1,4.883,2,4.094,3,5.500,4,5.998,255,0,0,0,0
1671457520245,41,263482,6,4.387,-3.669,0.000,1,4.883,2,4.094,3,5.500,4,5.998,255,0,0,0,0
1671457520273,28,263510,6,4.387,-3.669,0.000,1,4.878,2,4.091,3,5.500,4,5.998,255,0,0,0,0
1671457520273,0,263510,6,4.387,-3.669,0.000,1,4.878,2,4.091,3,5.500,4,5.998,255,0,0,0,0
1671457520303,30,263540,6,4.387,-3.669,0.000,1,4.878,2,4.091,3,5.500,4,5.998,255,0,0,0,0
1671457520356,53,263593,6,4.391,-3.672,0.000,1,4.878,2,4.091,3,5.500,4,5.998,255,0,0,0,0
1671457520379,23,263616,6,4.391,-3.672,0.000,1,4.878,2,4.091,3,5.500,4,5.998,255,0,0,0,0
1671457520419,40,263656,6,4.391,-3.672,0.000,1,4.886,2,4.091,3,5.498,4,6.003,255,0,0,0,0
1671457520462,43,263699,6,4.391,-3.672,0.000,1,4.886,2,4.091,3,5.498,4,6.003,255,0,0,0,0
1671457520462,0,263699,6,4.391,-3.672,0.000,1,4.886,2,4.091,3,5.498,4,6.003,255,0,0,0,0
1671457520487,25,263724,6,4.365,-3.674,0.000,1,4.886,2,4.091,3,5.498,4,6.003,255,0,0,0,0
1671457520517,30,263754,6,4.365,-3.674,0.000,1,4.886,2,4.091,3,5.498,4,6.003,255,0,0,0,0
1671457520548,31,263785,6,4.365,-3.674,0.000,1,4.886,2,4.091,3,5.500,4,5.998,255,0,0,0,0
1671457520609,61,263846,6,4.384,-3.672,0.000,1,4.886,2,4.091,3,5.500,4,5.998,255,0,0,0,0
1671457520639,30,263876,6,4.384,-3.672,0.000,1,4.886,2,4.091,3,5.500,4,5.998,255,0,0,0,0
1671457520639,0,263876,6,4.384,-3.672,0.000,1,4.886,2,4.091,3,5.500,4,5.998,255,0,0,0,0
1671457520655,16,263892,6,4.384,-3.672,0.000,1,4.894,2,4.085,3,5.498,4,5.998,255,0,0,0,0
1671457520715,60,263952,6,4.384,-3.672,0.000,1,4.894,2,4.085,3,5.498,4,5.998,255,0,0,0,0
1671457520746,31,263983,6,4.313,-3.474,0.000,1,4.894,2,4.085,3,5.498,4,5.998,255,0,0,0,0
1671457520761,15,263998,6,4.313,-3.474,0.000,1,4.894,2,4.085,3,5.498,4,5.998,255,0,0,0,0
1671457520807,46,264044,6,4.313,-3.474,0.000,1,4.894,2,4.085,3,5.498,4,5.998,255,0,0,0,0
1671457520807,0,264044,6,4.313,-3.474,0.000,1,4.894,2,4.085,3,5.498,4,5.998,255,0,0,0,0
1671457520869,62,264106,6,4.383,-3.659,0.000,1,4.894,2,4.085,3,5.498,4,5.998,255,0,0,0,0
1671457520901,32,264138,6,4.383,-3.659,0.000,1,4.894,2,4.085,3,5.498,4,5.998,255,0,0,0,0
1671457520929,28,264166,6,4.383,-3.659,0.000,1,4.894,2,4.085,3,5.498,4,5.998,255,0,0,0,0
1671457520975,46,264212,6,4.383,-3.659,0.000,1,4.891,2,4.088,3,5.506,4,5.998,255,0,0,0,0
1671457521050,75,264287,6,4.383,-3.659,0.000,1,4.891,2,4.088,3,5.506,4,5.998,255,0,0,0,0
1671457521050,0,264287,6,4.383,-3.659,0.000,1,4.891,2,4.088,3,5.506,4,5.998,255,0,0,0,0
1671457521077,27,264314,6,4.383,-3.659,0.000,1,4.886,2,4.091,3,5.506,4,5.998,255,0,0,0,0
1671457521095,18,264332,6,4.383,-3.659,0.000,1,4.886,2,4.091,3,5.506,4,5.998,255,0,0,0,0
1671457521173,78,264410,6,4.303,-3.692,0.000,1,4.886,2,4.091,3,5.506,4,5.998,255,0,0,0,0
1671457521232,59,264469,4,9.390,0.000,2.220,255,0,0,0,0
1671457521232,0,264469,6,4.303,-3.692,0.000,1,4.883,2,4.091,3,5.503,4,5.998,255,0,0,0,0
1671457521232,0,264469,1,9.390,-3.685,2.220,255,0,0,0,0
1671457521232,0,264469,2,0.003,-3.685,2.220,255,0,0,0,0
1671457521232,0,264469,3,0.003,0.000,2.220,255,0,0,0,0
1671457521264,32,264501,6,4.303,-3.692,0.000,1,4.883,2,4.091,3,5.503,4,5.998,255,0,0,0,0
1671457521265,1,264502,6,4.325,-3.687,0.000,1,4.883,2,4.091,3,5.503,4,5.998,255,0,0,0,0
1671457521297,32,264534,6,4.325,-3.687,0.000,1,4.883,2,4.091,3,5.495,4,5.998,255,0,0,0,0
1671457521342,45,264579,6,4.325,-3.687,0.000,1,4.883,2,4.091,3,5.495,4,5.998,255,0,0,0,0
1671457521373,31,264610,6,4.320,-3.645,0.000,1,4.883,2,4.091,3,5.495,4,5.998,255,0,0,0,0
1671457521402,29,264639,6,4.320,-3.645,0.000,1,4.883,2,4.091,3,5.495,4,5.998,255,0,0,0,0
1671457521463,61,264700,6,4.320,-3.645,0.000,1,4.883,2,4.091,3,5.495,4,5.998,255,0,0,0,0
1671457521463,0,264700,6,4.320,-3.645,0.000,1,4.883,2,4.091,3,5.495,4,5.998,255,0,0,0,0
1671457521494,31,264731,6,4.309,-3.483,0.000,1,4.883,2,4.091,3,5.495,4,5.998,255,0,0,0,0
1671457521518,24,264755,6,4.309,-3.483,0.000,1,4.886,2,4.091,3,5.495,4,5.998,255,0,0,0,0
1671457521587,69,264824,6,4.309,-3.483,0.000,1,4.886,2,4.091,3,5.495,4,5.998,255,0,0,0,0
1671457521618,31,264855,6,4.383,-3.652,0.000,1,4.886,2,4.091,3,5.495,4,5.998,255,0,0,0,0
1671457521633,15,264870,6,4.383,-3.652,0.000,1,4.883,2,4.088,3,5.500,4,5.998,255,0,0,0,0
1671457521633,0,264870,6,4.383,-3.652,0.000,1,4.883,2,4.088,3,5.500,4,5.998,255,0,0,0,0
1671457521694,61,264931,6,4.383,-3.652,0.000,1,4.883,2,4.088,3,5.500,4,5.998,255,0,0,0,0
1671457521725,31,264962,6,4.383,-3.652,0.000,1,4.883,2,4.088,3,5.500,4,5.998,255,0,0,0,0
1671457521740,15,264977,6,4.383,-3.652,0.000,1,4.883,2,4.088,3,5.500,4,5.998,255,0,0,0,0
1671457521802,62,265039,6,4.383,-3.652,0.000,1,4.883,2,4.088,3,5.500,4,5.998,255,0,0,0,0
1671457521832,30,265069,6,4.383,-3.652,0.000,1,4.883,2,4.088,3,5.492,4,5.998,255,0,0,0,0
1671457521833,1,265070,6,4.345,-3.558,0.000,1,4.883,2,4.088,3,5.492,4,5.998,255,0,0,0,0
1671457521884,51,265121,6,4.345,-3.558,0.000,1,4.883,2,4.088,3,5.492,4,5.998,255,0,0,0,0
1671457521925,41,265162,6,4.345,-3.558,0.000,1,4.883,2,4.088,3,5.492,4,5.998,255,0,0,0,0
1671457521956,31,265193,6,4.345,-3.558,0.000,1,4.883,2,4.088,3,5.492,4,5.998,255,0,0,0,0
1671457521971,15,265208,6,4.373,-3.631,0.000,1,4.883,2,4.088,3,5.492,4,5.998,255,0,0,0,0
1671457522001,30,265238,6,4.373,-3.631,0.000,1,4.883,2,4.088,3,5.492,4,5.998,255,0,0,0,0
1671457522002,1,265239,6,4.373,-3.631,0.000,1,4.883,2,4.088,3,5.492,4,5.998,255,0,0,0,0
1671457522061,59,265298,6,4.373,-3.631,0.000,1,4.886,2,4.083,3,5.495,4,5.998,255,0,0,0,0
1671457522109,48,265346,6,4.389,-3.673,0.000,1,4.886,2,4.083,3,5.495,4,5.998,255,0,0,0,0
1671457522138,29,265375,6,4.389,-3.673,0.000,1,4.886,2,4.083,3,5.495,4,5.998,255,0,0,0,0
1671457522184,46,265421,6,4.389,-3.673,0.000,1,4.880,2,4.085,3,5.495,4,5.998,255,0,0,0,0
1671457522215,31,265452,6,4.389,-3.673,0.000,1,4.880,2,4.085,3,5.495,4,5.998,255,0,0,0,0
1671457522215,0,265452,6,4.389,-3.673,0.000,1,4.880,2,4.085,3,5.495,4,5.998,255,0,0,0,0
1671457522277,62,265514,6,4.399,-3.702,0.000,1,4.880,2,4.085,3,5.495,4,5.998,255,0,0,0,0
1671457522338,61,265575,6,4.399,-3.702,0.000,1,4.894,2,4.083,3,5.500,4,5.998,255,0,0,0,0
1671457522368,30,265605,6,4.399,-3.702,0.000,1,4.894,2,4.083,3,5.500,4,5.998,255,0,0,0,0
1671457522389,21,265626,6,4.376,-3.644,0.000,1,4.883,2,4.083,3,5.495,4,5.998,255,0,0,0,0
1671457522434,45,265671,6,4.376,-3.644,0.000,1,4.883,2,4.083,3,5.495,4,5.998,255,0,0,0,0
1671457522434,0,265671,6,4.376,-3.644,0.000,1,4.883,2,4.083,3,5.495,4,5.998,255,0,0,0,0
1671457522461,27,265698,6,4.390,-3.679,0.000,1,4.883,2,4.083,3,5.495,4,5.998,255,0,0,0,0
1671457522490,29,265727,6,4.390,-3.679,0.000,1,4.883,2,4.083,3,5.495,4,5.998,255,0,0,0,0
1671457522552,62,265789,6,4.390,-3.679,0.000,1,4.883,2,4.088,3,5.495,4,5.998,255,0,0,0,0
1671457522582,30,265819,6,4.390,-3.679,0.000,1,4.883,2,4.088,3,5.489,4,5.998,255,0,0,0,0
1671457522608,26,265845,6,4.390,-3.679,0.000,1,4.883,2,4.088,3,5.489,4,5.998,255,0,0,0,0
1671457522608,0,265845,6,4.368,-3.674,0.000,1,4.883,2,4.088,3,5.489,4,5.998,255,0,0,0,0
1671457522653,45,265890,6,4.368,-3.674,0.000,1,4.891,2,4.094,3,5.489,4,5.998,255,0,0,0,0
1671457522675,22,265912,6,4.368,-3.674,0.000,1,4.891,2,4.094,3,5.492,4,5.998,255,0,0,0,0
1671457522707,32,265944,6,4.383,-3.664,0.000,1,4.891,2,4.094,3,5.492,4,5.998,255,0,0,0,0
1671457522737,30,265974,6,4.383,-3.664,0.000,1,4.891,2,4.094,3,5.492,4,5.998,255,0,0,0,0
1671457522813,76,266050,6,4.383,-3.664,0.000,1,4.891,2,4.094,3,5.492,4,5.998,255,0,0,0,0
1671457522814,1,266051,6,4.383,-3.664,0.000,1,4.891,2,4.094,3,5.492,4,5.998,255,0,0,0,0
1671457522844,30,266081,6,4.383,-3.664,0.000,1,4.847,2,4.094,3,5.492,4,5.998,255,0,0,0,0
1671457522875,31,266112,6,4.311,-3.661,0.000,1,4.847,2,4.094,3,5.492,4,5.998,255,0,0,0,0
1671457522905,30,266142,6,4.311,-3.661,0.000,1,4.847,2,4.094,3,5.492,4,5.998,255,0,0,0,0
1671457522949,44,266186,6,4.311,-3.661,0.000,1,4.886,2,4.091,3,5.489,4,5.998,255,0,0,0,0
1671457522981,32,266218,6,4.311,-3.661,0.000,1,4.886,2,4.091,3,5.489,4,5.998,255,0,0,0,0
1671457522982,1,266219,6,4.361,-3.660,0.000,1,4.886,2,4.091,3,5.489,4,5.998,255,0,0,0,0
1671457523011,29,266248,6,4.361,-3.660,0.000,1,4.886,2,4.091,3,5.489,4,5.998,255,0,0,0,0
1671457523072,61,266309,6,4.361,-3.660,0.000,1,4.853,2,4.097,3,5.489,4,5.998,255,0,0,0,0
1671457523102,30,266339,6,4.390,-3.660,0.000,1,4.853,2,4.097,3,5.489,4,5.998,255,0,0,0,0
1671457523132,30,266369,6,4.390,-3.660,0.000,1,4.853,2,4.097,3,5.489,4,5.998,255,0,0,0,0
1671457523179,47,266416,6,4.390,-3.660,0.000,1,4.894,2,4.099,3,5.492,4,5.998,255,0,0,0,0
1671457523179,0,266416,6,4.390,-3.660,0.000,1,4.894,2,4.099,3,5.492,4,5.998,255,0,0,0,0
1671457523239,60,266476,6,4.343,-3.654,0.000,1,4.894,2,4.099,3,5.492,4,5.998,255,0,0,0,0
1671457523266,27,266503,6,4.343,-3.654,0.000,1,4.886,2,4.099,3,5.492,4,5.998,255,0,0,0,0
1671457523284,18,266521,6,4.343,-3.654,0.000,1,4.886,2,4.072,3,5.495,4,5.998,255,0,0,0,0
1671457523345,61,266582,6,4.343,-3.654,0.000,1,4.886,2,4.072,3,5.495,4,5.998,255,0,0,0,0
1671457523392,47,266629,6,4.343,-3.654,0.000,1,4.886,2,4.072,3,5.495,4,5.998,255,0,0,0,0
1671457523393,1,266630,6,4.322,-3.667,0.000,1,4.886,2,4.072,3,5.495,4,5.998,255,0,0,0,0
1671457523467,74,266704,6,4.322,-3.667,0.000,1,4.886,2,4.091,3,5.495,4,5.998,255,0,0,0,0
1671457523498,31,266735,6,4.322,-3.667,0.000,1,4.886,2,4.091,3,5.495,4,5.998,255,0,0,0,0
1671457523559,61,266796,6,4.310,-3.699,0.000,1,4.897,2,4.088,3,5.500,4,5.998,255,0,0,0,0
1671457523591,32,266828,6,4.310,-3.699,0.000,1,4.897,2,4.088,3,5.500,4,5.998,255,0,0,0,0
1671457523637,46,266874,6,4.310,-3.699,0.000,1,4.897,2,4.088,3,5.500,4,5.998,255,0,0,0,0
1671457523637,0,266874,6,4.336,-3.637,0.000,1,4.897,2,4.088,3,5.500,4,5.998,255,0,0,0,0
1671457523682,45,266919,6,4.336,-3.637,0.000,1,4.886,2,4.088,3,5.495,4,5.998,255,0,0,0,0
1671457523703,21,266940,6,4.336,-3.637,0.000,1,4.886,2,4.088,3,5.495,4,5.998,255,0,0,0,0
1671457523750,47,266987,6,4.398,-3.704,0.000,1,4.886,2,4.088,3,5.495,4,5.998,255,0,0,0,0
1671457523774,24,267011,6,4.398,-3.704,0.000,1,4.894,2,4.085,3,5.495,4,5.998,255,0,0,0,0
1671457523805,31,267042,6,4.398,-3.704,0.000,1,4.894,2,4.085,3,5.503,4,5.998,255,0,0,0,0
1671457523805,0,267042,6,4.398,-3.704,0.000,1,4.894,2,4.085,3,5.503,4,5.998,255,0,0,0,0
1671457523965,160,267202,6,4.328,-3.514,0.000,1,4.894,2,4.085,3,5.503,4,5.998,255,0,0,0,0
1671457523986,21,267223,6,4.328,-3.514,0.000,1,4.894,2,4.085,3,5.503,4,5.998,255,0,0,0,0
1671457524093,107,267330,6,4.328,-3.514,0.000,1,4.894,2,4.085,3,5.503,4,5.998,255,0,0,0,0
1671457524123,30,267360,6,4.328,-3.514,0.000,1,4.894,2,4.085,3,5.503,4,5.998,255,0,0,0,0
1671457524123,0,267360,6,4.328,-3.514,0.000,1,4.894,2,4.085,3,5.503,4,5.998,255,0,0,0,0
1671457524156,33,267393,6,4.357,-3.632,0.000,1,4.894,2,4.085,3,5.503,4,5.998,255,0,0,0,0
1671457524184,28,267421,6,4.357,-3.632,0.000,1,4.894,2,4.085,3,5.503,4,5.998,255,0,0,0,0
1671457524215,31,267452,6,4.387,-3.675,0.000,1,4.894,2,4.085,3,5.503,4,5.998,255,0,0,0,0
1671457524260,45,267497,6,4.387,-3.675,0.000,1,4.886,2,4.091,3,5.500,4,5.998,255,0,0,0,0
1671457524335,75,267572,6,4.387,-3.675,0.000,1,4.883,2,4.088,3,5.500,4,5.998,255,0,0,0,0
1671457524335,0,267572,6,4.387,-3.675,0.000,1,4.883,2,4.088,3,5.500,4,5.998,255,0,0,0,0
1671457524359,24,267596,6,4.387,-3.675,0.000,1,4.883,2,4.088,3,5.500,4,5.998,255,0,0,0,0
1671457524366,7,267603,6,4.346,-3.677,0.000,1,4.891,2,4.088,3,5.500,4,5.998,255,0,0,0,0
1671457524426,60,267663,6,4.346,-3.677,0.000,1,4.891,2,4.088,3,5.500,4,5.998,255,0,0,0,0
1671457524458,32,267695,6,4.317,-3.680,0.000,1,4.891,2,4.091,3,5.500,4,5.998,255,0,0,0,0
1671457524510,52,267747,6,4.317,-3.680,0.000,1,4.891,2,4.091,3,5.500,4,5.998,255,0,0,0,0
1671457524510,0,267747,6,4.317,-3.680,0.000,1,4.891,2,4.091,3,5.500,4,5.998,255,0,0,0,0
1671457524534,24,267771,6,4.317,-3.680,0.000,1,4.883,2,4.088,3,5.500,4,5.998,255,0,0,0,0
1671457524566,32,267803,6,4.317,-3.680,0.000,1,4.883,2,4.088,3,5.500,4,5.998,255,0,0,0,0
1671457524633,67,267870,6,4.383,-3.677,0.000,1,4.883,2,4.088,3,5.500,4,5.998,255,0,0,0,0
1671457524656,23,267893,6,4.383,-3.677,0.000,1,4.858,2,4.091,3,5.495,4,5.998,255,0,0,0,0
1671457524686,30,267923,6,4.383,-3.677,0.000,1,4.858,2,4.091,3,5.495,4,5.998,255,0,0,0,0
1671457524686,0,267923,6,4.383,-3.677,0.000,1,4.858,2,4.091,3,5.495,4,5.998,255,0,0,0,0
1671457524733,47,267970,6,4.383,-3.677,0.000,1,4.858,2,4.091,3,5.495,4,5.998,255,0,0,0,0
1671457524764,31,268001,6,4.378,-3.677,0.000,1,4.858,2,4.091,3,5.495,4,5.998,255,0,0,0,0
1671457524808,44,268045,6,4.378,-3.677,0.000,1,4.891,2,4.091,3,5.500,4,5.998,255,0,0,0,0
1671457524900,92,268137,6,4.378,-3.677,0.000,1,4.891,2,4.091,3,5.500,4,5.998,255,0,0,0,0
1671457524932,32,268169,6,4.378,-3.677,0.000,1,4.891,2,4.091,3,5.500,4,5.998,255,0,0,0,0
1671457524933,1,268170,6,4.373,-3.621,0.000,1,4.891,2,4.091,3,5.500,4,5.998,255,0,0,0,0
1671457524994,61,268231,6,4.373,-3.621,0.000,1,4.891,2,4.097,3,5.495,4,5.998,255,0,0,0,0
1671457525024,30,268261,6,4.373,-3.621,0.000,1,4.886,2,4.102,3,5.495,4,5.998,255,0,0,0,0
1671457525059,35,268296,6,4.391,-3.476,0.000,1,4.886,2,4.102,3,5.495,4,5.998,255,0,0,0,0
1671457525115,56,268352,6,4.391,-3.476,0.000,1,4.886,2,4.102,3,5.495,4,5.998,255,0,0,0,0
1671457525130,15,268367,6,4.391,-3.476,0.000,1,4.891,2,4.099,3,5.495,4,5.998,255,0,0,0,0
1671457525131,1,268368,6,4.369,-3.578,0.000,1,4.891,2,4.099,3,5.495,4,5.998,255,0,0,0,0
1671457525176,45,268413,6,4.369,-3.578,0.000,1,4.891,2,4.099,3,5.495,4,5.998,255,0,0,0,0
1671457525236,60,268473,6,4.369,-3.578,0.000,1,4.891,2,4.099,3,5.495,4,5.998,255,0,0,0,0
1671457525252,16,268489,6,4.335,-3.629,0.000,1,4.891,2,4.099,3,5.478,4,5.998,255,0,0,0,0
1671457525313,61,268550,6,4.335,-3.629,0.000,1,4.891,2,4.099,3,5.478,4,5.998,255,0,0,0,0
1671457525359,46,268596,6,4.335,-3.629,0.000,1,4.891,2,4.099,3,5.478,4,5.998,255,0,0,0,0
1671457525359,0,268596,6,4.335,-3.629,0.000,1,4.891,2,4.099,3,5.478,4,5.998,255,0,0,0,0
1671457525436,77,268673,6,4.318,-3.651,0.000,1,4.891,2,4.110,3,5.901,4,5.998,255,0,0,0,0
1671457525465,29,268702,6,4.318,-3.651,0.000,1,4.891,2,4.105,3,5.920,4,5.998,255,0,0,0,0
1671457525498,33,268735,6,4.318,-3.651,0.000,1,4.891,2,4.105,3,5.920,4,5.998,255,0,0,0,0
1671457525557,59,268794,6,4.309,-3.489,0.000,1,4.891,2,4.105,3,5.920,4,5.998,255,0,0,0,0
1671457525603,46,268840,6,4.309,-3.489,0.000,1,4.886,2,4.105,3,5.500,4,5.998,255,0,0,0,0
1671457525603,0,268840,6,4.309,-3.489,0.000,1,4.886,2,4.105,3,5.500,4,5.998,255,0,0,0,0
1671457525633,30,268870,6,4.657,-3.452,0.000,1,4.886,2,4.105,3,5.500,4,5.998,255,0,0,0,0
1671457525678,45,268915,6,4.657,-3.452,0.000,1,4.894,2,4.097,3,5.511,4,5.998,255,0,0,0,0
1671457525741,63,268978,6,4.657,-3.452,0.000,1,4.894,2,4.097,3,5.511,4,5.998,255,0,0,0,0
1671457525770,29,269007,6,4.352,-3.663,0.000,1,4.894,2,4.097,3,5.511,4,5.998,255,0,0,0,0
1671457525832,62,269069,6,4.352,-3.663,0.000,1,4.894,2,4.091,3,5.514,4,6.003,255,0,0,0,0
1671457525832,0,269069,6,4.352,-3.663,0.000,1,4.894,2,4.091,3,5.514,4,6.003,255,0,0,0,0
1671457525889,57,269126,6,4.352,-3.663,0.000,1,4.894,2,4.091,3,5.514,4,6.003,255,0,0,0,0
1671457525908,19,269145,6,4.365,-3.643,0.000,1,4.894,2,4.091,3,5.514,4,6.003,255,0,0,0,0
1671457525968,60,269205,6,4.365,-3.643,0.000,1,4.886,2,4.102,3,5.520,4,5.998,255,0,0,0,0
1671457526001,33,269238,6,4.402,-3.689,0.000,1,4.886,2,4.102,3,5.520,4,5.998,255,0,0,0,0
1671457526060,59,269297,6,4.402,-3.689,0.000,1,4.886,2,4.099,3,5.514,4,5.998,255,0,0,0,0
1671457526060,0,269297,6,4.402,-3.689,0.000,1,4.886,2,4.099,3,5.514,4,5.998,255,0,0,0,0
1671457526091,31,269328,6,4.402,-3.689,0.000,1,4.886,2,4.099,3,5.514,4,5.998,255,0,0,0,0
1671457526123,32,269360,6,4.330,-3.726,0.000,1,4.886,2,4.099,3,5.514,4,5.998,255,0,0,0,0
1671457526153,30,269390,6,4.330,-3.726,0.000,1,4.878,2,4.099,3,5.514,4,5.998,255,0,0,0,0
1671457526213,60,269450,6,4.330,-3.726,0.000,1,4.878,2,4.099,3,5.514,4,5.998,255,0,0,0,0
1671457526229,16,269466,6,4.330,-3.726,0.000,1,4.878,2,4.099,3,5.514,4,5.998,255,0,0,0,0
1671457526230,1,269467,6,4.349,-3.647,0.000,1,4.878,2,4.099,3,5.514,4,5.998,255,0,0,0,0
1671457526261,31,269498,6,4.349,-3.647,0.000,1,4.878,2,4.099,3,5.514,4,5.998,255,0,0,0,0
1671457526332,71,269569,6,4.349,-3.647,0.000,1,4.878,2,4.099,3,5.514,4,5.998,255,0,0,0,0
1671457526350,18,269587,6,4.385,-3.675,0.000,1,4.886,2,4.105,3,5.517,4,5.998,255,0,0,0,0
1671457526380,30,269617,6,4.385,-3.675,0.000,1,4.886,2,4.105,3,5.517,4,5.998,255,0,0,0,0
1671457526442,62,269679,6,4.385,-3.675,0.000,1,4.886,2,4.105,3,5.517,4,5.998,255,0,0,0,0
1671457526442,0,269679,6,4.385,-3.675,0.000,1,4.886,2,4.105,3,5.517,4,5.998,255,0,0,0,0
1671457526503,61,269740,6,4.401,-3.685,0.000,1,4.894,2,4.110,3,5.506,4,5.998,255,0,0,0,0
1671457526533,30,269770,6,4.401,-3.685,0.000,1,4.886,2,4.105,3,5.511,4,5.998,255,0,0,0,0
1671457526565,32,269802,6,4.401,-3.685,0.000,1,4.886,2,4.105,3,5.511,4,5.998,255,0,0,0,0
1671457526594,29,269831,6,4.401,-3.685,0.000,1,4.886,2,4.105,3,5.511,4,5.998,255,0,0,0,0
1671457526654,60,269891,6,4.401,-3.685,0.000,1,4.886,2,4.105,3,5.511,4,5.998,255,0,0,0,0
1671457526655,1,269892,6,4.371,-3.674,0.000,1,4.886,2,4.105,3,5.511,4,5.998,255,0,0,0,0
1671457526716,61,269953,6,4.371,-3.674,0.000,1,4.894,2,4.102,3,5.511,4,6.003,255,0,0,0,0
1671457526747,31,269984,6,4.371,-3.674,0.000,1,4.894,2,4.102,3,5.511,4,6.003,255,0,0,0,0
1671457526778,31,270015,6,4.400,-3.694,0.000,1,4.894,2,4.102,3,5.511,4,6.003,255,0,0,0,0
1671457526840,62,270077,6,4.400,-3.694,0.000,1,4.894,2,4.102,3,5.509,4,5.998,255,0,0,0,0
1671457526885,45,270122,6,4.400,-3.694,0.000,1,4.894,2,4.102,3,5.509,4,5.998,255,0,0,0,0
1671457526885,0,270122,6,4.378,-3.633,0.000,1,4.894,2,4.102,3,5.509,4,5.998,255,0,0,0,0
1671457526929,44,270166,6,4.378,-3.633,0.000,1,4.894,2,4.102,3,5.509,4,5.998,255,0,0,0,0
1671457526983,54,270220,6,4.378,-3.633,0.000,1,4.861,2,4.099,3,5.509,4,6.003,255,0,0,0,0
1671457527026,43,270263,6,4.394,-3.668,0.000,1,4.861,2,4.099,3,5.509,4,6.003,255,0,0,0,0
1671457527052,26,270289,6,4.394,-3.668,0.000,1,4.897,2,4.091,3,5.509,4,5.998,255,0,0,0,0
1671457527083,31,270320,6,4.394,-3.668,0.000,1,4.897,2,4.091,3,5.509,4,5.998,255,0,0,0,0
1671457527083,0,270320,6,4.394,-3.668,0.000,1,4.897,2,4.091,3,5.509,4,5.998,255,0,0,0,0
1671457527135,52,270372,6,4.394,-3.710,0.000,1,4.897,2,4.091,3,5.509,4,5.998,255,0,0,0,0
1671457527159,24,270396,6,4.394,-3.710,0.000,1,4.886,2,4.091,3,5.514,4,5.998,255,0,0,0,0
1671457527189,30,270426,6,4.394,-3.710,0.000,1,4.886,2,4.091,3,5.514,4,5.998,255,0,0,0,0
1671457527220,31,270457,6,4.397,-3.482,0.000,1,4.886,2,4.091,3,5.514,4,5.998,255,0,0,0,0
1671457527281,61,270518,6,4.397,-3.482,0.000,1,4.886,2,4.091,3,5.514,4,5.998,255,0,0,0,0
1671457527281,0,270518,6,4.397,-3.482,0.000,1,4.886,2,4.091,3,5.514,4,5.998,255,0,0,0,0
1671457527312,31,270549,6,4.397,-3.482,0.000,1,4.894,2,4.085,3,5.517,4,5.998,255,0,0,0,0
1671457527327,15,270564,6,4.397,-3.482,0.000,1,4.894,2,4.085,3,5.517,4,5.998,255,0,0,0,0
1671457527359,32,270596,6,4.310,-3.663,0.000,1,4.894,2,4.085,3,5.517,4,5.998,255,0,0,0,0
1671457527434,75,270671,6,4.310,-3.663,0.000,1,4.894,2,4.085,3,5.517,4,5.998,255,0,0,0,0
1671457527468,34,270705,6,4.310,-3.663,0.000,1,4.883,2,4.083,3,5.514,4,5.998,255,0,0,0,0
1671457527468,0,270705,6,4.310,-3.663,0.000,1,4.883,2,4.083,3,5.514,4,5.998,255,0,0,0,0
1671457527497,29,270734,6,4.403,-3.734,0.000,1,4.883,2,4.083,3,5.514,4,5.998,255,0,0,0,0
1671457527557,60,270794,6,4.403,-3.734,0.000,1,4.883,2,4.083,3,5.514,4,5.998,255,0,0,0,0
1671457527618,61,270855,6,4.403,-3.734,0.000,1,4.891,2,4.083,3,5.511,4,5.998,255,0,0,0,0
1671457527640,22,270877,6,4.361,-3.611,0.000,1,4.894,2,4.083,3,5.511,4,5.998,255,0,0,0,0
1671457527648,8,270885,6,4.361,-3.611,0.000,1,4.894,2,4.085,3,5.509,4,5.998,255,0,0,0,0
1671457527648,0,270885,6,4.361,-3.611,0.000,1,4.894,2,4.085,3,5.509,4,5.998,255,0,0,0,0
1671457527710,62,270947,6,4.361,-3.611,0.000,1,4.894,2,4.085,3,5.509,4,5.998,255,0,0,0,0
1671457527742,32,270979,6,4.403,-3.693,0.000,1,4.894,2,4.085,3,5.509,4,5.998,255,0,0,0,0
1671457527801,59,271038,6,4.403,-3.693,0.000,1,4.894,2,4.085,3,5.509,4,5.998,255,0,0,0,0
1671457527833,32,271070,6,4.403,-3.693,0.000,1,4.886,2,4.091,3,5.511,4,5.998,255,0,0,0,0
1671457527878,45,271115,6,4.403,-3.693,0.000,1,4.886,2,4.091,3,5.511,4,5.998,255,0,0,0,0
1671457527879,1,271116,6,4.361,-3.693,0.000,1,4.886,2,4.091,3,5.511,4,5.998,255,0,0,0,0
1671457527940,61,271177,6,4.361,-3.693,0.000,1,4.886,2,4.091,3,5.511,4,5.998,255,0,0,0,0
1671457527973,33,271210,6,4.361,-3.693,0.000,1,4.894,2,4.094,3,5.509,4,5.998,255,0,0,0,0
1671457528004,31,271241,6,4.309,-3.693,0.000,1,4.894,2,4.094,3,5.509,4,5.998,255,0,0,0,0
1671457528063,59,271300,6,4.309,-3.693,0.000,1,4.886,2,4.099,3,5.511,4,5.998,255,0,0,0,0
1671457528092,29,271329,6,4.309,-3.693,0.000,1,4.886,2,4.099,3,5.511,4,5.998,255,0,0,0,0
1671457528092,0,271329,6,4.309,-3.693,0.000,1,4.886,2,4.099,3,5.511,4,5.998,255,0,0,0,0
1671457528155,63,271392,6,4.391,-3.686,0.000,1,4.886,2,4.099,3,5.511,4,5.998,255,0,0,0,0
1671457528184,29,271421,6,4.391,-3.686,0.000,1,4.886,2,4.099,3,5.509,4,5.998,255,0,0,0,0
1671457528231,47,271468,6,4.391,-3.686,0.000,1,4.886,2,4.099,3,5.509,4,5.998,255,0,0,0,0
1671457528260,29,271497,6,4.398,-3.685,0.000,1,4.886,2,4.099,3,5.509,4,5.998,255,0,0,0,0
1671457528306,46,271543,6,4.398,-3.685,0.000,1,4.883,2,4.099,3,5.509,4,5.998,255,0,0,0,0
1671457528306,0,271543,6,4.398,-3.685,0.000,1,4.883,2,4.099,3,5.509,4,5.998,255,0,0,0,0
1671457528356,50,271593,6,4.398,-3.685,0.000,1,4.883,2,4.099,3,5.509,4,5.998,255,0,0,0,0
1671457528429,73,271666,6,4.397,-3.680,0.000,1,4.883,2,4.099,3,5.509,4,5.998,255,0,0,0,0
1671457528458,29,271695,6,4.397,-3.680,0.000,1,4.886,2,4.099,3,5.509,4,5.998,255,0,0,0,0
1671457528488,30,271725,6,4.397,-3.680,0.000,1,4.886,2,4.099,3,5.509,4,5.998,255,0,0,0,0
1671457528534,46,271771,6,4.397,-3.680,0.000,1,4.886,2,4.099,3,5.509,4,5.998,255,0,0,0,0
1671457528534,0,271771,6,4.397,-3.680,0.000,1,4.886,2,4.099,3,5.509,4,5.998,255,0,0,0,0
1671457528580,46,271817,6,4.397,-3.680,0.000,1,4.886,2,4.099,3,5.509,4,5.998,255,0,0,0,0
1671457528611,31,271848,6,4.397,-3.680,0.000,1,4.886,2,4.099,3,5.509,4,5.998,255,0,0,0,0
1671457528687,76,271924,6,4.397,-3.680,0.000,1,4.894,2,4.099,3,5.509,4,5.998,255,0,0,0,0
1671457528718,31,271955,6,4.397,-3.680,0.000,1,4.891,2,4.099,3,5.506,4,5.998,255,0,0,0,0
1671457528749,31,271986,6,4.397,-3.680,0.000,1,4.891,2,4.099,3,5.506,4,5.998,255,0,0,0,0
1671457528749,0,271986,6,4.397,-3.680,0.000,1,4.891,2,4.099,3,5.506,4,5.998,255,0,0,0,0
1671457528779,30,272016,6,4.397,-3.680,0.000,1,4.886,2,4.099,3,5.509,4,5.998,255,0,0,0,0
1671457528842,63,272079,6,4.397,-3.680,0.000,1,4.886,2,4.099,3,5.509,4,5.998,255,0,0,0,0
1671457529068,226,272305,6,4.319,-3.452,0.000,1,4.886,2,4.099,3,5.509,4,5.998,255,0,0,0,0
1671457529113,45,272350,6,4.319,-3.452,0.000,1,4.886,2,4.099,3,5.509,4,5.998,255,0,0,0,0
1671457529113,0,272350,6,4.319,-3.452,0.000,1,4.886,2,4.099,3,5.509,4,5.998,255,0,0,0,0
1671457529143,30,272380,6,4.319,-3.452,0.000,1,4.886,2,4.099,3,5.509,4,5.998,255,0,0,0,0
1671457529189,46,272426,6,4.318,-3.684,0.000,1,4.886,2,4.097,3,5.509,4,5.998,255,0,0,0,0
1671457529658,469,272895,6,4.318,-3.584,0.000,1,4.886,2,4.097,3,5.509,4,5.998,255,0,0,0,0
1671457529688,30,272925,6,4.319,-3.528,0.000,1,4.886,2,4.097,3,5.509,4,5.998,255,0,0,0,0
1671457529785,97,273022,6,4.319,-3.528,0.000,1,4.886,2,4.097,3,5.509,4,5.998,255,0,0,0,0
1671457529785,0,273022,6,4.319,-3.528,0.000,1,4.886,2,4.097,3,5.509,4,5.998,255,0,0,0,0
1671457529812,27,273049,6,4.319,-3.528,0.000,1,4.886,2,4.097,3,5.509,4,5.998,255,0,0,0,0
1671457529845,33,273082,6,4.321,-3.664,0.000,1,4.886,2,4.097,3,5.509,4,5.998,255,0,0,0,0
1671457529903,58,273140,6,4.321,-3.664,0.000,1,4.886,2,4.097,3,5.509,4,5.998,255,0,0,0,0
1671457529949,46,273186,6,4.321,-3.664,0.000,1,4.886,2,4.097,3,5.509,4,5.998,255,0,0,0,0
1671457530890,941,274127,6,4.321,-3.664,0.000,1,4.883,2,4.097,3,5.511,4,5.998,255,0,0,0,0
1671457530890,0,274127,6,4.321,-3.664,0.000,1,4.883,2,4.097,3,5.511,4,5.998,255,0,0,0,0
1671457531345,455,274582,1,9.390,-3.685,2.220,255,0,0,0,0
1671457531345,0,274582,2,0.003,-3.685,2.220,255,0,0,0,0
1671457531345,0,274582,3,0.003,0.000,2.220,255,0,0,0,0
1671457531345,0,274582,4,9.390,0.000,2.220,255,0,0,0,0
1671457531345,0,274582,6,4.321,-3.664,0.000,1,4.883,2,4.097,3,5.511,4,5.998,255,0,0,0,0
1671457531375,30,274612,6,4.321,-3.664,0.000,1,4.883,2,4.097,3,5.511,4,5.998,255,0,0,0,0
1671457531406,31,274643,6,4.321,-3.664,0.000,1,4.878,2,4.116,3,5.511,4,5.998,255,0,0,0,0
1671457531436,30,274673,6,4.321,-3.664,0.000,1,4.878,2,4.116,3,5.511,4,5.998,255,0,0,0,0
1671457531466,30,274703,6,4.321,-3.664,0.000,1,4.878,2,4.116,3,5.511,4,5.998,255,0,0,0,0
1671457531477,11,274714,6,4.396,-3.665,0.000,1,4.878,2,4.116,3,5.511,4,5.998,255,0,0,0,0
1671457531498,21,274735,6,4.396,-3.665,0.000,1,4.878,2,4.116,3,5.511,4,5.998,255,0,0,0,0
1671457531528,30,274765,6,4.396,-3.665,0.000,1,4.878,2,4.116,3,5.511,4,5.998,255,0,0,0,0
1671457531558,30,274795,6,4.396,-3.665,0.000,1,4.878,2,4.116,3,5.511,4,5.998,255,0,0,0,0
1671457531588,30,274825,6,4.396,-3.665,0.000,1,4.878,2,4.116,3,5.511,4,5.998,255,0,0,0,0
1671457531623,35,274860,6,4.396,-3.665,0.000,1,4.878,2,4.116,3,5.511,4,5.998,255,0,0,0,0
1671457531623,0,274860,6,4.396,-3.665,0.000,1,4.878,2,4.116,3,5.511,4,5.998,255,0,0,0,0
1671457531649,26,274886,6,4.396,-3.665,0.000,1,4.878,2,4.116,3,5.511,4,5.998,255,0,0,0,0
1671457531680,31,274917,6,4.396,-3.665,0.000,1,4.878,2,4.116,3,5.511,4,5.998,255,0,0,0,0
1671457531730,50,274967,6,4.396,-3.665,0.000,1,4.878,2,4.116,3,5.511,4,5.998,255,0,0,0,0
1671457531756,26,274993,6,4.396,-3.665,0.000,1,4.878,2,4.116,3,5.511,4,5.998,255,0,0,0,0
1671457531786,30,275023,6,4.396,-3.665,0.000,1,4.878,2,4.116,3,5.511,4,5.998,255,0,0,0,0
1671457531786,0,275023,6,4.396,-3.665,0.000,1,4.878,2,4.116,3,5.511,4,5.998,255,0,0,0,0
1671457531832,46,275069,6,4.396,-3.665,0.000,1,4.878,2,4.116,3,5.511,4,5.998,255,0,0,0,0
1671457531905,73,275142,6,4.396,-3.665,0.000,1,4.878,2,4.116,3,5.511,4,5.998,255,0,0,0,0
1671457531924,19,275161,6,4.396,-3.665,0.000,1,4.878,2,4.116,3,5.511,4,5.998,255,0,0,0,0
1671457531985,61,275222,6,4.396,-3.665,0.000,1,4.886,2,4.113,3,5.506,4,5.998,255,0,0,0,0
1671457532015,30,275252,6,4.396,-3.665,0.000,1,4.886,2,4.108,3,5.506,4,5.998,255,0,0,0,0
1671457532015,0,275252,6,4.396,-3.665,0.000,1,4.886,2,4.108,3,5.506,4,5.998,255,0,0,0,0
1671457532062,47,275299,6,4.396,-3.665,0.000,1,4.886,2,4.108,3,5.506,4,5.998,255,0,0,0,0
1671457532093,31,275330,6,4.396,-3.665,0.000,1,4.886,2,4.108,3,5.506,4,5.998,255,0,0,0,0
1671457532127,34,275364,6,4.395,-3.662,0.000,1,4.886,2,4.108,3,5.506,4,5.998,255,0,0,0,0
1671457532183,56,275420,6,4.395,-3.662,0.000,1,4.883,2,4.108,3,5.506,4,5.998,255,0,0,0,0
1671457532214,31,275451,6,4.395,-3.662,0.000,1,4.883,2,4.108,3,5.506,4,5.998,255,0,0,0,0
1671457532215,1,275452,6,4.395,-3.663,0.000,1,4.883,2,4.108,3,5.506,4,5.998,255,0,0,0,0
1671457532245,30,275482,6,4.395,-3.663,0.000,1,4.883,2,4.108,3,5.506,4,5.998,255,0,0,0,0
1671457532308,63,275545,6,4.395,-3.663,0.000,1,4.883,2,4.108,3,5.506,4,5.998,255,0,0,0,0
1671457532338,30,275575,6,4.395,-3.663,0.000,1,4.883,2,4.108,3,5.506,4,5.998,255,0,0,0,0
1671457532387,49,275624,6,4.395,-3.663,0.000,1,4.883,2,4.108,3,5.506,4,5.998,255,0,0,0,0
1671457532429,42,275666,6,4.395,-3.663,0.000,1,4.886,2,4.108,3,5.503,4,5.998,255,0,0,0,0
1671457532429,0,275666,6,4.395,-3.663,0.000,1,4.886,2,4.108,3,5.503,4,5.998,255,0,0,0,0
1671457532455,26,275692,6,4.395,-3.663,0.000,1,4.886,2,4.108,3,5.503,4,5.998,255,0,0,0,0
1671457532475,20,275712,6,4.395,-3.663,0.000,1,4.886,2,4.108,3,5.503,4,5.998,255,0,0,0,0
1671457532506,31,275743,6,4.395,-3.663,0.000,1,4.886,2,4.108,3,5.503,4,5.998,255,0,0,0,0
1671457532551,45,275788,6,4.395,-3.663,0.000,1,4.886,2,4.108,3,5.503,4,5.998,255,0,0,0,0
1671457532581,30,275818,6,4.395,-3.663,0.000,1,4.886,2,4.108,3,5.503,4,5.998,255,0,0,0,0
1671457532584,3,275821,6,4.333,-3.661,0.000,1,4.886,2,4.108,3,5.503,4,5.998,255,0,0,0,0
1671457532612,28,275849,6,4.333,-3.661,0.000,1,4.886,2,4.108,3,5.503,4,5.998,255,0,0,0,0
1671457532675,63,275912,6,4.333,-3.661,0.000,1,4.886,2,4.108,3,5.503,4,5.998,255,0,0,0,0
1671457532720,45,275957,6,4.333,-3.661,0.000,1,4.886,2,4.099,3,5.506,4,5.998,255,0,0,0,0
1671457532795,75,276032,6,4.333,-3.661,0.000,1,4.886,2,4.099,3,5.506,4,5.998,255,0,0,0,0
1671457532886,91,276123,6,4.333,-3.661,0.000,1,4.883,2,4.108,3,5.503,4,5.998,255,0,0,0,0
1671457532886,0,276123,6,4.333,-3.661,0.000,1,4.883,2,4.108,3,5.503,4,5.998,255,0,0,0,0
1671457532933,47,276170,6,4.333,-3.661,0.000,1,4.883,2,4.108,3,5.503,4,5.998,255,0,0,0,0
1671457532994,61,276231,6,4.391,-3.676,0.000,1,4.856,2,4.108,3,5.503,4,5.998,255,0,0,0,0
1671457533055,61,276292,6,4.391,-3.676,0.000,1,4.891,2,4.108,3,5.503,4,5.998,255,0,0,0,0
1671457533087,32,276324,6,4.373,-3.666,0.000,1,4.891,2,4.108,3,5.503,4,5.998,255,0,0,0,0
1671457533110,23,276347,6,4.373,-3.666,0.000,1,4.891,2,4.108,3,5.503,4,5.998,255,0,0,0,0
1671457533110,0,276347,6,4.373,-3.666,0.000,1,4.891,2,4.108,3,5.503,4,5.998,255,0,0,0,0
1671457533151,41,276388,6,4.344,-3.661,0.000,1,4.886,2,4.116,3,5.503,4,5.998,255,0,0,0,0
1671457533177,26,276414,6,4.344,-3.661,0.000,1,4.886,2,4.116,3,5.486,4,5.998,255,0,0,0,0
1671457533207,30,276444,6,4.323,-3.661,0.000,1,4.886,2,4.116,3,5.486,4,5.998,255,0,0,0,0
1671457533259,52,276496,6,4.323,-3.661,0.000,1,4.886,2,4.116,3,5.486,4,5.998,255,0,0,0,0
1671457533298,39,276535,6,4.323,-3.661,0.000,1,4.886,2,4.113,3,5.503,4,5.998,255,0,0,0,0
1671457533298,0,276535,6,4.323,-3.661,0.000,1,4.886,2,4.113,3,5.503,4,5.998,255,0,0,0,0
1671457533329,31,276566,6,4.323,-3.661,0.000,1,4.886,2,4.113,3,5.503,4,5.998,255,0,0,0,0
1671457533375,46,276612,6,4.327,-3.625,0.000,1,4.886,2,4.113,3,5.503,4,5.998,255,0,0,0,0
1671457533405,30,276642,6,4.327,-3.625,0.000,1,4.886,2,4.113,3,5.503,4,5.998,255,0,0,0,0
1671457533451,46,276688,6,4.327,-3.625,0.000,1,4.886,2,4.113,3,5.503,4,5.998,255,0,0,0,0
1671457533513,62,276750,6,4.327,-3.625,0.000,1,4.886,2,4.113,3,5.503,4,5.998,255,0,0,0,0
1671457533514,1,276751,6,4.346,-3.642,0.000,1,4.886,2,4.113,3,5.503,4,5.998,255,0,0,0,0
1671457533547,33,276784,6,4.346,-3.642,0.000,1,4.886,2,4.116,3,5.503,4,5.998,255,0,0,0,0
1671457533574,27,276811,6,4.346,-3.642,0.000,1,4.886,2,4.116,3,5.503,4,5.998,255,0,0,0,0
1671457533603,29,276840,6,4.402,-3.691,0.000,1,4.886,2,4.116,3,5.503,4,5.998,255,0,0,0,0
1671457533634,31,276871,6,4.402,-3.691,0.000,1,4.886,2,4.116,3,5.503,4,5.998,255,0,0,0,0
1671457533710,76,276947,6,4.402,-3.691,0.000,1,4.886,2,4.116,3,5.503,4,5.998,255,0,0,0,0
1671457533710,0,276947,6,4.402,-3.691,0.000,1,4.886,2,4.116,3,5.503,4,5.998,255,0,0,0,0
1671457533742,32,276979,6,4.329,-3.486,0.000,1,4.886,2,4.116,3,5.503,4,5.998,255,0,0,0,0
1671457533764,22,277001,6,4.329,-3.486,0.000,1,4.886,2,4.116,3,5.503,4,5.998,255,0,0,0,0
1671457533771,7,277008,6,4.329,-3.486,0.000,1,4.891,2,4.110,3,5.500,4,5.998,255,0,0,0,0
1671457533834,63,277071,6,4.387,-3.636,0.000,1,4.891,2,4.110,3,5.500,4,5.998,255,0,0,0,0
1671457533880,46,277117,6,4.387,-3.636,0.000,1,4.891,2,4.110,3,5.500,4,5.998,255,0,0,0,0
1671457533880,0,277117,6,4.387,-3.636,0.000,1,4.891,2,4.110,3,5.500,4,5.998,255,0,0,0,0
1671457533924,44,277161,6,4.387,-3.636,0.000,1,4.891,2,4.110,3,5.500,4,5.998,255,0,0,0,0
1671457533985,61,277222,6,4.387,-3.636,0.000,1,4.853,2,4.116,3,5.503,4,5.998,255,0,0,0,0
1671457534048,63,277285,6,4.392,-3.655,0.000,1,4.853,2,4.116,3,5.503,4,5.998,255,0,0,0,0
1671457534078,30,277315,6,4.392,-3.655,0.000,1,4.891,2,4.116,3,5.503,4,5.998,255,0,0,0,0
1671457534109,31,277346,6,4.392,-3.655,0.000,1,4.891,2,4.116,3,5.503,4,5.998,255,0,0,0,0
1671457534109,0,277346,6,4.392,-3.655,0.000,1,4.891,2,4.116,3,5.503,4,5.998,255,0,0,0,0
1671457534186,77,277423,6,4.396,-3.654,0.000,1,4.891,2,4.116,3,5.503,4,5.998,255,0,0,0,0
1671457534217,31,277454,6,4.396,-3.654,0.000,1,4.883,2,4.110,3,5.506,4,5.998,255,0,0,0,0
1671457534280,63,277517,6,4.327,-3.652,0.000,1,4.883,2,4.110,3,5.506,4,5.998,255,0,0,0,0
1671457534309,29,277546,6,4.327,-3.652,0.000,1,4.880,2,4.119,3,5.503,4,5.998,255,0,0,0,0
1671457534354,45,277591,6,4.327,-3.652,0.000,1,4.880,2,4.119,3,5.503,4,5.998,255,0,0,0,0
1671457534354,0,277591,6,4.327,-3.652,0.000,1,4.880,2,4.119,3,5.503,4,5.998,255,0,0,0,0
1671457534384,30,277621,6,4.387,-3.665,0.000,1,4.880,2,4.119,3,5.503,4,5.998,255,0,0,0,0
1671457534422,38,277659,6,4.387,-3.665,0.000,1,4.886,2,4.110,3,5.503,4,5.998,255,0,0,0,0
1671457534475,53,277712,6,4.387,-3.665,0.000,1,4.886,2,4.110,3,5.503,4,5.998,255,0,0,0,0
1671457534506,31,277743,6,4.394,-3.660,0.000,1,4.886,2,4.110,3,5.503,4,5.998,255,0,0,0,0
1671457534551,45,277788,6,4.394,-3.660,0.000,1,4.886,2,4.108,3,5.503,4,5.998,255,0,0,0,0
1671457534551,0,277788,6,4.394,-3.660,0.000,1,4.886,2,4.108,3,5.503,4,5.998,255,0,0,0,0
1671457534612,61,277849,6,4.394,-3.660,0.000,1,4.886,2,4.108,3,5.503,4,5.998,255,0,0,0,0
1671457534683,71,277920,6,4.394,-3.502,0.000,1,4.894,2,4.108,3,5.503,4,5.998,255,0,0,0,0
1671457534703,20,277940,6,4.394,-3.502,0.000,1,4.894,2,4.108,3,5.503,4,5.998,255,0,0,0,0
1671457534733,30,277970,6,4.394,-3.502,0.000,1,4.894,2,4.108,3,5.503,4,5.998,255,0,0,0,0
1671457534765,32,278002,6,4.394,-3.502,0.000,1,4.894,2,4.108,3,5.503,4,5.998,255,0,0,0,0
1671457534765,0,278002,6,4.394,-3.502,0.000,1,4.894,2,4.108,3,5.503,4,5.998,255,0,0,0,0
1671457534810,45,278047,6,4.394,-3.502,0.000,1,4.894,2,4.108,3,5.503,4,5.998,255,0,0,0,0
1671457534841,31,278078,6,4.332,-3.480,0.000,1,4.894,2,4.108,3,5.503,4,5.998,255,0,0,0,0
1671457534870,29,278107,6,4.332,-3.480,0.000,1,4.883,2,4.091,3,5.503,4,5.998,255,0,0,0,0
1671457534932,62,278169,6,4.332,-3.480,0.000,1,4.883,2,4.091,3,5.503,4,5.998,255,0,0,0,0
1671457534964,32,278201,6,4.332,-3.480,0.000,1,4.883,2,4.091,3,5.506,4,5.998,255,0,0,0,0
1671457534964,0,278201,6,4.332,-3.480,0.000,1,4.883,2,4.091,3,5.506,4,5.998,255,0,0,0,0
1671457534979,15,278216,6,4.371,-3.485,0.000,1,4.883,2,4.091,3,5.506,4,5.998,255,0,0,0,0
1671457535054,75,278291,6,4.371,-3.485,0.000,1,4.883,2,4.091,3,5.506,4,5.998,255,0,0,0,0
1671457535077,23,278314,6,4.371,-3.485,0.000,1,4.894,2,4.108,3,5.506,4,5.998,255,0,0,0,0
1671457535121,44,278358,6,4.397,-3.483,0.000,1,4.894,2,4.108,3,5.506,4,5.998,255,0,0,0,0
1671457535146,25,278383,6,4.397,-3.483,0.000,1,4.883,2,4.088,3,5.506,4,5.998,255,0,0,0,0
1671457535146,0,278383,6,4.397,-3.483,0.000,1,4.883,2,4.088,3,5.506,4,5.998,255,0,0,0,0
1671457535177,31,278414,6,4.397,-3.483,0.000,1,4.883,2,4.088,3,5.506,4,5.998,255,0,0,0,0
1671457535230,53,278467,6,4.329,-3.645,0.000,1,4.883,2,4.088,3,5.506,4,5.998,255,0,0,0,0
1671457535253,23,278490,6,4.329,-3.645,0.000,1,4.883,2,4.088,3,5.506,4,5.998,255,0,0,0,0
1671457535299,46,278536,6,4.329,-3.645,0.000,1,4.886,2,4.088,3,5.506,4,5.998,255,0,0,0,0
1671457535360,61,278597,6,4.329,-3.645,0.000,1,4.886,2,4.088,3,5.506,4,5.998,255,0,0,0,0
1671457535360,0,278597,6,4.329,-3.645,0.000,1,4.886,2,4.088,3,5.506,4,5.998,255,0,0,0,0
1671457535392,32,278629,6,4.307,-3.688,0.000,1,4.886,2,4.088,3,5.506,4,5.998,255,0,0,0,0
1671457535437,45,278674,6,4.307,-3.688,0.000,1,4.886,2,4.083,3,5.506,4,5.998,255,0,0,0,0
1671457535498,61,278735,6,4.307,-3.688,0.000,1,4.886,2,4.083,3,5.506,4,5.998,255,0,0,0,0
1671457535531,33,278768,6,4.390,-3.688,0.000,1,4.894,2,4.083,3,5.503,4,5.998,255,0,0,0,0
1671457535591,60,278828,6,4.390,-3.688,0.000,1,4.894,2,4.083,3,5.503,4,5.998,255,0,0,0,0
1671457535591,0,278828,6,4.390,-3.688,0.000,1,4.894,2,4.083,3,5.503,4,5.998,255,0,0,0,0
1671457535622,31,278859,6,4.390,-3.688,0.000,1,4.894,2,4.083,3,5.503,4,5.998,255,0,0,0,0
1671457535684,62,278921,6,4.396,-3.692,0.000,1,4.894,2,4.083,3,5.503,4,5.998,255,0,0,0,0
1671457535714,30,278951,6,4.396,-3.692,0.000,1,4.894,2,4.083,3,5.503,4,5.998,255,0,0,0,0
1671457535735,21,278972,6,4.394,-3.689,0.000,1,4.894,2,4.083,3,5.503,4,5.998,255,0,0,0,0
1671457535745,10,278982,6,4.394,-3.689,0.000,1,4.878,2,4.083,3,5.511,4,5.998,255,0,0,0,0
1671457535745,0,278982,6,4.394,-3.689,0.000,1,4.878,2,4.083,3,5.511,4,5.998,255,0,0,0,0
1671457535776,31,279013,6,4.394,-3.689,0.000,1,4.878,2,4.083,3,5.511,4,5.998,255,0,0,0,0
1671457535806,30,279043,6,4.394,-3.689,0.000,1,4.878,2,4.083,3,5.511,4,5.998,255,0,0,0,0
1671457535897,91,279134,6,4.394,-3.689,0.000,1,4.878,2,4.083,3,5.511,4,5.998,255,0,0,0,0
1671457535928,31,279165,6,4.394,-3.689,0.000,1,4.878,2,4.083,3,5.511,4,5.998,255,0,0,0,0
1671457535955,27,279192,6,4.394,-3.689,0.000,1,4.878,2,4.083,3,5.511,4,5.998,255,0,0,0,0
1671457535955,0,279192,6,4.394,-3.689,0.000,1,4.878,2,4.083,3,5.511,4,5.998,255,0,0,0,0
1671457535959,4,279196,6,4.394,-3.689,0.000,1,4.878,2,4.083,3,5.511,4,5.998,255,0,0,0,0
1671457536021,62,279258,6,4.348,-3.572,0.000,1,4.894,2,4.083,3,5.503,4,5.998,255,0,0,0,0
1671457536060,39,279297,6,4.348,-3.572,0.000,1,4.894,2,4.083,3,5.503,4,5.998,255,0,0,0,0
1671457536109,49,279346,6,4.312,-3.482,0.000,1,4.886,2,4.083,3,5.503,4,5.998,255,0,0,0,0
1671457536139,30,279376,6,4.312,-3.482,0.000,1,4.886,2,4.083,3,5.503,4,5.998,255,0,0,0,0
1671457536139,0,279376,6,4.312,-3.482,0.000,1,4.886,2,4.083,3,5.503,4,5.998,255,0,0,0,0
1671457536185,46,279422,6,4.312,-3.482,0.000,1,4.883,2,4.083,3,5.503,4,5.998,255,0,0,0,0
1671457536247,62,279484,6,4.312,-3.482,0.000,1,4.883,2,4.083,3,5.503,4,5.998,255,0,0,0,0
1671457536278,31,279515,6,4.329,-3.524,0.000,1,4.883,2,4.083,3,5.503,4,5.998,255,0,0,0,0
1671457536338,60,279575,6,4.329,-3.524,0.000,1,4.883,2,4.083,3,5.503,4,5.998,255,0,0,0,0
1671457536368,30,279605,6,4.329,-3.524,0.000,1,4.883,2,4.083,3,5.503,4,5.998,255,0,0,0,0
1671457536368,0,279605,6,4.329,-3.524,0.000,1,4.883,2,4.083,3,5.503,4,5.998,255,0,0,0,0
1671457536393,25,279630,6,4.371,-3.630,0.000,1,4.886,2,4.083,3,5.503,4,5.998,255,0,0,0,0
1671457536433,40,279670,6,4.371,-3.630,0.000,1,4.886,2,4.083,3,5.503,4,5.998,255,0,0,0,0
1671457536458,25,279695,6,4.371,-3.630,0.000,1,4.886,2,4.083,3,5.503,4,5.998,255,0,0,0,0
1671457536488,30,279725,6,4.371,-3.630,0.000,1,4.886,2,4.083,3,5.503,4,5.998,255,0,0,0,0
1671457536550,62,279787,6,4.371,-3.630,0.000,1,4.883,2,4.080,3,5.503,4,5.998,255,0,0,0,0
1671457536550,0,279787,6,4.371,-3.630,0.000,1,4.883,2,4.080,3,5.503,4,5.998,255,0,0,0,0
1671457536581,31,279818,6,4.371,-3.630,0.000,1,4.883,2,4.080,3,5.503,4,5.998,255,0,0,0,0
1671457536611,30,279848,6,4.371,-3.630,0.000,1,4.883,2,4.080,3,5.503,4,5.998,255,0,0,0,0
1671457536687,76,279924,6,4.371,-3.630,0.000,1,4.883,2,4.080,3,5.503,4,5.998,255,0,0,0,0
1671457536717,30,279954,6,4.371,-3.630,0.000,1,4.891,2,4.080,3,5.500,4,5.998,255,0,0,0,0
1671457536750,33,279987,6,4.371,-3.630,0.000,1,4.891,2,4.080,3,5.500,4,5.998,255,0,0,0,0
1671457536752,2,279989,6,4.388,-3.677,0.000,1,4.891,2,4.080,3,5.500,4,5.998,255,0,0,0,0
1671457536780,28,280017,6,4.388,-3.677,0.000,1,4.883,2,4.074,3,5.503,4,5.998,255,0,0,0,0
1671457536810,30,280047,6,4.388,-3.677,0.000,1,4.883,2,4.074,3,5.503,4,5.998,255,0,0,0,0
1671457536831,21,280068,6,4.391,-3.685,0.000,1,4.883,2,4.074,3,5.503,4,5.998,255,0,0,0,0
1671457536841,10,280078,6,4.391,-3.685,0.000,1,4.883,2,4.074,3,5.503,4,5.998,255,0,0,0,0
1671457536872,31,280109,6,4.391,-3.685,0.000,1,4.883,2,4.074,3,5.503,4,5.998,255,0,0,0,0
1671457536872,0,280109,6,4.391,-3.685,0.000,1,4.883,2,4.074,3,5.503,4,5.998,255,0,0,0,0
1671457536902,30,280139,6,4.391,-3.685,0.000,1,4.883,2,4.074,3,5.503,4,5.998,255,0,0,0,0
1671457536949,47,280186,6,4.394,-3.697,0.000,1,4.883,2,4.074,3,5.503,4,5.998,255,0,0,0,0
1671457536980,31,280217,6,4.394,-3.697,0.000,1,4.883,2,4.074,3,5.503,4,5.998,255,0,0,0,0
1671457537009,29,280246,6,4.394,-3.697,0.000,1,4.883,2,4.074,3,5.503,4,5.998,255,0,0,0,0
1671457537091,82,280328,6,4.394,-3.697,0.000,1,4.883,2,4.074,3,5.503,4,5.998,255,0,0,0,0
1671457537091,0,280328,6,4.394,-3.697,0.000,1,4.883,2,4.074,3,5.503,4,5.998,255,0,0,0,0
1671457537117,26,280354,6,4.319,-3.511,0.000,1,4.891,2,4.077,3,5.503,4,5.998,255,0,0,0,0
1671457537148,31,280385,6,4.319,-3.511,0.000,1,4.891,2,4.077,3,5.503,4,5.998,255,0,0,0,0
1671457537209,61,280446,6,4.319,-3.511,0.000,1,4.883,2,4.080,3,5.503,4,5.998,255,0,0,0,0
1671457537240,31,280477,6,4.389,-3.684,0.000,1,4.883,2,4.080,3,5.503,4,5.998,255,0,0,0,0
1671457537266,26,280503,6,4.389,-3.684,0.000,1,4.883,2,4.080,3,5.503,4,5.998,255,0,0,0,0
1671457537266,0,280503,6,4.389,-3.684,0.000,1,4.883,2,4.080,3,5.503,4,5.998,255,0,0,0,0
1671457537306,40,280543,6,4.389,-3.684,0.000,1,4.883,2,4.083,3,5.503,4,5.998,255,0,0,0,0
1671457537332,26,280569,6,4.395,-3.694,0.000,1,4.883,2,4.083,3,5.503,4,5.998,255,0,0,0,0
1671457537361,29,280598,6,4.395,-3.694,0.000,1,4.883,2,4.083,3,5.503,4,5.998,255,0,0,0,0
1671457537436,75,280673,6,4.395,-3.694,0.000,1,4.883,2,4.083,3,5.503,4,5.998,255,0,0,0,0
1671457537482,46,280719,6,4.395,-3.694,0.000,1,4.894,2,4.083,3,5.503,4,5.998,255,0,0,0,0
1671457537482,0,280719,6,4.395,-3.694,0.000,1,4.894,2,4.083,3,5.503,4,5.998,255,0,0,0,0
1671457537529,47,280766,6,4.313,-3.690,0.000,1,4.894,2,4.083,3,5.503,4,5.998,255,0,0,0,0
1671457537559,30,280796,6,4.313,-3.690,0.000,1,4.883,2,4.085,3,5.506,4,5.998,255,0,0,0,0
1671457537589,30,280826,6,4.313,-3.690,0.000,1,4.883,2,4.085,3,5.506,4,5.998,255,0,0,0,0
1671457537637,48,280874,6,4.388,-3.689,0.000,1,4.883,2,4.085,3,5.506,4,5.998,255,0,0,0,0
1671457537682,45,280919,6,4.388,-3.689,0.000,1,4.891,2,4.091,3,5.503,4,5.998,255,0,0,0,0
1671457537682,0,280919,6,4.388,-3.689,0.000,1,4.891,2,4.091,3,5.503,4,5.998,255,0,0,0,0
1671457537705,23,280942,6,4.388,-3.689,0.000,1,4.891,2,4.091,3,5.503,4,5.998,255,0,0,0,0
1671457537746,41,280983,6,4.409,-3.725,0.000,1,4.891,2,4.091,3,5.503,4,5.998,255,0,0,0,0
1671457537773,27,281010,6,4.409,-3.725,0.000,1,4.886,2,4.097,3,5.503,4,5.998,255,0,0,0,0
1671457537805,32,281042,6,4.409,-3.725,0.000,1,4.886,2,4.097,3,5.503,4,5.998,255,0,0,0,0
1671457537882,77,281119,6,4.409,-3.725,0.000,1,4.886,2,4.097,3,5.503,4,5.998,255,0,0,0,0
1671457537883,1,281120,6,4.368,-3.617,0.000,1,4.886,2,4.097,3,5.503,4,5.998,255,0,0,0,0
1671457537927,44,281164,6,4.368,-3.617,0.000,1,4.886,2,4.097,3,5.503,4,5.998,255,0,0,0,0
1671457537961,34,281198,6,4.368,-3.617,0.000,1,4.891,2,4.097,3,5.486,4,5.998,255,0,0,0,0
1671457537988,27,281225,6,4.368,-3.617,0.000,1,4.891,2,4.097,3,5.486,4,5.998,255,0,0,0,0
1671457538019,31,281256,6,4.384,-3.650,0.000,1,4.891,2,4.097,3,5.486,4,5.998,255,0,0,0,0
1671457538064,45,281301,6,4.384,-3.650,0.000,1,4.891,2,4.097,3,5.486,4,5.998,255,0,0,0,0
1671457538064,0,281301,6,4.384,-3.650,0.000,1,4.891,2,4.097,3,5.486,4,5.998,255,0,0,0,0
1671457538094,30,281331,6,4.384,-3.648,0.000,1,4.891,2,4.097,3,5.486,4,5.998,255,0,0,0,0
1671457538155,61,281392,6,4.384,-3.648,0.000,1,4.891,2,4.097,3,5.486,4,5.998,255,0,0,0,0
1671457538186,31,281423,6,4.384,-3.648,0.000,1,4.894,2,4.105,3,5.503,4,5.998,255,0,0,0,0
1671457538247,61,281484,6,4.384,-3.648,0.000,1,4.894,2,4.105,3,5.503,4,5.998,255,0,0,0,0
1671457538308,61,281545,6,4.384,-3.648,0.000,1,4.891,2,4.099,3,5.503,4,5.998,255,0,0,0,0
1671457538309,1,281546,6,4.367,-3.657,0.000,1,4.891,2,4.099,3,5.503,4,5.998,255,0,0,0,0
1671457538338,29,281575,6,4.367,-3.657,0.000,1,4.891,2,4.099,3,5.503,4,5.998,255,0,0,0,0
1671457538361,23,281598,6,4.367,-3.657,0.000,1,4.891,2,4.099,3,5.503,4,5.998,255,0,0,0,0
1671457538403,42,281640,6,4.311,-3.664,0.000,1,4.891,2,4.097,3,5.503,4,5.998,255,0,0,0,0
1671457538430,27,281667,6,4.311,-3.664,0.000,1,4.891,2,4.097,3,5.503,4,5.998,255,0,0,0,0
1671457538460,30,281697,6,4.311,-3.664,0.000,1,4.891,2,4.097,3,5.503,4,5.998,255,0,0,0,0
1671457538460,0,281697,6,4.358,-3.668,0.000,1,4.891,2,4.097,3,5.503,4,5.998,255,0,0,0,0
1671457538509,49,281746,6,4.358,-3.668,0.000,1,4.891,2,4.097,3,5.503,4,5.998,255,0,0,0,0
1671457538537,28,281774,6,4.358,-3.668,0.000,1,4.891,2,4.097,3,5.503,4,5.998,255,0,0,0,0
1671457538567,30,281804,6,4.358,-3.668,0.000,1,4.891,2,4.097,3,5.503,4,5.998,255,0,0,0,0
1671457538619,52,281856,6,4.393,-3.673,0.000,1,4.891,2,4.097,3,5.503,4,5.998,255,0,0,0,0
1671457538643,24,281880,6,4.393,-3.673,0.000,1,4.891,2,4.097,3,5.503,4,5.998,255,0,0,0,0
1671457538643,0,281880,6,4.393,-3.673,0.000,1,4.891,2,4.097,3,5.503,4,5.998,255,0,0,0,0
1671457538686,43,281923,6,4.393,-3.673,0.000,1,4.891,2,4.097,3,5.503,4,5.998,255,0,0,0,0
1671457538720,34,281957,6,4.393,-3.673,0.000,1,4.891,2,4.097,3,5.503,4,5.998,255,0,0,0,0
1671457538750,30,281987,6,4.393,-3.673,0.000,1,4.891,2,4.097,3,5.503,4,5.998,255,0,0,0,0
1671457538781,31,282018,6,4.393,-3.673,0.000,1,4.886,2,4.097,3,5.503,4,5.998,255,0,0,0,0
1671457538845,64,282082,6,4.393,-3.673,0.000,1,4.886,2,4.097,3,5.503,4,5.998,255,0,0,0,0
1671457538845,0,282082,6,4.393,-3.673,0.000,1,4.886,2,4.097,3,5.503,4,5.998,255,0,0,0,0
1671457538904,59,282141,6,4.310,-3.673,0.000,1,4.886,2,4.097,3,5.503,4,5.998,255,0,0,0,0
1671457538934,30,282171,6,4.310,-3.673,0.000,1,4.886,2,4.097,3,5.503,4,5.998,255,0,0,0,0
1671457538994,60,282231,6,4.310,-3.673,0.000,1,4.878,2,4.097,3,5.506,4,5.998,255,0,0,0,0
1671457539018,24,282255,6,4.351,-3.638,0.000,1,4.886,2,4.102,3,5.506,4,5.998,255,0,0,0,0
1671457539025,7,282262,6,4.351,-3.638,0.000,1,4.886,2,4.102,3,5.503,4,5.989,255,0,0,0,0
1671457539025,0,282262,6,4.351,-3.638,0.000,1,4.886,2,4.102,3,5.503,4,5.989,255,0,0,0,0
1671457539058,33,282295,6,4.351,-3.638,0.000,1,4.886,2,4.102,3,5.503,4,5.989,255,0,0,0,0
1671457539086,28,282323,6,4.328,-3.515,0.000,1,4.886,2,4.102,3,5.503,4,5.989,255,0,0,0,0
1671457539146,60,282383,6,4.328,-3.515,0.000,1,4.886,2,4.102,3,5.503,4,5.989,255,0,0,0,0
1671457539191,45,282428,6,4.328,-3.515,0.000,1,4.886,2,4.102,3,5.503,4,5.989,255,0,0,0,0
1671457539222,31,282459,6,4.328,-3.515,0.000,1,4.886,2,4.102,3,5.503,4,5.989,255,0,0,0,0
1671457539222,0,282459,6,4.328,-3.515,0.000,1,4.886,2,4.102,3,5.503,4,5.989,255,0,0,0,0
1671457539313,91,282550,6,4.401,-3.639,0.000,1,4.878,2,4.102,3,5.503,4,5.998,255,0,0,0,0
1671457539344,31,282581,6,4.401,-3.639,0.000,1,4.878,2,4.102,3,5.503,4,5.998,255,0,0,0,0
1671457539405,61,282642,6,4.401,-3.639,0.000,1,4.883,2,4.102,3,5.506,4,5.998,255,0,0,0,0
1671457539436,31,282673,6,4.334,-3.668,0.000,1,4.883,2,4.097,3,5.506,4,5.998,255,0,0,0,0
1671457539466,30,282703,6,4.334,-3.668,0.000,1,4.883,2,4.097,3,5.506,4,5.998,255,0,0,0,0
1671457539466,0,282703,6,4.334,-3.668,0.000,1,4.883,2,4.097,3,5.506,4,5.998,255,0,0,0,0
1671457539527,61,282764,6,4.388,-3.671,0.000,1,4.883,2,4.097,3,5.506,4,5.998,255,0,0,0,0
1671457539557,30,282794,6,4.388,-3.671,0.000,1,4.878,2,4.097,3,5.503,4,5.998,255,0,0,0,0
1671457539610,53,282847,6,4.388,-3.671,0.000,1,4.878,2,4.097,3,5.503,4,5.998,255,0,0,0,0
1671457539634,24,282871,6,4.392,-3.674,0.000,1,4.878,2,4.097,3,5.503,4,5.998,255,0,0,0,0
1671457539679,45,282916,6,4.392,-3.674,0.000,1,4.894,2,4.091,3,5.503,4,5.998,255,0,0,0,0
1671457539679,0,282916,6,4.392,-3.674,0.000,1,4.894,2,4.091,3,5.503,4,5.998,255,0,0,0,0
1671457539739,60,282976,6,4.392,-3.674,0.000,1,4.894,2,4.091,3,5.503,4,5.998,255,0,0,0,0
1671457539773,34,283010,6,4.407,-3.706,0.000,1,4.894,2,4.091,3,5.503,4,5.998,255,0,0,0,0
1671457539833,60,283070,6,4.407,-3.706,0.000,1,4.894,2,4.085,3,5.503,4,5.998,255,0,0,0,0
1671457539909,76,283146,6,4.407,-3.706,0.000,1,4.894,2,4.085,3,5.503,4,5.998,255,0,0,0,0
1671457539954,45,283191,6,4.407,-3.706,0.000,1,4.894,2,4.085,3,5.503,4,5.998,255,0,0,0,0
1671457539955,1,283192,6,4.371,-3.669,0.000,1,4.894,2,4.085,3,5.503,4,5.998,255,0,0,0,0
1671457540016,61,283253,6,4.371,-3.669,0.000,1,4.883,2,4.085,3,5.503,4,5.998,255,0,0,0,0
1671457540093,77,283330,6,4.330,-3.682,0.000,1,4.891,2,4.091,3,5.503,4,5.998,255,0,0,0,0
1671457540122,29,283359,6,4.330,-3.682,0.000,1,4.891,2,4.091,3,5.503,4,5.998,255,0,0,0,0
1671457540155,33,283392,6,4.390,-3.686,0.000,1,4.891,2,4.085,3,5.503,4,5.998,255,0,0,0,0
1671457540184,29,283421,6,4.390,-3.686,0.000,1,4.891,2,4.085,3,5.503,4,5.998,255,0,0,0,0
1671457540184,0,283421,6,4.390,-3.686,0.000,1,4.891,2,4.085,3,5.503,4,5.998,255,0,0,0,0
1671457540216,32,283453,6,4.395,-3.681,0.000,1,4.891,2,4.085,3,5.503,4,5.998,255,0,0,0,0
1671457540230,14,283467,6,4.395,-3.681,0.000,1,4.891,2,4.085,3,5.503,4,5.998,255,0,0,0,0
1671457540362,132,283599,6,4.395,-3.681,0.000,1,4.891,2,4.085,3,5.503,4,5.998,255,0,0,0,0
1671457540430,68,283667,6,4.395,-3.681,0.000,1,4.891,2,4.085,3,5.503,4,5.998,255,0,0,0,0
1671457540460,30,283697,6,4.395,-3.681,0.000,1,4.894,2,4.085,3,5.503,4,5.998,255,0,0,0,0
1671457540461,1,283698,6,4.377,-3.683,0.000,1,4.894,2,4.085,3,5.503,4,5.998,255,0,0,0,0
1671457540490,29,283727,6,4.377,-3.683,0.000,1,4.894,2,4.085,3,5.503,4,5.998,255,0,0,0,0
1671457540566,76,283803,6,4.316,-3.686,0.000,1,4.894,2,4.085,3,5.503,4,5.998,255,0,0,0,0
1671457540625,59,283862,6,4.316,-3.686,0.000,1,4.894,2,4.085,3,5.503,4,5.998,255,0,0,0,0
1671457540656,31,283893,6,4.386,-3.686,0.000,1,4.894,2,4.085,3,5.503,4,5.998,255,0,0,0,0
1671457540717,61,283954,6,4.386,-3.686,0.000,1,4.894,2,4.085,3,5.503,4,5.998,255,0,0,0,0
1671457540717,0,283954,6,4.386,-3.686,0.000,1,4.894,2,4.085,3,5.503,4,5.998,255,0,0,0,0
1671457540748,31,283985,6,4.386,-3.686,0.000,1,4.894,2,4.085,3,5.503,4,5.998,255,0,0,0,0
1671457540778,30,284015,6,4.386,-3.686,0.000,1,4.894,2,4.085,3,5.503,4,5.998,255,0,0,0,0
1671457540839,61,284076,6,4.386,-3.686,0.000,1,4.894,2,4.085,3,5.503,4,5.998,255,0,0,0,0
1671457540884,45,284121,6,4.386,-3.686,0.000,1,4.894,2,4.085,3,5.503,4,5.998,255,0,0,0,0
1671457540945,61,284182,6,4.386,-3.686,0.000,1,4.894,2,4.085,3,5.503,4,5.998,255,0,0,0,0
1671457540945,0,284182,6,4.386,-3.686,0.000,1,4.894,2,4.085,3,5.503,4,5.998,255,0,0,0,0
1671457541187,242,284424,6,4.386,-3.686,0.000,1,4.886,2,4.085,3,5.506,4,5.998,255,0,0,0,0
1671457541222,35,284459,6,4.349,-3.578,0.000,1,4.886,2,4.085,3,5.506,4,5.998,255,0,0,0,0
1671457541265,43,284502,6,4.349,-3.578,0.000,1,4.886,2,4.085,3,5.506,4,5.998,255,0,0,0,0
1671457541310,45,284547,6,4.349,-3.578,0.000,1,4.886,2,4.085,3,5.506,4,5.998,255,0,0,0,0
1671457541310,0,284547,6,4.349,-3.578,0.000,1,4.886,2,4.085,3,5.506,4,5.998,255,0,0,0,0
1671457541328,18,284565,6,4.331,-3.670,0.000,1,4.891,2,4.088,3,5.506,4,5.998,255,0,0,0,0
1671457541356,28,284593,2,0.003,-3.685,2.220,255,0,0,0,0
1671457541356,0,284593,3,0.003,0.000,2.220,255,0,0,0,0
1671457541356,0,284593,4,9.390,0.000,2.220,255,0,0,0,0
1671457541356,0,284593,6,4.312,-3.682,0.000,1,4.891,2,4.088,3,5.506,4,5.998,255,0,0,0,0
1671457541356,0,284593,1,9.390,-3.685,2.220,255,0,0,0,0
1671457541432,76,284669,6,4.312,-3.682,0.000,1,4.891,2,4.088,3,5.506,4,5.998,255,0,0,0,0
1671457541463,31,284700,6,4.312,-3.682,0.000,1,4.891,2,4.088,3,5.506,4,5.998,255,0,0,0,0
1671457541524,61,284761,6,4.312,-3.682,0.000,1,4.891,2,4.088,3,5.506,4,5.998,255,0,0,0,0
1671457541525,1,284762,6,4.353,-3.685,0.000,1,4.891,2,4.088,3,5.506,4,5.998,255,0,0,0,0
1671457541555,30,284792,6,4.353,-3.685,0.000,1,4.880,2,4.080,3,5.498,4,6.011,255,0,0,0,0
1671457541617,62,284854,6,4.353,-3.685,0.000,1,4.880,2,4.080,3,5.498,4,6.011,255,0,0,0,0
1671457541640,23,284877,6,4.353,-3.685,0.000,1,4.880,2,4.080,3,5.498,4,6.011,255,0,0,0,0
1671457541683,43,284920,6,4.353,-3.685,0.000,1,4.883,2,4.088,3,5.506,4,5.998,255,0,0,0,0
1671457541708,25,284945,6,4.353,-3.685,0.000,1,4.883,2,4.088,3,5.506,4,5.998,255,0,0,0,0
1671457541708,0,284945,6,4.353,-3.685,0.000,1,4.883,2,4.088,3,5.506,4,5.998,255,0,0,0,0
1671457541740,32,284977,6,4.322,-3.606,0.000,1,4.883,2,4.088,3,5.506,4,5.998,255,0,0,0,0
1671457541796,56,285033,6,4.322,-3.606,0.000,1,4.883,2,4.088,3,5.506,4,5.998,255,0,0,0,0
1671457541814,18,285051,6,4.322,-3.606,0.000,1,4.883,2,4.088,3,5.506,4,5.998,255,0,0,0,0
1671457541846,32,285083,6,4.317,-3.680,0.000,1,4.883,2,4.088,3,5.506,4,5.998,255,0,0,0,0
1671457541935,89,285172,6,4.317,-3.680,0.000,1,4.883,2,4.088,3,5.506,4,5.998,255,0,0,0,0
1671457541935,0,285172,6,4.317,-3.680,0.000,1,4.883,2,4.088,3,5.506,4,5.998,255,0,0,0,0
1671457541967,32,285204,6,4.317,-3.680,0.000,1,4.883,2,4.088,3,5.506,4,5.998,255,0,0,0,0
1671457542016,49,285253,6,4.317,-3.680,0.000,1,4.886,2,4.091,3,5.506,4,5.998,255,0,0,0,0
1671457542060,44,285297,6,4.381,-3.686,0.000,1,4.891,2,4.094,3,5.506,4,5.998,255,0,0,0,0
1671457542081,21,285318,6,4.381,-3.686,0.000,1,4.891,2,4.094,3,5.506,4,5.998,255,0,0,0,0
1671457542122,41,285359,6,4.381,-3.686,0.000,1,4.891,2,4.094,3,5.506,4,5.998,255,0,0,0,0
1671457542123,1,285360,6,4.366,-3.625,0.000,1,4.891,2,4.094,3,5.506,4,5.998,255,0,0,0,0
1671457542151,28,285388,6,4.366,-3.625,0.000,1,4.891,2,4.094,3,5.506,4,5.998,255,0,0,0,0
1671457542180,29,285417,6,4.366,-3.625,0.000,1,4.891,2,4.094,3,5.506,4,5.998,255,0,0,0,0
1671457542230,50,285467,6,4.321,-3.495,0.000,1,4.891,2,4.094,3,5.506,4,5.998,255,0,0,0,0
1671457542257,27,285494,6,4.321,-3.495,0.000,1,4.891,2,4.094,3,5.506,4,5.998,255,0,0,0,0
1671457542287,30,285524,6,4.321,-3.495,0.000,1,4.894,2,4.091,3,5.503,4,6.003,255,0,0,0,0
1671457542287,0,285524,6,4.321,-3.495,0.000,1,4.894,2,4.091,3,5.503,4,6.003,255,0,0,0,0
1671457542318,31,285555,6,4.321,-3.495,0.000,1,4.894,2,4.091,3,5.503,4,6.003,255,0,0,0,0
1671457542350,32,285587,6,4.388,-3.662,0.000,1,4.894,2,4.091,3,5.503,4,6.003,255,0,0,0,0
1671457542407,57,285644,6,4.388,-3.662,0.000,1,4.894,2,4.091,3,5.503,4,6.003,255,0,0,0,0
1671457542449,42,285686,6,4.388,-3.662,0.000,1,4.883,2,4.094,3,5.503,4,5.998,255,0,0,0,0
1671457542470,21,285707,6,4.388,-3.662,0.000,1,4.883,2,4.094,3,5.503,4,5.998,255,0,0,0,0
1671457542470,0,285707,6,4.388,-3.662,0.000,1,4.883,2,4.094,3,5.503,4,5.998,255,0,0,0,0
1671457542532,62,285769,6,4.308,-3.682,0.000,1,4.883,2,4.094,3,5.503,4,5.998,255,0,0,0,0
1671457542577,45,285814,6,4.308,-3.682,0.000,1,4.894,2,4.091,3,5.506,4,6.003,255,0,0,0,0
1671457542639,62,285876,6,4.308,-3.682,0.000,1,4.894,2,4.091,3,5.506,4,6.003,255,0,0,0,0
1671457542685,46,285922,6,4.385,-3.678,0.000,1,4.858,2,4.094,3,5.503,4,6.003,255,0,0,0,0
1671457542745,60,285982,6,4.385,-3.678,0.000,1,4.858,2,4.094,3,5.503,4,6.003,255,0,0,0,0
1671457542745,0,285982,6,4.385,-3.678,0.000,1,4.858,2,4.094,3,5.503,4,6.003,255,0,0,0,0
1671457542808,63,286045,6,4.393,-3.684,0.000,1,4.883,2,4.094,3,5.503,4,6.003,255,0,0,0,0
1671457542838,30,286075,6,4.393,-3.684,0.000,1,4.883,2,4.094,3,5.506,4,5.998,255,0,0,0,0
1671457542899,61,286136,6,4.393,-3.684,0.000,1,4.883,2,4.094,3,5.506,4,5.998,255,0,0,0,0
1671457542955,56,286192,6,4.388,-3.678,0.000,1,4.883,2,4.094,3,5.506,4,5.998,255,0,0,0,0
1671457542995,40,286232,6,4.388,-3.678,0.000,1,4.875,2,4.102,3,5.506,4,5.998,255,0,0,0,0
1671457542995,0,286232,6,4.388,-3.678,0.000,1,4.875,2,4.102,3,5.506,4,5.998,255,0,0,0,0
1671457543022,27,286259,6,4.332,-3.679,0.000,1,4.875,2,4.102,3,5.506,4,5.998,255,0,0,0,0
1671457543063,41,286300,6,4.332,-3.679,0.000,1,4.886,2,4.105,3,5.503,4,6.003,255,0,0,0,0
1671457543109,46,286346,6,4.326,-3.523,0.000,1,4.886,2,4.105,3,5.503,4,6.003,255,0,0,0,0
1671457543127,18,286364,6,4.326,-3.523,0.000,1,4.886,2,4.105,3,5.503,4,6.003,255,0,0,0,0
1671457543158,31,286395,6,4.326,-3.523,0.000,1,4.886,2,4.105,3,5.478,4,6.003,255,0,0,0,0
1671457543158,0,286395,6,4.326,-3.523,0.000,1,4.886,2,4.105,3,5.478,4,6.003,255,0,0,0,0
1671457543234,76,286471,6,4.326,-3.523,0.000,1,4.886,2,4.105,3,5.478,4,5.998,255,0,0,0,0
1671457543265,31,286502,6,4.372,-3.621,0.000,1,4.886,2,4.105,3,5.478,4,5.998,255,0,0,0,0
1671457543308,43,286545,6,4.372,-3.621,0.000,1,4.886,2,4.105,3,5.506,4,5.998,255,0,0,0,0
1671457543369,61,286606,6,4.372,-3.621,0.000,1,4.886,2,4.105,3,5.506,4,5.998,255,0,0,0,0
1671457543391,22,286628,6,4.372,-3.621,0.000,1,4.886,2,4.105,3,5.506,4,5.998,255,0,0,0,0
1671457543392,1,286629,6,4.359,-3.580,0.000,1,4.886,2,4.105,3,5.506,4,5.998,255,0,0,0,0
1671457543401,9,286638,6,4.359,-3.580,0.000,1,4.891,2,4.099,3,5.503,4,5.998,255,0,0,0,0
1671457543435,34,286672,6,4.359,-3.580,0.000,1,4.891,2,4.099,3,5.503,4,5.998,255,0,0,0,0
1671457543493,58,286730,6,4.326,-3.492,0.000,1,4.891,2,4.099,3,5.503,4,5.998,255,0,0,0,0
1671457543507,14,286744,6,4.326,-3.492,0.000,1,4.891,2,4.099,3,5.503,4,5.998,255,0,0,0,0
1671457543545,38,286782,6,4.326,-3.492,0.000,1,4.891,2,4.099,3,5.503,4,5.998,255,0,0,0,0
1671457543545,0,286782,6,4.326,-3.492,0.000,1,4.891,2,4.099,3,5.503,4,5.998,255,0,0,0,0
1671457543598,53,286835,6,4.326,-3.492,0.000,1,4.891,2,4.099,3,5.503,4,5.998,255,0,0,0,0
1671457543629,31,286866,6,4.308,-3.450,0.000,1,4.894,2,4.099,3,5.503,4,6.003,255,0,0,0,0
1671457543717,88,286954,6,4.308,-3.450,0.000,1,4.894,2,4.099,3,5.503,4,6.003,255,0,0,0,0
1671457543732,15,286969,6,4.308,-3.450,0.000,1,4.891,2,4.099,3,5.503,4,6.003,255,0,0,0,0
1671457543808,76,287045,6,4.308,-3.450,0.000,1,4.891,2,4.099,3,5.503,4,6.003,255,0,0,0,0
1671457543809,1,287046,6,4.321,-3.487,0.000,1,4.891,2,4.099,3,5.503,4,6.003,255,0,0,0,0
1671457543830,21,287067,6,4.321,-3.487,0.000,1,4.886,2,4.099,3,5.506,4,6.003,255,0,0,0,0
1671457543878,48,287115,6,4.311,-3.468,0.000,1,4.886,2,4.099,3,5.506,4,6.003,255,0,0,0,0
1671457543940,62,287177,6,4.311,-3.468,0.000,1,4.886,2,4.099,3,5.506,4,6.003,255,0,0,0,0
1671457543983,43,287220,6,4.311,-3.468,0.000,1,4.891,2,4.099,3,5.503,4,6.003,255,0,0,0,0
1671457544004,21,287241,6,4.311,-3.468,0.000,1,4.891,2,4.099,3,5.503,4,6.003,255,0,0,0,0
1671457544006,2,287243,6,4.332,-3.520,0.000,1,4.891,2,4.099,3,5.503,4,6.003,255,0,0,0,0
1671457544036,30,287273,6,4.332,-3.520,0.000,1,4.886,2,4.099,3,5.503,4,6.003,255,0,0,0,0
1671457544111,75,287348,6,4.332,-3.520,0.000,1,4.886,2,4.099,3,5.503,4,6.003,255,0,0,0,0
1671457544142,31,287379,6,4.322,-3.534,0.000,1,4.886,2,4.099,3,5.503,4,6.003,255,0,0,0,0
1671457544217,75,287454,6,4.322,-3.534,0.000,1,4.886,2,4.105,3,5.506,4,5.998,255,0,0,0,0
1671457544247,30,287484,6,4.322,-3.534,0.000,1,4.886,2,4.105,3,5.506,4,5.998,255,0,0,0,0
1671457544247,0,287484,6,4.322,-3.534,0.000,1,4.886,2,4.105,3,5.506,4,5.998,255,0,0,0,0
1671457544277,30,287514,6,4.321,-3.657,0.000,1,4.886,2,4.105,3,5.506,4,5.998,255,0,0,0,0
1671457544337,60,287574,6,4.321,-3.657,0.000,1,4.886,2,4.102,3,5.506,4,5.998,255,0,0,0,0
1671457544369,32,287606,6,4.388,-3.669,0.000,1,4.886,2,4.102,3,5.506,4,5.998,255,0,0,0,0
1671457544444,75,287681,6,4.388,-3.669,0.000,1,4.886,2,4.102,3,5.506,4,5.998,255,0,0,0,0
1671457544474,30,287711,6,4.388,-3.669,0.000,1,4.894,2,4.105,3,5.506,4,6.003,255,0,0,0,0
1671457544474,0,287711,6,4.388,-3.669,0.000,1,4.894,2,4.105,3,5.506,4,6.003,255,0,0,0,0
1671457544505,31,287742,6,4.396,-3.672,0.000,1,4.894,2,4.105,3,5.506,4,6.003,255,0,0,0,0
1671457544564,59,287801,6,4.396,-3.672,0.000,1,4.894,2,4.105,3,5.506,4,6.003,255,0,0,0,0
1671457544609,45,287846,6,4.396,-3.672,0.000,1,4.894,2,4.105,3,5.506,4,6.003,255,0,0,0,0
1671457544641,32,287878,6,4.397,-3.682,0.000,1,4.894,2,4.105,3,5.506,4,6.003,255,0,0,0,0
1671457544686,45,287923,6,4.397,-3.682,0.000,1,4.894,2,4.105,3,5.506,4,6.003,255,0,0,0,0
1671457544686,0,287923,6,4.397,-3.682,0.000,1,4.894,2,4.105,3,5.506,4,6.003,255,0,0,0,0
1671457544751,65,287988,6,4.397,-3.682,0.000,1,4.886,2,4.116,3,5.506,4,6.003,255,0,0,0,0
1671457544779,28,288016,6,4.328,-3.492,0.000,1,4.886,2,4.116,3,5.506,4,6.003,255,0,0,0,0
1671457544885,106,288122,6,4.328,-3.492,0.000,1,4.891,2,4.116,3,5.506,4,5.998,255,0,0,0,0
1671457544908,23,288145,6,4.328,-3.492,0.000,1,4.891,2,4.116,3,5.506,4,5.998,255,0,0,0,0
1671457544968,60,288205,6,4.328,-3.492,0.000,1,4.891,2,4.116,3,5.506,4,5.998,255,0,0,0,0
1671457544969,1,288206,6,4.336,-3.511,0.000,1,4.891,2,4.116,3,5.506,4,5.998,255,0,0,0,0
1671457545020,51,288257,6,4.336,-3.511,0.000,1,4.891,2,4.116,3,5.506,4,5.998,255,0,0,0,0
1671457545095,75,288332,6,4.336,-3.511,0.000,1,4.883,2,4.094,3,5.506,4,5.998,255,0,0,0,0
1671457545126,31,288363,6,4.349,-3.544,0.000,1,4.883,2,4.094,3,5.506,4,5.998,255,0,0,0,0
1671457545156,30,288393,6,4.334,-3.496,0.000,1,4.883,2,4.110,3,5.506,4,5.998,255,0,0,0,0
1671457545232,76,288469,6,4.334,-3.496,0.000,1,4.883,2,4.110,3,5.500,4,5.998,255,0,0,0,0
1671457545232,0,288469,6,4.334,-3.496,0.000,1,4.883,2,4.110,3,5.500,4,5.998,255,0,0,0,0
1671457545263,31,288500,6,4.390,-3.682,0.000,1,4.883,2,4.110,3,5.500,4,5.998,255,0,0,0,0
1671457545338,75,288575,6,4.390,-3.682,0.000,1,4.891,2,4.102,3,5.506,4,6.003,255,0,0,0,0
1671457545358,20,288595,6,4.390,-3.682,0.000,1,4.891,2,4.102,3,5.506,4,6.003,255,0,0,0,0
1671457545409,51,288646,6,4.394,-3.500,0.000,1,4.891,2,4.102,3,5.506,4,6.003,255,0,0,0,0
1671457545445,36,288682,6,4.394,-3.500,0.000,1,4.891,2,4.105,3,5.506,4,6.003,255,0,0,0,0
1671457545445,0,288682,6,4.394,-3.500,0.000,1,4.891,2,4.105,3,5.506,4,6.003,255,0,0,0,0
1671457545469,24,288706,6,4.325,-3.483,0.000,1,4.891,2,4.105,3,5.506,4,6.003,255,0,0,0,0
1671457545512,43,288749,6,4.325,-3.483,0.000,1,4.891,2,4.105,3,5.506,4,6.003,255,0,0,0,0
1671457545535,23,288772,6,4.325,-3.483,0.000,1,4.880,2,4.110,3,5.506,4,6.003,255,0,0,0,0
1671457545565,30,288802,6,4.325,-3.483,0.000,1,4.880,2,4.110,3,5.506,4,5.998,255,0,0,0,0
1671457545596,31,288833,6,4.325,-3.483,0.000,1,4.880,2,4.110,3,5.506,4,5.998,255,0,0,0,0
1671457545597,1,288834,6,4.368,-3.601,0.000,1,4.880,2,4.110,3,5.506,4,5.998,255,0,0,0,0
1671457545641,44,288878,6,4.368,-3.601,0.000,1,4.880,2,4.110,3,5.506,4,5.998,255,0,0,0,0
1671457545703,62,288940,6,4.368,-3.601,0.000,1,4.880,2,4.110,3,5.506,4,5.998,255,0,0,0,0
1671457545733,30,288970,6,4.368,-3.601,0.000,1,4.880,2,4.110,3,5.506,4,5.998,255,0,0,0,0
1671457545764,31,289001,6,4.395,-3.662,0.000,1,4.880,2,4.110,3,5.506,4,5.998,255,0,0,0,0
1671457545793,29,289030,6,4.395,-3.662,0.000,1,4.886,2,4.113,3,5.506,4,5.998,255,0,0,0,0
1671457545793,0,289030,6,4.395,-3.662,0.000,1,4.886,2,4.113,3,5.506,4,5.998,255,0,0,0,0
1671457545810,17,289047,6,4.395,-3.664,0.000,1,4.886,2,4.113,3,5.506,4,5.998,255,0,0,0,0
1671457545915,105,289152,6,4.395,-3.664,0.000,1,4.886,2,4.113,3,5.506,4,5.998,255,0,0,0,0
1671457545953,38,289190,6,4.395,-3.664,0.000,1,4.886,2,4.113,3,5.506,4,5.998,255,0,0,0,0
1671457545974,21,289211,6,4.395,-3.664,0.000,1,4.891,2,4.113,3,5.506,4,5.998,255,0,0,0,0
1671457546019,45,289256,6,4.395,-3.664,0.000,1,4.891,2,4.113,3,5.506,4,5.998,255,0,0,0,0
1671457546019,0,289256,6,4.395,-3.664,0.000,1,4.891,2,4.113,3,5.506,4,5.998,255,0,0,0,0
1671457546095,76,289332,6,4.330,-3.641,0.000,1,4.891,2,4.085,3,5.503,4,5.998,255,0,0,0,0
1671457546124,29,289361,6,4.330,-3.641,0.000,1,4.891,2,4.085,3,5.503,4,5.998,255,0,0,0,0
1671457546187,63,289424,6,4.325,-3.508,0.000,1,4.883,2,4.105,3,5.503,4,5.998,255,0,0,0,0
1671457546217,30,289454,6,4.325,-3.508,0.000,1,4.883,2,4.105,3,5.503,4,5.998,255,0,0,0,0
1671457546236,19,289473,6,4.325,-3.508,0.000,1,4.883,2,4.105,3,5.503,4,5.998,255,0,0,0,0
1671457546237,1,289474,6,4.342,-3.606,0.000,1,4.883,2,4.105,3,5.503,4,5.998,255,0,0,0,0
1671457546280,43,289517,6,4.342,-3.606,0.000,1,4.883,2,4.105,3,5.503,4,5.998,255,0,0,0,0
1671457546321,41,289558,6,4.342,-3.606,0.000,1,4.886,2,4.105,3,5.506,4,5.998,255,0,0,0,0
1671457546346,25,289583,6,4.391,-3.663,0.000,1,4.886,2,4.105,3,5.506,4,5.998,255,0,0,0,0
1671457546391,45,289628,6,4.391,-3.663,0.000,1,4.886,2,4.105,3,5.506,4,5.998,255,0,0,0,0
1671457546413,22,289650,6,4.391,-3.663,0.000,1,4.886,2,4.105,3,5.506,4,5.998,255,0,0,0,0
1671457546413,0,289650,6,4.391,-3.663,0.000,1,4.886,2,4.105,3,5.506,4,5.998,255,0,0,0,0
1671457546443,30,289680,6,4.391,-3.663,0.000,1,4.886,2,4.105,3,5.506,4,5.998,255,0,0,0,0
1671457546499,56,289736,6,4.331,-3.670,0.000,1,4.886,2,4.105,3,5.506,4,5.998,255,0,0,0,0
1671457546519,20,289756,6,4.331,-3.670,0.000,1,4.886,2,4.105,3,5.506,4,5.998,255,0,0,0,0
1671457546564,45,289801,6,4.331,-3.670,0.000,1,4.883,2,4.110,3,5.506,4,5.998,255,0,0,0,0
1671457546609,45,289846,6,4.331,-3.670,0.000,1,4.883,2,4.110,3,5.506,4,5.998,255,0,0,0,0
1671457546609,0,289846,6,4.331,-3.670,0.000,1,4.883,2,4.110,3,5.506,4,5.998,255,0,0,0,0
1671457546640,31,289877,6,4.331,-3.670,0.000,1,4.883,2,4.110,3,5.506,4,5.998,255,0,0,0,0
1671457546685,45,289922,6,4.331,-3.670,0.000,1,4.883,2,4.105,3,5.495,4,5.998,255,0,0,0,0
1671457546716,31,289953,6,4.331,-3.670,0.000,1,4.883,2,4.105,3,5.495,4,5.998,255,0,0,0,0
1671457546747,31,289984,6,4.340,-3.662,0.000,1,4.883,2,4.105,3,5.495,4,5.998,255,0,0,0,0
1671457546827,80,290064,6,4.340,-3.662,0.000,1,4.883,2,4.105,3,5.495,4,5.998,255,0,0,0,0
1671457546827,0,290064,6,4.340,-3.662,0.000,1,4.883,2,4.105,3,5.495,4,5.998,255,0,0,0,0
1671457546882,55,290119,6,4.340,-3.662,0.000,1,4.883,2,4.105,3,5.495,4,5.998,255,0,0,0,0
1671457546913,31,290150,6,4.382,-3.652,0.000,1,4.883,2,4.105,3,5.495,4,5.998,255,0,0,0,0
1671457546957,44,290194,6,4.382,-3.652,0.000,1,4.883,2,4.105,3,5.495,4,5.998,255,0,0,0,0
1671457546987,30,290224,6,4.382,-3.652,0.000,1,4.883,2,4.105,3,5.495,4,5.998,255,0,0,0,0
1671457547043,56,290280,6,4.382,-3.652,0.000,1,4.886,2,4.110,3,5.481,4,5.998,255,0,0,0,0
1671457547044,1,290281,6,4.359,-3.643,0.000,1,4.886,2,4.110,3,5.481,4,5.998,255,0,0,0,0
1671457547062,18,290299,6,4.359,-3.643,0.000,1,4.886,2,4.110,3,5.481,4,5.998,255,0,0,0,0
1671457547108,46,290345,6,4.329,-3.629,0.000,1,4.878,2,4.113,3,5.498,4,5.998,255,0,0,0,0
1671457547155,47,290392,6,4.329,-3.629,0.000,1,4.878,2,4.113,3,5.498,4,5.998,255,0,0,0,0
1671457547185,30,290422,6,4.329,-3.629,0.000,1,4.883,2,4.105,3,5.495,4,5.998,255,0,0,0,0
1671457547216,31,290453,6,4.329,-3.629,0.000,1,4.883,2,4.105,3,5.495,4,5.998,255,0,0,0,0
1671457547216,0,290453,6,4.329,-3.629,0.000,1,4.883,2,4.105,3,5.495,4,5.998,255,0,0,0,0
1671457547262,46,290499,6,4.384,-3.644,0.000,1,4.883,2,4.105,3,5.495,4,5.998,255,0,0,0,0
1671457547291,29,290528,6,4.384,-3.644,0.000,1,4.878,2,4.105,3,5.503,4,5.998,255,0,0,0,0
1671457547322,31,290559,6,4.384,-3.644,0.000,1,4.878,2,4.105,3,5.503,4,5.998,255,0,0,0,0
1671457547371,49,290608,6,4.389,-3.653,0.000,1,4.878,2,4.105,3,5.503,4,5.998,255,0,0,0,0
1671457547397,26,290634,6,4.389,-3.653,0.000,1,4.878,2,4.105,3,5.503,4,5.998,255,0,0,0,0
1671457547397,0,290634,6,4.389,-3.653,0.000,1,4.878,2,4.105,3,5.503,4,5.998,255,0,0,0,0
1671457547438,41,290675,6,4.389,-3.653,0.000,1,4.883,2,4.105,3,5.503,4,5.998,255,0,0,0,0
1671457547504,66,290741,6,4.389,-3.653,0.000,1,4.883,2,4.105,3,5.503,4,5.998,255,0,0,0,0
1671457547535,31,290772,6,4.344,-3.539,0.000,1,4.883,2,4.099,3,5.503,4,5.998,255,0,0,0,0
1671457547610,75,290847,6,4.344,-3.539,0.000,1,4.883,2,4.099,3,5.495,4,5.998,255,0,0,0,0
1671457547640,30,290877,6,4.344,-3.539,0.000,1,4.883,2,4.099,3,5.495,4,5.998,255,0,0,0,0
1671457547640,0,290877,6,4.344,-3.539,0.000,1,4.883,2,4.099,3,5.495,4,5.998,255,0,0,0,0
1671457547672,32,290909,6,4.327,-3.495,0.000,1,4.883,2,4.091,3,5.509,4,5.998,255,0,0,0,0
1671457547732,60,290969,6,4.327,-3.495,0.000,1,4.883,2,4.091,3,5.509,4,5.998,255,0,0,0,0
1671457547762,30,290999,6,4.390,-3.635,0.000,1,4.883,2,4.091,3,5.509,4,5.998,255,0,0,0,0
1671457547776,14,291013,6,4.390,-3.635,0.000,1,4.886,2,4.094,3,5.506,4,5.998,255,0,0,0,0
1671457547822,46,291059,6,4.390,-3.635,0.000,1,4.886,2,4.094,3,5.506,4,5.998,255,0,0,0,0
1671457547822,0,291059,6,4.390,-3.635,0.000,1,4.886,2,4.094,3,5.506,4,5.998,255,0,0,0,0
1671457547884,62,291121,6,4.327,-3.687,0.000,1,4.886,2,4.094,3,5.506,4,5.998,255,0,0,0,0
1671457547918,34,291155,6,4.327,-3.687,0.000,1,4.886,2,4.094,3,5.506,4,5.998,255,0,0,0,0
1671457547973,55,291210,6,4.327,-3.687,0.000,1,4.886,2,4.094,3,5.506,4,5.998,255,0,0,0,0
1671457548004,31,291241,6,4.327,-3.687,0.000,1,4.883,2,4.099,3,5.498,4,5.998,255,0,0,0,0
1671457548034,30,291271,6,4.327,-3.687,0.000,1,4.883,2,4.099,3,5.498,4,5.998,255,0,0,0,0
1671457548035,1,291272,6,4.323,-3.675,0.000,1,4.883,2,4.099,3,5.498,4,5.998,255,0,0,0,0
1671457548092,57,291329,6,4.323,-3.675,0.000,1,4.883,2,4.099,3,5.498,4,5.998,255,0,0,0,0
1671457548111,19,291348,6,4.310,-3.664,0.000,1,4.886,2,4.105,3,5.506,4,5.998,255,0,0,0,0
1671457548187,76,291424,6,4.310,-3.664,0.000,1,4.886,2,4.105,3,5.506,4,5.998,255,0,0,0,0
1671457548218,31,291455,6,4.310,-3.664,0.000,1,4.886,2,4.102,3,5.509,4,5.998,255,0,0,0,0
1671457548279,61,291516,6,4.310,-3.664,0.000,1,4.886,2,4.102,3,5.509,4,5.998,255,0,0,0,0
1671457548280,1,291517,6,4.334,-3.614,0.000,1,4.886,2,4.102,3,5.509,4,5.998,255,0,0,0,0
1671457548312,32,291549,6,4.334,-3.614,0.000,1,4.883,2,4.110,3,5.509,4,5.998,255,0,0,0,0
1671457548355,43,291592,6,4.334,-3.614,0.000,1,4.883,2,4.110,3,5.509,4,5.998,255,0,0,0,0
1671457548387,32,291624,6,4.309,-3.461,0.000,1,4.883,2,4.110,3,5.509,4,5.998,255,0,0,0,0
1671457548417,30,291654,6,4.309,-3.461,0.000,1,4.886,2,4.110,3,5.509,4,5.998,255,0,0,0,0
1671457548477,60,291714,6,4.309,-3.461,0.000,1,4.886,2,4.110,3,5.509,4,5.998,255,0,0,0,0
1671457548477,0,291714,6,4.309,-3.461,0.000,1,4.886,2,4.110,3,5.509,4,5.998,255,0,0,0,0
1671457548508,31,291745,6,4.399,-3.671,0.000,1,4.886,2,4.110,3,5.509,4,5.998,255,0,0,0,0
1671457548531,23,291768,6,4.399,-3.671,0.000,1,4.886,2,4.105,3,5.509,4,5.998,255,0,0,0,0
1671457548597,66,291834,6,4.399,-3.671,0.000,1,4.886,2,4.105,3,5.509,4,6.003,255,0,0,0,0
1671457548627,30,291864,6,4.325,-3.485,0.000,1,4.886,2,4.105,3,5.509,4,6.003,255,0,0,0,0
1671457548688,61,291925,6,4.325,-3.485,0.000,1,4.886,2,4.110,3,5.509,4,6.003,255,0,0,0,0
1671457548688,0,291925,6,4.325,-3.485,0.000,1,4.886,2,4.110,3,5.509,4,6.003,255,0,0,0,0
1671457548719,31,291956,6,4.325,-3.485,0.000,1,4.886,2,4.110,3,5.509,4,5.998,255,0,0,0,0
1671457548749,30,291986,6,4.397,-3.655,0.000,1,4.886,2,4.110,3,5.509,4,5.998,255,0,0,0,0
1671457548811,62,292048,6,4.397,-3.655,0.000,1,4.886,2,4.110,3,5.509,4,5.998,255,0,0,0,0
1671457548842,31,292079,6,4.397,-3.655,0.000,1,4.891,2,4.108,3,5.509,4,6.006,255,0,0,0,0
1671457548903,61,292140,6,4.397,-3.655,0.000,1,4.891,2,4.108,3,5.509,4,6.006,255,0,0,0,0
1671457548904,1,292141,6,4.358,-3.662,0.000,1,4.891,2,4.108,3,5.509,4,6.006,255,0,0,0,0
1671457548949,45,292186,6,4.358,-3.662,0.000,1,4.891,2,4.108,3,5.509,4,6.006,255,0,0,0,0
1671457548979,30,292216,6,4.358,-3.662,0.000,1,4.891,2,4.108,3,5.509,4,6.006,255,0,0,0,0
1671457549016,37,292253,6,4.312,-3.673,0.000,1,4.891,2,4.108,3,5.509,4,6.006,255,0,0,0,0
1671457549041,25,292278,6,4.312,-3.673,0.000,1,4.891,2,4.108,3,5.509,4,6.006,255,0,0,0,0
1671457549088,47,292325,6,4.312,-3.673,0.000,1,4.869,2,4.116,3,5.509,4,5.998,255,0,0,0,0
1671457549088,0,292325,6,4.312,-3.673,0.000,1,4.869,2,4.116,3,5.509,4,5.998,255,0,0,0,0
1671457549122,34,292359,6,4.382,-3.647,0.000,1,4.869,2,4.116,3,5.509,4,5.998,255,0,0,0,0
1671457549150,28,292387,6,4.382,-3.647,0.000,1,4.869,2,4.116,3,5.509,4,5.998,255,0,0,0,0
1671457549211,61,292448,6,4.382,-3.647,0.000,1,4.883,2,4.113,3,5.503,4,5.998,255,0,0,0,0
1671457549240,29,292477,6,4.402,-3.660,0.000,1,4.883,2,4.113,3,5.503,4,5.998,255,0,0,0,0
1671457549270,30,292507,6,4.402,-3.660,0.000,1,4.883,2,4.113,3,5.503,4,5.998,255,0,0,0,0
1671457549270,0,292507,6,4.402,-3.660,0.000,1,4.883,2,4.113,3,5.503,4,5.998,255,0,0,0,0
1671457549316,46,292553,6,4.402,-3.660,0.000,1,4.883,2,4.074,3,5.509,4,5.998,255,0,0,0,0
1671457549393,77,292630,6,4.336,-3.657,0.000,1,4.883,2,4.074,3,5.509,4,5.998,255,0,0,0,0
1671457549438,45,292675,6,4.336,-3.657,0.000,1,4.883,2,4.119,3,5.498,4,5.998,255,0,0,0,0
1671457549500,62,292737,6,4.336,-3.657,0.000,1,4.883,2,4.119,3,5.498,4,5.998,255,0,0,0,0
1671457549531,31,292768,6,4.336,-3.657,0.000,1,4.883,2,4.119,3,5.498,4,5.998,255,0,0,0,0
1671457549531,0,292768,6,4.336,-3.657,0.000,1,4.883,2,4.119,3,5.498,4,5.998,255,0,0,0,0
1671457549625,94,292862,6,4.311,-3.704,0.000,1,4.883,2,4.124,3,5.500,4,5.998,255,0,0,0,0
1671457549684,59,292921,6,4.311,-3.704,0.000,1,4.883,2,4.124,3,5.500,4,5.998,255,0,0,0,0
1671457549715,31,292952,6,4.377,-3.650,0.000,1,4.886,2,4.127,3,5.503,4,6.003,255,0,0,0,0
1671457549745,30,292982,6,4.377,-3.650,0.000,1,4.886,2,4.127,3,5.503,4,6.003,255,0,0,0,0
1671457549745,0,292982,6,4.377,-3.650,0.000,1,4.886,2,4.127,3,5.503,4,6.003,255,0,0,0,0
1671457549823,78,293060,6,4.341,-3.647,0.000,1,4.886,2,4.127,3,5.503,4,6.003,255,0,0,0,0
1671457549869,46,293106,6,4.341,-3.647,0.000,1,4.891,2,4.124,3,5.511,4,5.998,255,0,0,0,0
1671457549900,31,293137,6,4.327,-3.492,0.000,1,4.891,2,4.124,3,5.511,4,5.998,255,0,0,0,0
1671457549977,77,293214,6,4.327,-3.492,0.000,1,4.872,2,4.127,3,5.498,4,5.998,255,0,0,0,0
1671457550006,29,293243,6,4.327,-3.492,0.000,1,4.872,2,4.127,3,5.498,4,5.998,255,0,0,0,0
1671457550006,0,293243,6,4.327,-3.492,0.000,1,4.872,2,4.127,3,5.498,4,5.998,255,0,0,0,0
1671457550037,31,293274,6,4.367,-3.582,0.000,1,4.872,2,4.127,3,5.498,4,5.998,255,0,0,0,0
1671457550082,45,293319,6,4.367,-3.582,0.000,1,4.883,2,4.121,3,5.500,4,5.998,255,0,0,0,0
1671457550127,45,293364,6,4.396,-3.645,0.000,1,4.883,2,4.121,3,5.500,4,5.998,255,0,0,0,0
1671457550188,61,293425,6,4.396,-3.645,0.000,1,4.883,2,4.121,3,5.500,4,5.998,255,0,0,0,0
1671457550242,54,293479,6,4.396,-3.645,0.000,1,4.883,2,4.121,3,5.506,4,5.998,255,0,0,0,0
1671457550242,0,293479,6,4.396,-3.645,0.000,1,4.883,2,4.121,3,5.506,4,5.998,255,0,0,0,0
1671457550265,23,293502,6,4.331,-3.487,0.000,1,4.883,2,4.121,3,5.506,4,5.998,255,0,0,0,0
1671457550326,61,293563,6,4.331,-3.487,0.000,1,4.883,2,4.121,3,5.506,4,5.998,255,0,0,0,0
1671457550355,29,293592,6,4.331,-3.487,0.000,1,4.880,2,4.113,3,5.506,4,5.998,255,0,0,0,0
1671457550387,32,293624,6,4.366,-3.578,0.000,1,4.880,2,4.113,3,5.506,4,5.998,255,0,0,0,0
1671457550447,60,293684,6,4.366,-3.578,0.000,1,4.891,2,4.116,3,5.506,4,5.998,255,0,0,0,0
1671457550447,0,293684,6,4.366,-3.578,0.000,1,4.891,2,4.116,3,5.506,4,5.998,255,0,0,0,0
1671457550477,30,293714,6,4.366,-3.578,0.000,1,4.891,2,4.116,3,5.506,4,5.998,255,0,0,0,0
1671457550499,22,293736,6,4.354,-3.552,0.000,1,4.891,2,4.116,3,5.506,4,5.998,255,0,0,0,0
1671457550539,40,293776,6,4.354,-3.552,0.000,1,4.878,2,4.091,3,5.506,4,5.998,255,0,0,0,0
1671457550570,31,293807,6,4.354,-3.552,0.000,1,4.878,2,4.091,3,5.486,4,6.000,255,0,0,0,0
1671457550600,30,293837,6,4.354,-3.552,0.000,1,4.878,2,4.091,3,5.486,4,6.000,255,0,0,0,0
1671457550601,1,293838,6,4.378,-3.619,0.000,1,4.878,2,4.091,3,5.486,4,6.000,255,0,0,0,0
1671457550653,52,293890,6,4.378,-3.619,0.000,1,4.878,2,4.091,3,5.486,4,6.000,255,0,0,0,0
1671457550690,37,293927,6,4.378,-3.619,0.000,1,4.880,2,4.108,3,5.506,4,5.998,255,0,0,0,0
1671457550719,29,293956,6,4.378,-3.619,0.000,1,4.880,2,4.108,3,5.506,4,5.998,255,0,0,0,0
1671457550762,43,293999,6,4.381,-3.652,0.000,1,4.880,2,4.108,3,5.506,4,5.998,255,0,0,0,0
1671457550781,19,294018,6,4.381,-3.652,0.000,1,4.880,2,4.108,3,5.506,4,5.998,255,0,0,0,0
1671457550781,0,294018,6,4.381,-3.652,0.000,1,4.880,2,4.108,3,5.506,4,5.998,255,0,0,0,0
1671457550826,45,294063,6,4.381,-3.652,0.000,1,4.880,2,4.108,3,5.506,4,5.998,255,0,0,0,0
1671457550873,47,294110,6,4.394,-3.664,0.000,1,4.880,2,4.108,3,5.506,4,5.998,255,0,0,0,0
1671457550948,75,294185,6,4.394,-3.664,0.000,1,4.880,2,4.108,3,5.506,4,5.998,255,0,0,0,0
1671457551009,61,294246,6,4.394,-3.664,0.000,1,4.883,2,4.094,3,5.506,4,5.998,255,0,0,0,0
1671457551040,31,294277,6,4.394,-3.664,0.000,1,4.883,2,4.094,3,5.506,4,5.998,255,0,0,0,0
1671457551040,0,294277,6,4.394,-3.664,0.000,1,4.883,2,4.094,3,5.506,4,5.998,255,0,0,0,0
1671457551071,31,294308,6,4.355,-3.596,0.000,1,4.883,2,4.094,3,5.506,4,5.998,255,0,0,0,0
1671457551101,30,294338,6,4.355,-3.596,0.000,1,4.883,2,4.094,3,5.506,4,5.998,255,0,0,0,0
1671457551159,58,294396,6,4.311,-3.468,0.000,1,4.883,2,4.094,3,5.506,4,5.998,255,0,0,0,0
1671457551200,41,294437,6,4.311,-3.468,0.000,1,4.883,2,4.080,3,5.506,4,5.998,255,0,0,0,0
1671457551253,53,294490,6,4.311,-3.468,0.000,1,4.883,2,4.080,3,5.506,4,5.998,255,0,0,0,0
1671457551253,0,294490,6,4.311,-3.468,0.000,1,4.883,2,4.080,3,5.506,4,5.998,255,0,0,0,0
1671457551283,30,294520,6,4.379,-3.637,0.000,1,4.883,2,4.080,3,5.506,4,5.998,255,0,0,0,0
1671457551329,46,294566,6,4.379,-3.637,0.000,1,4.883,2,4.080,3,5.506,4,5.998,255,0,0,0,0
1671457551391,62,294628,3,0.003,0.000,2.220,255,0,0,0,0
1671457551391,0,294628,4,9.390,0.000,2.220,255,0,0,0,0
1671457551391,0,294628,6,4.379,-3.637,0.000,1,4.883,2,4.080,3,5.506,4,5.998,255,0,0,0,0
1671457551391,0,294628,1,9.390,-3.685,2.220,255,0,0,0,0
1671457551391,0,294628,2,0.003,-3.685,2.220,255,0,0,0,0
1671457551454,63,294691,6,4.396,-3.698,0.000,1,4.883,2,4.091,3,5.506,4,5.998,255,0,0,0,0
1671457551497,43,294734,6,4.396,-3.698,0.000,1,4.883,2,4.091,3,5.506,4,5.998,255,0,0,0,0
1671457551497,0,294734,6,4.396,-3.698,0.000,1,4.883,2,4.091,3,5.506,4,5.998,255,0,0,0,0
1671457551574,77,294811,6,4.396,-3.698,0.000,1,4.883,2,4.091,3,5.506,4,5.998,255,0,0,0,0
1671457551596,22,294833,6,4.365,-3.690,0.000,1,4.883,2,4.094,3,5.503,4,5.998,255,0,0,0,0
1671457551637,41,294874,6,4.365,-3.690,0.000,1,4.883,2,4.094,3,5.503,4,5.998,255,0,0,0,0
1671457551667,30,294904,6,4.321,-3.684,0.000,1,4.886,2,4.102,3,5.503,4,5.998,255,0,0,0,0
1671457551697,30,294934,6,4.321,-3.684,0.000,1,4.886,2,4.102,3,5.503,4,5.998,255,0,0,0,0
1671457551697,0,294934,6,4.321,-3.684,0.000,1,4.886,2,4.102,3,5.503,4,5.998,255,0,0,0,0
1671457551752,55,294989,6,4.319,-3.678,0.000,1,4.886,2,4.102,3,5.503,4,5.998,255,0,0,0,0
1671457551788,36,295025,6,4.319,-3.678,0.000,1,4.886,2,4.102,3,5.503,4,5.998,255,0,0,0,0
1671457551817,29,295054,6,4.319,-3.678,0.000,1,4.883,2,4.099,3,5.503,4,5.998,255,0,0,0,0
1671457551953,136,295190,6,4.319,-3.678,0.000,1,4.883,2,4.099,3,5.503,4,5.998,255,0,0,0,0
1671457552013,60,295250,6,4.319,-3.678,0.000,1,4.878,2,4.099,3,5.503,4,5.998,255,0,0,0,0
1671457552014,1,295251,6,4.336,-3.646,0.000,1,4.878,2,4.099,3,5.503,4,5.998,255,0,0,0,0
1671457552045,31,295282,6,4.336,-3.646,0.000,1,4.880,2,4.102,3,5.500,4,5.998,255,0,0,0,0
1671457552107,62,295344,6,4.336,-3.646,0.000,1,4.880,2,4.102,3,5.500,4,5.998,255,0,0,0,0
1671457552138,31,295375,6,4.327,-3.553,0.000,1,4.880,2,4.102,3,5.500,4,5.998,255,0,0,0,0
1671457552153,15,295390,6,4.324,-3.500,0.000,1,4.883,2,4.110,3,5.503,4,5.998,255,0,0,0,0
1671457552190,37,295427,6,4.324,-3.500,0.000,1,4.883,2,4.110,3,5.503,4,5.998,255,0,0,0,0
1671457552190,0,295427,6,4.324,-3.500,0.000,1,4.883,2,4.110,3,5.503,4,5.998,255,0,0,0,0
1671457552245,55,295482,6,4.325,-3.490,0.000,1,4.883,2,4.110,3,5.503,4,5.998,255,0,0,0,0
1671457552259,14,295496,6,4.325,-3.490,0.000,1,4.883,2,4.110,3,5.503,4,5.998,255,0,0,0,0
1671457552322,63,295559,6,4.325,-3.490,0.000,1,4.883,2,4.110,3,5.503,4,5.998,255,0,0,0,0
1671457552351,29,295588,6,4.325,-3.490,0.000,1,4.880,2,4.102,3,5.481,4,5.998,255,0,0,0,0
1671457552366,15,295603,6,4.325,-3.490,0.000,1,4.880,2,4.102,3,5.481,4,5.998,255,0,0,0,0
1671457552367,1,295604,6,4.367,-3.596,0.000,1,4.880,2,4.102,3,5.481,4,5.998,255,0,0,0,0
1671457552409,42,295646,6,4.367,-3.596,0.000,1,4.880,2,4.102,3,5.481,4,5.998,255,0,0,0,0
1671457552469,60,295706,6,4.367,-3.596,0.000,1,4.880,2,4.102,3,5.481,4,5.998,255,0,0,0,0
1671457552490,21,295727,6,4.364,-3.630,0.000,1,4.883,2,4.099,3,5.506,4,5.998,255,0,0,0,0
1671457552564,74,295801,6,4.364,-3.630,0.000,1,4.883,2,4.099,3,5.506,4,5.998,255,0,0,0,0
1671457552610,46,295847,6,4.364,-3.630,0.000,1,4.894,2,4.099,3,5.503,4,5.998,255,0,0,0,0
1671457552610,0,295847,6,4.364,-3.630,0.000,1,4.894,2,4.099,3,5.503,4,5.998,255,0,0,0,0
1671457552657,47,295894,6,4.317,-3.674,0.000,1,4.894,2,4.099,3,5.503,4,5.998,255,0,0,0,0
1671457552702,45,295939,6,4.317,-3.674,0.000,1,4.883,2,4.099,3,5.506,4,5.998,255,0,0,0,0
1671457552763,61,296000,6,4.317,-3.674,0.000,1,4.883,2,4.099,3,5.506,4,5.998,255,0,0,0,0
1671457552795,32,296032,6,4.388,-3.671,0.000,1,4.844,2,4.094,3,5.498,4,5.998,255,0,0,0,0
1671457552886,91,296123,6,4.388,-3.671,0.000,1,4.844,2,4.094,3,5.498,4,5.998,255,0,0,0,0
1671457552886,0,296123,6,4.388,-3.671,0.000,1,4.844,2,4.094,3,5.498,4,5.998,255,0,0,0,0
1671457552916,30,296153,6,4.388,-3.671,0.000,1,4.844,2,4.094,3,5.498,4,5.998,255,0,0,0,0
1671457552977,61,296214,6,4.394,-3.675,0.000,1,4.878,2,4.091,3,5.498,4,5.998,255,0,0,0,0
1671457553008,31,296245,6,4.394,-3.675,0.000,1,4.878,2,4.091,3,5.498,4,5.998,255,0,0,0,0
1671457553068,60,296305,6,4.341,-3.669,0.000,1,4.878,2,4.097,3,5.498,4,5.998,255,0,0,0,0
1671457553097,29,296334,6,4.341,-3.669,0.000,1,4.878,2,4.097,3,5.500,4,5.998,255,0,0,0,0
1671457553097,0,296334,6,4.341,-3.669,0.000,1,4.878,2,4.097,3,5.500,4,5.998,255,0,0,0,0
1671457553124,27,296361,6,4.313,-3.672,0.000,1,4.878,2,4.097,3,5.500,4,5.998,255,0,0,0,0
1671457553157,33,296394,6,4.313,-3.672,0.000,1,4.878,2,4.097,3,5.500,4,5.998,255,0,0,0,0
1671457553203,46,296440,6,4.313,-3.672,0.000,1,4.878,2,4.110,3,5.506,4,5.998,255,0,0,0,0
1671457553235,32,296472,6,4.387,-3.669,0.000,1,4.878,2,4.110,3,5.506,4,5.998,255,0,0,0,0
1671457553249,14,296486,6,4.387,-3.669,0.000,1,4.878,2,4.110,3,5.506,4,5.998,255,0,0,0,0
1671457553249,0,296486,6,4.387,-3.669,0.000,1,4.878,2,4.110,3,5.506,4,5.998,255,0,0,0,0
1671457553280,31,296517,6,4.387,-3.669,0.000,1,4.878,2,4.110,3,5.506,4,5.998,255,0,0,0,0
1671457553354,74,296591,6,4.387,-3.669,0.000,1,4.878,2,4.110,3,5.506,4,5.998,255,0,0,0,0
1671457553390,36,296627,6,4.332,-3.496,0.000,1,4.883,2,4.119,3,5.506,4,5.998,255,0,0,0,0
1671457553446,56,296683,6,4.332,-3.496,0.000,1,4.883,2,4.119,3,5.506,4,5.998,255,0,0,0,0
1671457553461,15,296698,6,4.332,-3.496,0.000,1,4.883,2,4.088,3,5.506,4,5.998,255,0,0,0,0
1671457553461,0,296698,6,4.332,-3.496,0.000,1,4.883,2,4.088,3,5.506,4,5.998,255,0,0,0,0
1671457553502,41,296739,6,4.324,-3.637,0.000,1,4.883,2,4.088,3,5.506,4,5.998,255,0,0,0,0
1671457553567,65,296804,6,4.324,-3.637,0.000,1,4.883,2,4.088,3,5.506,4,5.998,255,0,0,0,0
1671457553609,42,296846,6,4.324,-3.637,0.000,1,4.886,2,4.108,3,5.506,4,5.998,255,0,0,0,0
1671457553658,49,296895,6,4.395,-3.687,0.000,1,4.886,2,4.108,3,5.506,4,5.998,255,0,0,0,0
1671457553717,59,296954,6,4.395,-3.687,0.000,1,4.878,2,4.110,3,5.506,4,5.998,255,0,0,0,0
1671457553717,0,296954,6,4.395,-3.687,0.000,1,4.878,2,4.110,3,5.506,4,5.998,255,0,0,0,0
1671457553764,47,297001,6,4.395,-3.687,0.000,1,4.878,2,4.110,3,5.506,4,5.998,255,0,0,0,0
1671457553826,62,297063,6,4.318,-3.669,0.000,1,4.842,2,4.113,3,5.500,4,5.998,255,0,0,0,0
1671457553885,59,297122,6,4.318,-3.669,0.000,1,4.842,2,4.113,3,5.500,4,5.998,255,0,0,0,0
1671457553900,15,297137,6,4.318,-3.669,0.000,1,4.842,2,4.113,3,5.500,4,5.998,255,0,0,0,0
1671457553976,76,297213,6,4.318,-3.669,0.000,1,4.878,2,4.108,3,5.500,4,5.998,255,0,0,0,0
1671457553977,1,297214,6,4.340,-3.661,0.000,1,4.878,2,4.108,3,5.500,4,5.998,255,0,0,0,0
1671457554002,25,297239,6,4.340,-3.661,0.000,1,4.878,2,4.108,3,5.500,4,5.998,255,0,0,0,0
1671457554043,41,297280,6,4.347,-3.652,0.000,1,4.880,2,4.110,3,5.500,4,5.998,255,0,0,0,0
1671457554067,24,297304,6,4.347,-3.652,0.000,1,4.880,2,4.110,3,5.484,4,5.998,255,0,0,0,0
1671457554111,44,297348,6,4.330,-3.657,0.000,1,4.880,2,4.110,3,5.484,4,5.998,255,0,0,0,0
1671457554217,106,297454,6,4.330,-3.657,0.000,1,4.880,2,4.110,3,5.484,4,5.998,255,0,0,0,0
1671457554217,0,297454,6,4.330,-3.657,0.000,1,4.880,2,4.110,3,5.484,4,5.998,255,0,0,0,0
1671457554233,16,297470,6,4.330,-3.657,0.000,1,4.883,2,4.105,3,5.506,4,5.998,255,0,0,0,0
1671457554295,62,297532,6,4.330,-3.657,0.000,1,4.883,2,4.105,3,5.506,4,5.998,255,0,0,0,0
1671457554327,32,297564,6,4.328,-3.631,0.000,1,4.883,2,4.105,3,5.506,4,5.998,255,0,0,0,0
1671457554342,15,297579,6,4.328,-3.631,0.000,1,4.883,2,4.105,3,5.506,4,5.998,255,0,0,0,0
1671457554372,30,297609,6,4.328,-3.631,0.000,1,4.883,2,4.105,3,5.506,4,5.998,255,0,0,0,0
1671457554373,1,297610,6,4.326,-3.603,0.000,1,4.883,2,4.105,3,5.506,4,5.998,255,0,0,0,0
1671457554449,76,297686,6,4.326,-3.603,0.000,1,4.883,2,4.105,3,5.506,4,5.998,255,0,0,0,0
1671457554479,30,297716,6,4.326,-3.603,0.000,1,4.878,2,4.105,3,5.506,4,5.998,255,0,0,0,0
1671457554540,61,297777,6,4.324,-3.482,0.000,1,4.878,2,4.105,3,5.506,4,5.998,255,0,0,0,0
1671457554572,32,297809,6,4.324,-3.482,0.000,1,4.878,2,4.099,3,5.503,4,5.998,255,0,0,0,0
1671457554602,30,297839,6,4.324,-3.482,0.000,1,4.878,2,4.099,3,5.503,4,5.998,255,0,0,0,0
1671457554602,0,297839,6,4.324,-3.482,0.000,1,4.878,2,4.099,3,5.503,4,5.998,255,0,0,0,0
1671457554658,56,297895,6,4.327,-3.686,0.000,1,4.878,2,4.099,3,5.503,4,5.998,255,0,0,0,0
1671457554678,20,297915,6,4.327,-3.686,0.000,1,4.883,2,4.094,3,5.503,4,5.998,255,0,0,0,0
1671457554740,62,297977,6,4.327,-3.686,0.000,1,4.883,2,4.094,3,5.503,4,5.998,255,0,0,0,0
1671457554767,27,298004,6,4.316,-3.491,0.000,1,4.883,2,4.094,3,5.503,4,5.998,255,0,0,0,0
1671457554808,41,298045,6,4.316,-3.491,0.000,1,4.880,2,4.105,3,5.509,4,5.998,255,0,0,0,0
1671457554808,0,298045,6,4.316,-3.491,0.000,1,4.880,2,4.105,3,5.509,4,5.998,255,0,0,0,0
1671457554831,23,298068,6,4.316,-3.491,0.000,1,4.880,2,4.105,3,5.509,4,5.998,255,0,0,0,0
1671457554892,61,298129,6,4.388,-3.658,0.000,1,4.880,2,4.105,3,5.509,4,5.998,255,0,0,0,0
1671457554953,61,298190,6,4.388,-3.658,0.000,1,4.880,2,4.105,3,5.509,4,5.998,255,0,0,0,0
1671457554998,45,298235,6,4.388,-3.658,0.000,1,4.880,2,4.102,3,5.509,4,5.998,255,0,0,0,0
1671457555075,77,298312,6,4.388,-3.658,0.000,1,4.880,2,4.102,3,5.509,4,5.998,255,0,0,0,0
1671457555075,0,298312,6,4.388,-3.658,0.000,1,4.880,2,4.102,3,5.509,4,5.998,255,0,0,0,0
1671457555108,33,298345,6,4.340,-3.673,0.000,1,4.867,2,4.110,3,5.509,4,6.003,255,0,0,0,0
1671457555168,60,298405,6,4.340,-3.673,0.000,1,4.867,2,4.110,3,5.509,4,6.003,255,0,0,0,0
1671457555199,31,298436,6,4.391,-3.686,0.000,1,4.880,2,4.108,3,5.517,4,6.003,255,0,0,0,0
1671457555243,44,298480,6,4.391,-3.686,0.000,1,4.880,2,4.108,3,5.517,4,6.003,255,0,0,0,0
1671457555274,31,298511,6,4.391,-3.686,0.000,1,4.880,2,4.108,3,5.517,4,6.003,255,0,0,0,0
1671457555275,1,298512,6,4.360,-3.643,0.000,1,4.880,2,4.108,3,5.517,4,6.003,255,0,0,0,0
1671457555320,45,298557,6,4.360,-3.643,0.000,1,4.880,2,4.099,3,5.489,4,5.998,255,0,0,0,0
1671457555382,62,298619,6,4.360,-3.643,0.000,1,4.880,2,4.099,3,5.489,4,5.998,255,0,0,0,0
1671457555413,31,298650,6,4.331,-3.702,0.000,1,4.880,2,4.099,3,5.489,4,5.998,255,0,0,0,0
1671457555443,30,298680,6,4.331,-3.702,0.000,1,4.880,2,4.102,3,5.514,4,5.998,255,0,0,0,0
1671457555474,31,298711,6,4.331,-3.702,0.000,1,4.880,2,4.102,3,5.514,4,5.998,255,0,0,0,0
1671457555474,0,298711,6,4.331,-3.702,0.000,1,4.880,2,4.102,3,5.514,4,5.998,255,0,0,0,0
1671457555531,57,298768,6,4.312,-3.481,0.000,1,4.880,2,4.102,3,5.514,4,5.998,255,0,0,0,0
1671457555550,19,298787,6,4.312,-3.481,0.000,1,4.880,2,4.099,3,5.514,4,5.998,255,0,0,0,0
1671457555610,60,298847,6,4.312,-3.481,0.000,1,4.880,2,4.099,3,5.514,4,5.998,255,0,0,0,0
1671457555639,29,298876,6,4.401,-3.686,0.000,1,4.880,2,4.099,3,5.514,4,5.998,255,0,0,0,0
1671457555655,16,298892,6,4.401,-3.686,0.000,1,4.883,2,4.102,3,5.514,4,5.998,255,0,0,0,0
1671457555655,0,298892,6,4.401,-3.686,0.000,1,4.883,2,4.102,3,5.514,4,5.998,255,0,0,0,0
1671457555700,45,298937,6,4.401,-3.686,0.000,1,4.883,2,4.102,3,5.514,4,5.998,255,0,0,0,0
1671457555765,65,299002,6,4.333,-3.516,0.000,1,4.883,2,4.102,3,5.514,4,5.998,255,0,0,0,0
1671457555794,29,299031,6,4.333,-3.516,0.000,1,4.883,2,4.099,3,5.514,4,5.998,255,0,0,0,0
1671457555869,75,299106,6,4.333,-3.516,0.000,1,4.883,2,4.099,3,5.514,4,5.998,255,0,0,0,0
1671457555903,34,299140,6,4.333,-3.516,0.000,1,4.883,2,4.099,3,5.514,4,5.998,255,0,0,0,0
1671457555903,0,299140,6,4.333,-3.516,0.000,1,4.883,2,4.099,3,5.514,4,5.998,255,0,0,0,0
1671457555970,67,299207,6,4.322,-3.487,0.000,1,4.880,2,4.097,3,5.506,4,5.998,255,0,0,0,0
1671457556013,43,299250,6,4.322,-3.487,0.000,1,4.880,2,4.097,3,5.506,4,5.998,255,0,0,0,0
1671457556034,21,299271,6,4.322,-3.487,0.000,1,4.880,2,4.097,3,5.506,4,5.998,255,0,0,0,0
1671457556079,45,299316,6,4.322,-3.487,0.000,1,4.880,2,4.099,3,5.489,4,5.998,255,0,0,0,0
1671457556124,45,299361,6,4.322,-3.487,0.000,1,4.880,2,4.099,3,5.489,4,5.998,255,0,0,0,0
1671457556125,1,299362,6,4.359,-3.584,0.000,1,4.880,2,4.099,3,5.489,4,5.998,255,0,0,0,0
1671457556155,30,299392,6,4.359,-3.584,0.000,1,4.880,2,4.099,3,5.489,4,5.998,255,0,0,0,0
1671457556201,46,299438,6,4.359,-3.584,0.000,1,4.878,2,4.099,3,5.506,4,5.998,255,0,0,0,0
1671457556262,61,299499,6,4.359,-3.584,0.000,1,4.878,2,4.099,3,5.506,4,5.998,255,0,0,0,0
1671457556294,32,299531,6,4.366,-3.601,0.000,1,4.878,2,4.102,3,5.506,4,5.998,255,0,0,0,0
1671457556355,61,299592,6,4.366,-3.601,0.000,1,4.878,2,4.102,3,5.514,4,5.998,255,0,0,0,0
1671457556355,0,299592,6,4.366,-3.601,0.000,1,4.878,2,4.102,3,5.514,4,5.998,255,0,0,0,0
1671457556385,30,299622,6,4.366,-3.601,0.000,1,4.878,2,4.102,3,5.514,4,5.998,255,0,0,0,0
1671457556409,24,299646,6,4.373,-3.618,0.000,1,4.880,2,4.099,3,5.514,4,5.998,255,0,0,0,0
1671457556449,40,299686,6,4.373,-3.618,0.000,1,4.880,2,4.099,3,5.514,4,5.998,255,0,0,0,0
1671457556477,28,299714,6,4.398,-3.680,0.000,1,4.880,2,4.099,3,5.514,4,5.998,255,0,0,0,0
1671457556509,32,299746,6,4.398,-3.680,0.000,1,4.880,2,4.099,3,5.514,4,5.998,255,0,0,0,0
1671457556509,0,299746,6,4.398,-3.680,0.000,1,4.880,2,4.099,3,5.514,4,5.998,255,0,0,0,0
1671457556524,15,299761,6,4.398,-3.680,0.000,1,4.883,2,4.099,3,5.514,4,5.998,255,0,0,0,0
1671457556571,47,299808,6,4.398,-3.680,0.000,1,4.883,2,4.099,3,5.514,4,5.998,255,0,0,0,0
1671457556602,31,299839,6,4.400,-3.689,0.000,1,4.883,2,4.099,3,5.514,4,5.998,255,0,0,0,0
1671457556647,45,299884,6,4.400,-3.689,0.000,1,4.883,2,4.099,3,5.514,4,5.998,255,0,0,0,0
1671457556707,60,299944,6,4.400,-3.689,0.000,1,4.883,2,4.099,3,5.514,4,5.998,255,0,0,0,0
1671457556707,0,299944,6,4.400,-3.689,0.000,1,4.883,2,4.099,3,5.514,4,5.998,255,0,0,0,0
1671457556735,28,299972,6,4.400,-3.689,0.000,1,4.883,2,4.099,3,5.514,4,5.998,255,0,0,0,0
1671457556752,17,299989,6,4.399,-3.684,0.000,1,4.883,2,4.102,3,5.514,4,5.998,255,0,0,0,0
1671457556782,30,300019,6,4.399,-3.684,0.000,1,4.883,2,4.102,3,5.514,4,5.998,255,0,0,0,0
1671457556884,102,300121,6,4.399,-3.684,0.000,1,4.883,2,4.102,3,5.514,4,5.998,255,0,0,0,0
1671457556905,21,300142,6,4.399,-3.684,0.000,1,4.883,2,4.102,3,5.514,4,5.998,255,0,0,0,0
1671457556906,1,300143,6,4.400,-3.687,0.000,1,4.883,2,4.102,3,5.514,4,5.998,255,0,0,0,0
1671457556952,46,300189,6,4.400,-3.687,0.000,1,4.878,2,4.097,3,5.511,4,5.998,255,0,0,0,0
1671457556997,45,300234,6,4.400,-3.687,0.000,1,4.878,2,4.097,3,5.511,4,5.998,255,0,0,0,0
1671457557028,31,300265,6,4.384,-3.650,0.000,1,4.878,2,4.097,3,5.511,4,5.998,255,0,0,0,0
1671457557072,44,300309,6,4.384,-3.650,0.000,1,4.883,2,4.099,3,5.514,4,5.998,255,0,0,0,0
1671457557133,61,300370,6,4.384,-3.650,0.000,1,4.883,2,4.099,3,5.514,4,5.998,255,0,0,0,0
1671457557133,0,300370,6,4.384,-3.650,0.000,1,4.883,2,4.099,3,5.514,4,5.998,255,0,0,0,0
1671457557163,30,300400,6,4.331,-3.489,0.000,1,4.880,2,4.099,3,5.514,4,5.998,255,0,0,0,0
1671457557388,225,300625,6,4.331,-3.489,0.000,1,4.880,2,4.102,3,5.506,4,5.998,255,0,0,0,0
1671457557451,63,300688,6,4.331,-3.489,0.000,1,4.878,2,4.119,3,5.506,4,5.998,255,0,0,0,0
1671457557482,31,300719,6,4.322,-3.664,0.000,1,4.878,2,4.119,3,5.506,4,5.998,255,0,0,0,0
1671457557482,0,300719,6,4.322,-3.664,0.000,1,4.878,2,4.119,3,5.506,4,5.998,255,0,0,0,0
1671457557513,31,300750,6,4.322,-3.664,0.000,1,4.878,2,4.119,3,5.506,4,5.998,255,0,0,0,0
1671457557590,77,300827,6,4.318,-3.504,0.000,1,4.883,2,4.121,3,5.506,4,5.998,255,0,0,0,0
1671457557620,30,300857,6,4.318,-3.504,0.000,1,4.883,2,4.121,3,5.514,4,5.998,255,0,0,0,0
1671457557654,34,300891,6,4.326,-3.481,0.000,1,4.883,2,4.121,3,5.514,4,5.998,255,0,0,0,0
1671457557711,57,300948,6,4.326,-3.481,0.000,1,4.883,2,4.121,3,5.514,4,5.998,255,0,0,0,0
1671457557711,0,300948,6,4.326,-3.481,0.000,1,4.883,2,4.121,3,5.514,4,5.998,255,0,0,0,0
1671457557727,16,300964,6,4.326,-3.481,0.000,1,4.878,2,4.121,3,5.509,4,5.998,255,0,0,0,0
1671457557764,37,301001,6,4.397,-3.648,0.000,1,4.878,2,4.121,3,5.509,4,5.998,255,0,0,0,0
1671457557833,69,301070,6,4.397,-3.648,0.000,1,4.878,2,4.121,3,5.509,4,5.998,255,0,0,0,0
1671457557860,27,301097,6,4.340,-3.656,0.000,1,4.880,2,4.119,3,5.511,4,5.998,255,0,0,0,0
1671457557880,20,301117,6,4.340,-3.656,0.000,1,4.880,2,4.119,3,5.511,4,5.998,255,0,0,0,0
1671457557880,0,301117,6,4.340,-3.656,0.000,1,4.880,2,4.119,3,5.511,4,5.998,255,0,0,0,0
1671457557956,76,301193,6,4.340,-3.656,0.000,1,4.880,2,4.119,3,5.511,4,5.998,255,0,0,0,0
1671457558017,61,301254,6,4.340,-3.656,0.000,1,4.880,2,4.119,3,5.511,4,5.998,255,0,0,0,0
1671457558095,78,301332,6,4.400,-3.677,0.000,1,4.883,2,4.108,3,5.506,4,5.998,255,0,0,0,0
1671457558123,28,301360,6,4.400,-3.677,0.000,1,4.883,2,4.108,3,5.506,4,5.998,255,0,0,0,0
1671457558168,45,301405,6,4.400,-3.677,0.000,1,4.883,2,4.108,3,5.506,4,5.998,255,0,0,0,0
1671457558168,0,301405,6,4.400,-3.677,0.000,1,4.883,2,4.108,3,5.506,4,5.998,255,0,0,0,0
1671457558230,62,301467,6,4.335,-3.500,0.000,1,4.883,2,4.110,3,5.506,4,5.989,255,0,0,0,0
1671457558260,30,301497,6,4.335,-3.500,0.000,1,4.883,2,4.110,3,5.506,4,5.989,255,0,0,0,0
1671457558322,62,301559,6,4.326,-3.656,0.000,1,4.883,2,4.110,3,5.506,4,5.989,255,0,0,0,0
1671457558352,30,301589,6,4.326,-3.656,0.000,1,4.880,2,4.108,3,5.506,4,5.998,255,0,0,0,0
1671457558373,21,301610,6,4.326,-3.656,0.000,1,4.880,2,4.108,3,5.506,4,5.998,255,0,0,0,0
1671457558373,0,301610,6,4.345,-3.614,0.000,1,4.880,2,4.108,3,5.506,4,5.998,255,0,0,0,0
1671457558419,46,301656,6,4.345,-3.614,0.000,1,4.880,2,4.108,3,5.506,4,5.998,255,0,0,0,0
1671457558458,39,301695,6,4.345,-3.614,0.000,1,4.883,2,4.102,3,5.506,4,5.998,255,0,0,0,0
1671457558487,29,301724,6,4.391,-3.659,0.000,1,4.883,2,4.102,3,5.506,4,5.998,255,0,0,0,0
1671457558527,40,301764,6,4.391,-3.659,0.000,1,4.883,2,4.102,3,5.506,4,5.998,255,0,0,0,0
1671457558549,22,301786,6,4.391,-3.659,0.000,1,4.883,2,4.105,3,5.503,4,5.998,255,0,0,0,0
1671457558549,0,301786,6,4.391,-3.659,0.000,1,4.883,2,4.105,3,5.503,4,5.998,255,0,0,0,0
1671457558579,30,301816,6,4.391,-3.659,0.000,1,4.883,2,4.105,3,5.503,4,5.998,255,0,0,0,0
1671457558642,63,301879,6,4.396,-3.672,0.000,1,4.883,2,4.105,3,5.503,4,5.998,255,0,0,0,0
1671457558671,29,301908,6,4.396,-3.672,0.000,1,4.880,2,4.083,3,5.498,4,5.998,255,0,0,0,0
1671457558716,45,301953,6,4.396,-3.672,0.000,1,4.880,2,4.083,3,5.498,4,6.009,255,0,0,0,0
1671457558748,32,301985,6,4.396,-3.672,0.000,1,4.880,2,4.083,3,5.498,4,6.009,255,0,0,0,0
1671457558748,0,301985,6,4.396,-3.672,0.000,1,4.880,2,4.083,3,5.498,4,6.009,255,0,0,0,0
1671457558823,75,302060,6,4.392,-3.666,0.000,1,4.880,2,4.083,3,5.498,4,6.009,255,0,0,0,0
1671457558882,59,302119,6,4.392,-3.666,0.000,1,4.891,2,4.099,3,5.506,4,5.998,255,0,0,0,0
1671457558912,30,302149,6,4.321,-3.679,0.000,1,4.891,2,4.099,3,5.506,4,5.998,255,0,0,0,0
1671457558962,50,302199,6,4.321,-3.679,0.000,1,4.891,2,4.099,3,5.506,4,5.998,255,0,0,0,0
1671457558988,26,302225,6,4.321,-3.679,0.000,1,4.891,2,4.099,3,5.506,4,5.998,255,0,0,0,0
1671457558988,0,302225,6,4.321,-3.679,0.000,1,4.891,2,4.099,3,5.506,4,5.998,255,0,0,0,0
1671457559019,31,302256,6,4.372,-3.674,0.000,1,4.891,2,4.099,3,5.506,4,5.998,255,0,0,0,0
1671457559095,76,302332,6,4.372,-3.674,0.000,1,4.891,2,4.099,3,5.506,4,5.998,255,0,0,0,0
1671457559141,46,302378,6,4.372,-3.674,0.000,1,4.880,2,4.102,3,5.514,4,5.998,255,0,0,0,0
1671457559156,15,302393,6,4.361,-3.611,0.000,1,4.880,2,4.102,3,5.503,4,5.998,255,0,0,0,0
1671457559232,76,302469,6,4.361,-3.611,0.000,1,4.880,2,4.102,3,5.503,4,5.998,255,0,0,0,0
1671457559232,0,302469,6,4.361,-3.611,0.000,1,4.880,2,4.102,3,5.503,4,5.998,255,0,0,0,0
1671457559264,32,302501,6,4.329,-3.484,0.000,1,4.880,2,4.102,3,5.503,4,5.998,255,0,0,0,0
1671457559324,60,302561,6,4.329,-3.484,0.000,1,4.883,2,4.077,3,5.503,4,5.998,255,0,0,0,0
1671457559354,30,302591,6,4.329,-3.484,0.000,1,4.883,2,4.077,3,5.503,4,5.998,255,0,0,0,0
1671457559405,51,302642,6,4.319,-3.653,0.000,1,4.883,2,4.077,3,5.503,4,5.998,255,0,0,0,0
1671457559431,26,302668,6,4.319,-3.653,0.000,1,4.883,2,4.097,3,5.514,4,5.998,255,0,0,0,0
1671457559431,0,302668,6,4.319,-3.653,0.000,1,4.883,2,4.097,3,5.514,4,5.998,255,0,0,0,0
1671457559461,30,302698,6,4.319,-3.653,0.000,1,4.883,2,4.097,3,5.514,4,5.998,255,0,0,0,0
1671457559509,48,302746,6,4.388,-3.697,0.000,1,4.883,2,4.097,3,5.514,4,5.998,255,0,0,0,0
1671457559537,28,302774,6,4.388,-3.697,0.000,1,4.883,2,4.097,3,5.514,4,5.998,255,0,0,0,0
1671457559577,40,302814,6,4.388,-3.697,0.000,1,4.883,2,4.102,3,5.514,4,5.998,255,0,0,0,0
1671457559624,47,302861,6,4.388,-3.697,0.000,1,4.883,2,4.102,3,5.514,4,5.998,255,0,0,0,0
1671457559624,0,302861,6,4.388,-3.697,0.000,1,4.883,2,4.102,3,5.514,4,5.998,255,0,0,0,0
1671457559645,21,302882,6,4.343,-3.621,0.000,1,4.883,2,4.102,3,5.514,4,5.998,255,0,0,0,0
1671457559675,30,302912,6,4.343,-3.621,0.000,1,4.883,2,4.094,3,5.514,4,5.998,255,0,0,0,0
1671457559736,61,302973,6,4.343,-3.621,0.000,1,4.883,2,4.094,3,5.514,4,5.998,255,0,0,0,0
1671457559767,31,303004,6,4.323,-3.687,0.000,1,4.883,2,4.094,3,5.514,4,5.998,255,0,0,0,0
1671457559796,29,303033,6,4.323,-3.687,0.000,1,4.847,2,4.094,3,5.506,4,5.998,255,0,0,0,0
1671457559796,0,303033,6,4.323,-3.687,0.000,1,4.847,2,4.094,3,5.506,4,5.998,255,0,0,0,0
1671457559828,32,303065,6,4.323,-3.687,0.000,1,4.847,2,4.094,3,5.506,4,5.998,255,0,0,0,0
1671457559887,59,303124,6,4.320,-3.508,0.000,1,4.847,2,4.094,3,5.506,4,5.998,255,0,0,0,0
1671457559917,30,303154,6,4.320,-3.508,0.000,1,4.847,2,4.094,3,5.506,4,5.998,255,0,0,0,0
1671457559948,31,303185,6,4.320,-3.508,0.000,1,4.847,2,4.094,3,5.506,4,5.998,255,0,0,0,0
1671457559977,29,303214,6,4.320,-3.508,0.000,1,4.883,2,4.097,3,5.506,4,5.998,255,0,0,0,0
1671457559977,0,303214,6,4.320,-3.508,0.000,1,4.883,2,4.097,3,5.506,4,5.998,255,0,0,0,0
1671457560008,31,303245,6,4.375,-3.633,0.000,1,4.883,2,4.097,3,5.506,4,5.998,255,0,0,0,0
1671457560022,14,303259,6,4.375,-3.633,0.000,1,4.883,2,4.097,3,5.506,4,5.998,255,0,0,0,0
1671457560059,37,303296,6,4.375,-3.633,0.000,1,4.883,2,4.097,3,5.506,4,5.998,255,0,0,0,0
1671457560084,25,303321,6,4.395,-3.676,0.000,1,4.883,2,4.097,3,5.506,4,5.998,255,0,0,0,0
1671457560131,47,303368,6,4.395,-3.676,0.000,1,4.883,2,4.097,3,5.506,4,5.998,255,0,0,0,0
1671457560131,0,303368,6,4.395,-3.676,0.000,1,4.883,2,4.097,3,5.506,4,5.998,255,0,0,0,0
1671457560206,75,303443,6,4.395,-3.676,0.000,1,4.880,2,4.108,3,5.506,4,5.998,255,0,0,0,0
1671457560235,29,303472,6,4.395,-3.676,0.000,1,4.880,2,4.108,3,5.506,4,5.998,255,0,0,0,0
1671457560252,17,303489,6,4.395,-3.676,0.000,1,4.880,2,4.108,3,5.506,4,5.998,255,0,0,0,0
1671457560328,76,303565,6,4.395,-3.676,0.000,1,4.880,2,4.108,3,5.506,4,5.998,255,0,0,0,0
1671457560359,31,303596,6,4.395,-3.676,0.000,1,4.894,2,4.108,3,5.492,4,5.998,255,0,0,0,0
1671457560359,0,303596,6,4.395,-3.676,0.000,1,4.894,2,4.108,3,5.492,4,5.998,255,0,0,0,0
1671457560423,64,303660,6,4.401,-3.680,0.000,1,4.894,2,4.108,3,5.492,4,5.998,255,0,0,0,0
1671457560451,28,303688,6,4.401,-3.680,0.000,1,4.883,2,4.072,3,5.511,4,5.998,255,0,0,0,0
1671457560498,47,303735,6,4.401,-3.680,0.000,1,4.883,2,4.072,3,5.511,4,5.998,255,0,0,0,0
1671457560671,173,303908,6,4.316,-3.458,0.000,1,4.883,2,4.072,3,5.511,4,5.998,255,0,0,0,0
1671457560672,1,303909,6,4.316,-3.458,0.000,1,4.883,2,4.072,3,5.511,4,5.998,255,0,0,0,0
1671457560736,64,303973,6,4.316,-3.458,0.000,1,4.880,2,4.108,3,5.503,4,5.998,255,0,0,0,0
1671457560767,31,304004,6,4.316,-3.458,0.000,1,4.880,2,4.108,3,5.503,4,5.998,255,0,0,0,0
1671457560843,76,304080,6,4.341,-3.649,0.000,1,4.880,2,4.110,3,5.503,4,5.998,255,0,0,0,0
1671457560905,62,304142,6,4.355,-3.661,0.000,1,4.880,2,4.110,3,5.506,4,5.998,255,0,0,0,0
1671457560950,45,304187,6,4.355,-3.661,0.000,1,4.880,2,4.110,3,5.506,4,5.998,255,0,0,0,0
1671457560950,0,304187,6,4.350,-3.661,0.000,1,4.880,2,4.110,3,5.506,4,5.998,255,0,0,0,0
1671457560980,30,304217,6,4.350,-3.661,0.000,1,4.880,2,4.110,3,5.506,4,5.998,255,0,0,0,0
1671457561012,32,304249,6,4.332,-3.699,0.000,1,4.883,2,4.110,3,5.506,4,5.998,255,0,0,0,0
1671457561052,40,304289,6,4.332,-3.699,0.000,1,4.883,2,4.110,3,5.506,4,5.998,255,0,0,0,0
1671457561089,37,304326,6,4.332,-3.699,0.000,1,4.883,2,4.097,3,5.506,4,5.998,255,0,0,0,0
1671457561112,23,304349,6,4.332,-3.699,0.000,1,4.883,2,4.097,3,5.506,4,5.998,255,0,0,0,0
1671457561113,1,304350,6,4.340,-3.595,0.000,1,4.883,2,4.097,3,5.506,4,5.998,255,0,0,0,0
1671457561119,6,304356,6,4.340,-3.595,0.000,1,4.883,2,4.097,3,5.506,4,5.998,255,0,0,0,0
1671457561155,36,304392,6,4.340,-3.595,0.000,1,4.883,2,4.097,3,5.506,4,5.998,255,0,0,0,0
1671457561179,24,304416,6,4.340,-3.595,0.000,1,4.883,2,4.097,3,5.506,4,5.998,255,0,0,0,0
1671457561224,45,304461,6,4.392,-3.669,0.000,1,4.883,2,4.097,3,5.506,4,5.998,255,0,0,0,0
1671457561284,60,304521,6,4.392,-3.669,0.000,1,4.883,2,4.097,3,5.506,4,5.998,255,0,0,0,0
1671457561284,0,304521,6,4.392,-3.669,0.000,1,4.883,2,4.097,3,5.506,4,5.998,255,0,0,0,0
1671457561331,47,304568,6,4.392,-3.669,0.000,1,4.883,2,4.108,3,5.511,4,5.998,255,0,0,0,0
1671457561345,14,304582,6,4.392,-3.669,0.000,1,4.883,2,4.108,3,5.511,4,5.998,255,0,0,0,0
1671457561406,61,304643,3,0.003,0.000,2.220,255,0,0,0,0
1671457561406,0,304643,4,9.390,0.000,2.220,255,0,0,0,0
1671457561406,0,304643,6,4.392,-3.669,0.000,1,4.883,2,4.108,3,5.511,4,5.998,255,0,0,0,0
1671457561406,0,304643,1,9.390,-3.685,2.220,255,0,0,0,0
1671457561406,0,304643,2,0.003,-3.685,2.220,255,0,0,0,0
1671457561452,46,304689,6,4.392,-3.669,0.000,1,4.880,2,4.108,3,5.506,4,5.998,255,0,0,0,0
1671457561514,62,304751,6,4.392,-3.669,0.000,1,4.880,2,4.108,3,5.506,4,5.998,255,0,0,0,0
1671457561514,0,304751,6,4.392,-3.669,0.000,1,4.880,2,4.108,3,5.506,4,5.998,255,0,0,0,0
1671457561546,32,304783,6,4.369,-3.669,0.000,1,4.880,2,4.108,3,5.506,4,5.998,255,0,0,0,0
1671457561605,59,304842,6,4.369,-3.669,0.000,1,4.880,2,4.113,3,5.511,4,5.998,255,0,0,0,0
1671457561636,31,304873,6,4.369,-3.669,0.000,1,4.880,2,4.113,3,5.511,4,5.998,255,0,0,0,0
1671457561728,92,304965,6,4.394,-3.665,0.000,1,4.883,2,4.119,3,5.517,4,5.998,255,0,0,0,0
1671457561728,0,304965,6,4.394,-3.665,0.000,1,4.883,2,4.119,3,5.517,4,5.998,255,0,0,0,0
1671457561758,30,304995,6,4.394,-3.665,0.000,1,4.883,2,4.119,3,5.517,4,5.998,255,0,0,0,0
1671457561806,48,305043,6,4.398,-3.668,0.000,1,4.883,2,4.119,3,5.517,4,5.998,255,0,0,0,0
1671457561833,27,305070,6,4.398,-3.668,0.000,1,4.886,2,4.116,3,5.517,4,5.998,255,0,0,0,0
1671457561879,46,305116,6,4.402,-3.669,0.000,1,4.886,2,4.116,3,5.517,4,5.998,255,0,0,0,0
1671457561909,30,305146,6,4.402,-3.669,0.000,1,4.886,2,4.116,3,5.517,4,5.998,255,0,0,0,0
1671457561910,1,305147,6,4.402,-3.669,0.000,1,4.886,2,4.116,3,5.517,4,5.998,255,0,0,0,0
1671457561982,72,305219,6,4.402,-3.669,0.000,1,4.878,2,4.119,3,5.506,4,5.998,255,0,0,0,0
1671457562001,19,305238,6,4.402,-3.669,0.000,1,4.878,2,4.119,3,5.506,4,5.998,255,0,0,0,0
1671457562079,78,305316,6,4.406,-3.684,0.000,1,4.878,2,4.119,3,5.506,4,5.998,255,0,0,0,0
1671457562108,29,305345,6,4.406,-3.684,0.000,1,4.883,2,4.110,3,5.514,4,5.998,255,0,0,0,0
1671457562170,62,305407,6,4.406,-3.684,0.000,1,4.883,2,4.110,3,5.514,4,5.998,255,0,0,0,0
1671457562170,0,305407,6,4.389,-3.642,0.000,1,4.883,2,4.110,3,5.514,4,5.998,255,0,0,0,0
1671457562200,30,305437,6,4.389,-3.642,0.000,1,4.880,2,4.102,3,5.517,4,5.998,255,0,0,0,0
1671457562216,16,305453,6,4.389,-3.642,0.000,1,4.880,2,4.102,3,5.517,4,5.998,255,0,0,0,0
1671457562247,31,305484,6,4.398,-3.668,0.000,1,4.880,2,4.102,3,5.517,4,5.998,255,0,0,0,0
1671457562277,30,305514,6,4.398,-3.668,0.000,1,4.880,2,4.102,3,5.517,4,5.998,255,0,0,0,0
1671457562338,61,305575,6,4.398,-3.668,0.000,1,4.880,2,4.102,3,5.517,4,5.998,255,0,0,0,0
1671457562338,0,305575,6,4.398,-3.668,0.000,1,4.880,2,4.102,3,5.517,4,5.998,255,0,0,0,0
1671457562397,59,305634,6,4.402,-3.687,0.000,1,4.880,2,4.099,3,5.511,4,5.998,255,0,0,0,0
1671457562422,25,305659,6,4.402,-3.687,0.000,1,4.878,2,4.099,3,5.517,4,5.998,255,0,0,0,0
1671457562461,39,305698,6,4.402,-3.687,0.000,1,4.878,2,4.099,3,5.517,4,5.998,255,0,0,0,0
1671457562520,59,305757,6,4.402,-3.687,0.000,1,4.878,2,4.099,3,5.517,4,5.998,255,0,0,0,0
1671457562596,76,305833,6,4.402,-3.687,0.000,1,4.878,2,4.110,3,5.517,4,5.998,255,0,0,0,0
1671457562597,1,305834,6,4.374,-3.688,0.000,1,4.878,2,4.110,3,5.517,4,5.998,255,0,0,0,0
1671457562626,29,305863,6,4.374,-3.688,0.000,1,4.878,2,4.110,3,5.517,4,5.998,255,0,0,0,0
1671457562703,77,305940,6,4.374,-3.688,0.000,1,4.878,2,4.110,3,5.517,4,5.998,255,0,0,0,0
1671457562734,31,305971,6,4.330,-3.692,0.000,1,4.880,2,4.099,3,5.517,4,5.998,255,0,0,0,0
1671457562764,30,306001,6,4.330,-3.692,0.000,1,4.880,2,4.099,3,5.517,4,5.998,255,0,0,0,0
1671457562827,63,306064,6,4.330,-3.692,0.000,1,4.878,2,4.097,3,5.517,4,5.998,255,0,0,0,0
1671457562828,1,306065,6,4.338,-3.690,0.000,1,4.878,2,4.097,3,5.517,4,5.998,255,0,0,0,0
1671457562873,45,306110,6,4.338,-3.690,0.000,1,4.878,2,4.097,3,5.517,4,5.998,255,0,0,0,0
1671457562913,40,306150,6,4.326,-3.691,0.000,1,4.878,2,4.097,3,5.517,4,5.998,255,0,0,0,0
1671457562965,52,306202,6,4.326,-3.691,0.000,1,4.880,2,4.088,3,5.514,4,5.998,255,0,0,0,0
1671457563011,46,306248,6,4.326,-3.691,0.000,1,4.880,2,4.088,3,5.514,4,5.998,255,0,0,0,0
1671457563042,31,306279,6,4.326,-3.691,0.000,1,4.880,2,4.088,3,5.514,4,5.998,255,0,0,0,0
1671457563043,1,306280,6,4.347,-3.695,0.000,1,4.880,2,4.088,3,5.514,4,5.998,255,0,0,0,0
1671457563079,36,306316,6,4.347,-3.695,0.000,1,4.880,2,4.088,3,5.517,4,5.998,255,0,0,0,0
1671457563101,22,306338,6,4.347,-3.695,0.000,1,4.880,2,4.088,3,5.517,4,5.998,255,0,0,0,0
1671457563164,63,306401,6,4.396,-3.699,0.000,1,4.880,2,4.088,3,5.517,4,5.998,255,0,0,0,0
1671457563209,45,306446,6,4.396,-3.699,0.000,1,4.880,2,4.077,3,5.506,4,5.998,255,0,0,0,0
1671457563239,30,306476,6,4.396,-3.699,0.000,1,4.880,2,4.077,3,5.506,4,5.998,255,0,0,0,0
1671457563239,0,306476,6,4.396,-3.699,0.000,1,4.880,2,4.077,3,5.506,4,5.998,255,0,0,0,0
1671457563295,56,306532,6,4.403,-3.704,0.000,1,4.880,2,4.077,3,5.506,4,5.998,255,0,0,0,0
1671457563332,37,306569,6,4.403,-3.704,0.000,1,4.878,2,4.074,3,5.514,4,5.998,255,0,0,0,0
1671457563362,30,306599,6,4.403,-3.704,0.000,1,4.878,2,4.074,3,5.514,4,5.998,255,0,0,0,0
1671457563394,32,306631,6,4.395,-3.699,0.000,1,4.878,2,4.074,3,5.514,4,5.998,255,0,0,0,0
1671457563452,58,306689,6,4.395,-3.699,0.000,1,4.878,2,4.074,3,5.514,4,5.998,255,0,0,0,0
1671457563453,1,306690,6,4.395,-3.699,0.000,1,4.878,2,4.074,3,5.514,4,5.998,255,0,0,0,0
1671457563484,31,306721,6,4.395,-3.699,0.000,1,4.880,2,4.077,3,5.517,4,5.998,255,0,0,0,0
1671457563530,46,306767,6,4.414,-3.750,0.000,1,4.880,2,4.077,3,5.517,4,5.998,255,0,0,0,0
1671457563576,46,306813,6,4.414,-3.750,0.000,1,4.867,2,4.077,3,5.514,4,5.998,255,0,0,0,0
1671457563637,61,306874,6,4.414,-3.750,0.000,1,4.867,2,4.077,3,5.514,4,5.998,255,0,0,0,0
1671457563712,75,306949,6,4.414,-3.750,0.000,1,4.867,2,4.077,3,5.514,4,5.998,255,0,0,0,0
1671457563713,1,306950,6,4.387,-3.681,0.000,1,4.867,2,4.077,3,5.514,4,5.998,255,0,0,0,0
1671457563735,22,306972,6,4.387,-3.681,0.000,1,4.878,2,4.077,3,5.511,4,5.998,255,0,0,0,0
1671457563782,47,307019,6,4.387,-3.681,0.000,1,4.878,2,4.077,3,5.511,4,5.998,255,0,0,0,0
1671457563836,54,307073,6,4.398,-3.707,0.000,1,4.883,2,4.074,3,5.509,4,5.998,255,0,0,0,0
1671457563911,75,307148,6,4.398,-3.707,0.000,1,4.883,2,4.074,3,5.509,4,5.998,255,0,0,0,0
1671457563973,62,307210,6,4.398,-3.707,0.000,1,4.883,2,4.074,3,5.509,4,5.998,255,0,0,0,0
1671457563974,1,307211,6,4.398,-3.707,0.000,1,4.883,2,4.074,3,5.509,4,5.998,255,0,0,0,0
1671457564019,45,307256,6,4.398,-3.707,0.000,1,4.878,2,4.074,3,5.509,4,5.998,255,0,0,0,0
1671457564078,59,307315,6,4.398,-3.707,0.000,1,4.867,2,4.074,3,5.509,4,5.998,255,0,0,0,0
1671457564158,80,307395,6,4.397,-3.707,0.000,1,4.867,2,4.074,3,5.514,4,5.995,255,0,0,0,0
1671457564186,28,307423,6,4.397,-3.707,0.000,1,4.880,2,4.077,3,5.509,4,5.998,255,0,0,0,0
1671457564218,32,307455,6,4.397,-3.707,0.000,1,4.880,2,4.077,3,5.509,4,5.998,255,0,0,0,0
1671457564219,1,307456,6,4.397,-3.707,0.000,1,4.880,2,4.077,3,5.509,4,5.998,255,0,0,0,0
1671457564278,59,307515,6,4.397,-3.707,0.000,1,4.880,2,4.077,3,5.509,4,5.998,255,0,0,0,0
1671457564296,18,307533,6,4.375,-3.647,0.000,1,4.867,2,4.094,3,5.509,4,5.998,255,0,0,0,0
